127 8127
1 2 656
1 3 1556
1 4 1353
1 5 1661
1 6 991
1 7 418
1 8 1874
1 9 1397
1 10 1233
1 11 1276
1 12 1044
1 13 844
1 14 883
1 15 836
1 16 259
1 17 1476
1 18 2133
1 19 1612
1 20 1148
1 21 1561
1 22 1416
1 23 1402
1 24 1249
1 25 3322
1 26 2285
1 27 1774
1 28 3764
1 29 3793
1 30 1453
1 31 1628
1 32 4114
1 33 3528
1 34 1888
1 35 1166
1 36 1038
1 37 883
1 38 2320
1 39 2133
1 40 1724
1 41 1069
1 42 2320
1 43 1649
1 44 2167
1 45 2499
1 46 4153
1 47 3269
1 48 3536
1 49 3603
1 50 1050
1 51 1069
1 52 2091
1 53 3412
1 54 2065
1 55 3267
1 56 1982
1 57 1640
1 58 2625
1 59 3236
1 60 2678
1 61 2698
1 62 2865
1 63 9305
1 64 2708
1 65 5834
1 66 3396
1 67 2678
1 68 3603
1 69 5020
1 70 4537
1 71 4158
1 72 1870
1 73 2806
1 74 2738
1 75 4548
1 76 3507
1 77 2391
1 78 3382
1 79 2311
1 80 2480
1 81 4916
1 82 6809
1 83 6827
1 84 4698
1 85 7346
1 86 7489
1 87 7447
1 88 7631
1 89 6090
1 90 2349
1 91 2706
1 92 6406
1 93 4779
1 94 4518
1 95 4278
1 96 6705
1 97 5926
1 98 12004
1 99 7540
1 100 2139
1 101 11021
1 102 10723
1 103 2645
1 104 7007
1 105 591
1 106 883
1 107 9753
1 108 1094
1 109 6434
1 110 5852
1 111 6564
1 112 6149
1 113 3899
1 114 812
1 115 1100
1 116 2422
1 117 4111
1 118 3642
1 119 8622
1 120 820
1 121 1556
1 122 3641
1 123 4722
1 124 2346
1 125 5096
1 126 5911
1 127 6612
2 3 1870
2 4 1996
2 5 1166
2 6 1612
2 7 844
2 8 2491
2 9 1945
2 10 1358
2 11 1801
2 12 1578
2 13 778
2 14 1281
2 15 1486
2 16 625
2 17 2133
2 18 2789
2 19 2252
2 20 1805
2 21 2216
2 22 2065
2 23 2029
2 24 1870
2 25 3602
2 26 2594
2 27 2207
2 28 3946
2 29 4080
2 30 1755
2 31 2117
2 32 4417
2 33 3778
2 34 1972
2 35 906
2 36 1038
2 37 883
2 38 2499
2 39 2231
2 40 1561
2 41 1297
2 42 2320
2 43 1713
2 44 1628
2 45 1913
2 46 3507
2 47 2650
2 48 2881
2 49 2964
2 50 676
2 51 418
2 52 1661
2 53 2767
2 54 1416
2 55 2786
2 56 1411
2 57 984
2 58 2706
2 59 3613
2 60 3036
2 61 2982
2 62 3185
2 63 9953
2 64 2767
2 65 5560
2 66 3045
2 67 3275
2 68 4248
2 69 5675
2 70 5180
2 71 4773
2 72 2509
2 73 3443
2 74 3388
2 75 5199
2 76 4153
2 77 3045
2 78 3995
2 79 2909
2 80 3045
2 81 5515
2 82 7378
2 83 7373
2 84 5301
2 85 7924
2 86 8070
2 87 8038
2 88 8229
2 89 6072
2 90 2691
2 91 2935
2 92 6406
2 93 4292
2 94 3863
2 95 3964
2 96 7341
2 97 5908
2 98 11977
2 99 7475
2 100 2189
2 101 11489
2 102 11238
2 103 2101
2 104 7315
2 105 1194
2 106 1512
2 107 9132
2 108 1740
2 109 7056
2 110 6422
2 111 5908
2 112 5502
2 113 3787
2 114 1358
2 115 998
2 116 2794
2 117 4698
2 118 2994
2 119 9278
2 120 1050
2 121 957
2 122 3856
2 123 4571
2 124 1860
2 125 5180
2 126 6493
2 127 6165
3 4 1411
3 5 1972
3 6 1142
3 7 1142
3 8 1435
3 9 812
3 10 625
3 11 706
3 12 2228
3 13 1166
3 14 2303
3 15 1353
3 16 1816
3 17 1774
3 18 2207
3 19 1508
3 20 1616
3 21 1755
3 22 1526
3 23 1281
3 24 1183
3 25 4640
3 26 3624
3 27 2994
3 28 5173
3 29 5084
3 30 2872
3 31 2767
3 32 5374
3 33 4873
3 34 3412
3 35 2678
3 36 2594
3 37 2439
3 38 3777
3 39 3642
3 40 3275
3 41 2576
3 42 3861
3 43 3185
3 44 3482
3 45 3719
3 46 4666
3 47 3642
3 48 4203
3 49 4086
3 50 1548
3 51 2091
3 52 2052
3 53 3959
3 54 3071
3 55 3089
3 56 2389
3 57 2594
3 58 1249
3 59 1744
3 60 1166
3 61 1142
3 62 1323
3 63 9182
3 64 1358
3 65 4884
3 66 2825
3 67 1903
3 68 3123
3 69 4636
3 70 3968
3 71 3364
3 72 1640
3 73 2334
3 74 2458
3 75 4512
3 76 3642
3 77 2555
3 78 3830
3 79 2982
3 80 3267
3 81 5341
3 82 7312
3 83 7428
3 84 5109
3 85 6279
3 86 6434
3 87 6435
3 88 6648
3 89 4698
3 90 820
3 91 1160
3 92 4989
3 93 6152
3 94 5292
3 95 5800
3 96 5993
3 97 7448
3 98 13516
3 99 6187
3 100 928
3 101 11813
3 102 11373
3 103 3944
3 104 5467
3 105 1148
3 106 1194
3 107 10753
3 108 1358
3 109 5616
3 110 4773
3 111 7175
3 112 6580
3 113 2730
3 114 906
3 115 1100
3 116 928
3 117 4646
3 118 4218
3 119 8190
3 120 820
3 121 2201
3 122 5020
3 123 6278
3 124 2380
3 125 3613
3 126 6384
3 127 8034
4 5 2767
4 6 418
4 7 1233
4 8 580
4 9 625
4 10 1661
4 11 706
4 12 1211
4 13 1771
4 14 1512
4 15 519
4 16 1508
4 17 367
4 18 883
4 19 259
4 20 367
4 21 348
4 22 116
4 23 164
4 24 232
4 25 3449
4 26 2509
4 27 1834
4 28 4060
4 29 3856
4 30 1945
4 31 1578
4 32 4114
4 33 3699
4 34 2617
4 35 2391
4 36 2101
4 37 2002
4 38 2803
4 39 2789
4 40 2786
4 41 1860
4 42 3095
4 43 2461
4 44 3490
4 45 3840
4 46 5424
4 47 4478
4 48 4840
4 49 4857
4 50 2158
4 51 2391
4 52 3062
4 53 4682
4 54 3412
4 55 4222
4 56 3156
4 57 2971
4 58 2645
4 59 2483
4 60 2052
4 61 2252
4 62 2303
4 63 8078
4 64 2757
4 65 6291
4 66 4119
4 67 1397
4 68 2252
4 69 3692
4 70 3185
4 71 2825
4 72 519
4 73 1453
4 74 1397
4 75 3324
4 76 2349
4 77 1211
4 78 2439
4 79 1578
4 80 1874
4 81 3971
4 82 5934
4 83 6032
4 84 3741
4 85 6052
4 86 6191
4 87 6135
4 88 6311
4 89 6019
4 90 1834
4 91 2389
4 92 6288
4 93 6029
4 94 5852
4 95 5341
4 96 5352
4 97 6490
4 98 12487
4 99 7522
4 100 2332
4 101 10403
4 102 9977
4 103 3964
4 104 6231
4 105 820
4 106 492
4 107 11103
4 108 259
4 109 5088
4 110 4577
4 111 7876
4 112 7411
4 113 4140
4 114 778
4 115 1920
4 116 1812
4 117 3248
4 118 4924
4 119 7301
4 120 1402
4 121 2794
4 122 3877
4 123 5545
4 124 3372
4 125 4858
4 126 5010
4 127 7803
5 6 2349
5 7 1556
5 8 3121
5 9 2461
5 10 1353
5 11 2297
5 12 2691
5 13 998
5 14 2436
5 15 2334
5 16 1744
5 17 3009
5 18 3641
5 19 2994
5 20 2698
5 21 3065
5 22 2865
5 23 2738
5 24 2576
5 25 4756
5 26 3757
5 27 3364
5 28 5064
5 29 5234
5 30 2921
5 31 3256
5 32 5574
5 33 4924
5 34 3082
5 35 1920
5 36 2167
5 37 2026
5 38 3633
5 39 3340
5 40 2547
5 41 2461
5 42 3372
5 43 2825
5 44 2029
5 45 2091
5 46 2718
5 47 1724
5 48 2231
5 49 2139
5 50 625
5 51 883
5 52 519
5 53 1996
5 54 1323
5 55 1624
5 56 418
5 57 935
5 58 2216
5 59 3573
5 60 3012
5 61 2822
5 62 3071
5 63 10845
5 64 2231
5 65 4463
5 66 1920
5 67 3787
5 68 4924
5 69 6417
5 70 5824
5 71 5290
5 72 3225
5 73 4104
5 74 4131
5 75 6088
5 76 5084
5 77 3944
5 78 5026
5 79 3968
5 80 4140
5 81 6567
5 82 8469
5 83 8487
5 84 6346
5 85 8249
5 86 8404
5 87 8407
5 88 8619
5 89 5246
5 90 2678
5 91 2678
5 92 5598
5 93 4558
5 94 3322
5 95 4601
5 96 7917
5 97 6868
5 98 12891
5 99 6570
5 100 1740
5 101 12646
5 102 12375
5 103 2391
5 104 6995
5 105 1972
5 106 2288
5 107 8804
5 108 2547
5 109 7565
5 110 6744
5 111 5220
5 112 4676
5 113 2900
5 114 1996
5 115 906
5 116 2825
5 117 5769
5 118 2252
5 119 10019
5 120 1397
5 121 418
5 122 4989
5 123 5414
5 124 696
5 125 4524
5 126 7569
5 127 6471
6 7 820
6 8 883
6 9 519
6 10 1281
6 11 492
6 12 1160
6 13 1353
6 14 1358
6 15 259
6 16 1183
6 17 706
6 18 1297
6 19 656
6 20 478
6 21 734
6 22 519
6 23 418
6 24 259
6 25 3536
6 26 2544
6 27 1888
6 28 4104
6 29 3968
6 30 1870
6 31 1649
6 32 4248
6 33 3777
6 34 2499
6 35 2101
6 36 1860
6 37 1740
6 38 2767
6 39 2698
6 40 2563
6 41 1689
6 42 2973
6 43 2311
6 44 3156
6 45 3490
6 46 5010
6 47 4060
6 48 4432
6 49 4441
6 50 1740
6 51 1996
6 52 2650
6 53 4268
6 54 3025
6 55 3816
6 56 2738
6 57 2576
6 58 2391
6 59 2491
6 60 1996
6 61 2133
6 62 2228
6 63 8497
6 64 2499
6 65 5971
6 66 3741
6 67 1689
6 68 2645
6 69 4101
6 70 3573
6 71 3168
6 72 906
6 73 1834
6 74 1805
6 75 3741
6 76 2757
6 77 1616
6 78 2806
6 79 1870
6 80 2139
6 81 4348
6 82 6303
6 83 6384
6 84 4119
6 85 6359
6 86 6501
6 87 6457
6 88 6640
6 89 5829
6 90 1724
6 91 2228
6 92 6113
6 93 5742
6 94 5453
6 95 5137
6 96 5730
6 97 6468
6 98 12505
6 99 7324
6 100 2026
6 101 10723
6 102 10325
6 103 3633
6 104 6279
6 105 418
6 106 116
6 107 10739
6 108 232
6 109 5447
6 110 4869
6 111 7468
6 112 6996
6 113 3856
6 114 367
6 115 1508
6 116 1740
6 117 3603
6 118 4512
6 119 7710
6 120 991
6 121 2380
6 122 3937
6 123 5431
6 124 2957
6 125 4711
6 126 5381
6 127 7548
7 8 1673
7 9 1100
7 10 836
7 11 957
7 12 1323
7 13 591
7 14 1255
7 15 778
7 16 676
7 17 1453
7 18 2091
7 19 1476
7 20 1142
7 21 1512
7 22 1323
7 23 1233
7 24 1069
7 25 3685
7 26 2648
7 27 2091
7 28 4153
7 29 4150
7 30 1834
7 31 1913
7 32 4464
7 33 3899
7 34 2303
7 35 1548
7 36 1453
7 37 1297
7 38 2718
7 39 2544
7 40 2133
7 41 1476
7 42 2738
7 43 2065
7 44 2461
7 45 2757
7 46 4190
7 47 3250
7 48 3613
7 49 3624
7 50 935
7 51 1194
7 52 1913
7 53 3449
7 54 2231
7 55 3095
7 56 1931
7 57 1771
7 58 2216
7 59 2844
7 60 2279
7 61 2285
7 62 2458
7 63 9298
7 64 2303
7 65 5515
7 66 3134
7 67 2439
7 68 3461
7 69 4921
7 70 4385
7 71 3944
7 72 1724
7 73 2645
7 74 2625
7 75 4537
7 76 3528
7 77 2389
7 78 3490
7 79 2461
7 80 2671
7 81 5036
7 82 6962
7 83 7007
7 84 4812
7 85 7080
7 86 7227
7 87 7196
7 88 7389
7 89 5689
7 90 1945
7 91 2288
7 92 6002
7 93 5109
7 94 4640
7 95 4670
7 96 6531
7 97 6342
7 98 12419
7 99 7147
7 100 1740
7 101 11262
7 102 10926
7 103 2937
7 104 6603
7 105 418
7 106 743
7 107 9965
7 108 998
7 109 6231
7 110 5578
7 111 6649
7 112 6179
7 113 3528
7 114 519
7 115 812
7 116 2026
7 117 4254
7 118 3692
7 119 8531
7 120 418
7 121 1561
7 122 4022
7 123 5138
7 124 2201
7 125 4682
7 126 6052
7 127 6964
8 9 676
8 10 1870
8 11 836
8 12 1774
8 13 2133
8 14 2091
8 15 1069
8 16 2056
8 17 778
8 18 844
8 19 367
8 20 935
8 21 676
8 22 591
8 23 478
8 24 625
8 25 3898
8 26 3009
8 27 2334
8 28 4537
8 29 4278
8 30 2504
8 31 2075
8 32 4512
8 33 4153
8 34 3185
8 35 2957
8 36 2678
8 37 2576
8 38 3340
8 39 3348
8 40 3366
8 41 2439
8 42 3663
8 43 3036
8 44 4035
8 45 4373
8 46 5824
8 47 4846
8 48 5273
8 49 5250
8 50 2544
8 51 2865
8 52 3346
8 53 5088
8 54 3899
8 55 4463
8 56 3528
8 57 3443
8 58 2555
8 59 2052
8 60 1713
8 61 1982
8 62 1972
8 63 7786
8 64 2671
8 65 6264
8 66 4256
8 67 820
8 68 1805
8 69 3297
8 70 2718
8 71 2285
8 72 259
8 73 984
8 74 1038
8 75 3082
8 76 2216
8 77 1183
8 78 2480
8 79 1834
8 80 2158
8 81 3946
8 82 5917
8 83 6060
8 84 3714
8 85 5486
8 86 5627
8 87 5578
8 88 5759
8 89 5773
8 90 1578
8 91 2167
8 92 6020
8 93 6599
8 94 6311
8 95 5921
8 96 4858
8 97 7003
8 98 12966
8 99 7281
8 100 2346
8 101 10490
8 102 10000
8 103 4512
8 104 5730
8 105 1297
8 106 991
8 107 11621
8 108 820
8 109 4565
8 110 4005
8 111 8304
8 112 7796
8 113 4067
8 114 1160
8 115 2228
8 116 1508
8 117 3299
8 118 5337
8 119 6898
8 120 1724
8 121 3208
8 122 4343
8 123 6105
8 124 3668
8 125 4565
8 126 4989
8 127 8381
9 10 1194
9 11 164
9 12 1673
9 13 1486
9 14 1874
9 15 778
9 16 1624
9 17 991
9 18 1397
9 19 696
9 20 906
9 21 957
9 22 734
9 23 478
9 24 418
9 25 4020
9 26 3045
9 27 2380
9 28 4605
9 29 4441
9 30 2389
9 31 2133
9 32 4711
9 33 4265
9 34 3016
9 35 2552
9 36 2346
9 37 2216
9 38 3283
9 39 3217
9 40 3051
9 41 2201
9 42 3490
9 43 2825
9 44 3549
9 45 3856
9 46 5173
9 47 4184
9 48 4640
9 49 4596
9 50 1903
9 51 2285
9 52 2671
9 53 4441
9 54 3322
9 55 3787
9 56 2872
9 57 2853
9 58 2026
9 59 1972
9 60 1486
9 61 1649
9 62 1724
9 63 8462
9 64 2139
9 65 5695
9 66 3602
9 67 1353
9 68 2466
9 69 3968
9 70 3364
9 71 2865
9 72 844
9 73 1649
9 74 1713
9 75 3748
9 76 2844
9 77 1744
9 78 3018
9 79 2201
9 80 2499
9 81 4530
9 82 6500
9 83 6616
9 84 4298
9 85 5979
9 86 6126
9 87 6096
9 88 6291
9 89 5397
9 90 1233
9 91 1771
9 92 5670
9 93 6175
9 94 5695
9 95 5627
9 96 5475
9 97 6984
9 98 13015
9 99 6900
9 100 1740
9 101 11008
9 102 10562
9 103 4027
9 104 5760
9 105 812
9 106 625
9 107 11060
9 108 656
9 109 5153
9 110 4478
9 111 7664
9 112 7137
9 113 3528
9 114 591
9 115 1561
9 116 1233
9 117 3835
9 118 4693
9 119 7562
9 120 1069
9 121 2576
9 122 4432
9 123 5947
9 124 2994
9 125 4248
9 126 5573
9 127 8005
10 11 1038
10 12 2133
10 13 591
10 14 2091
10 15 1397
10 16 1476
10 17 1986
10 18 2533
10 19 1834
10 20 1740
10 21 2002
10 22 1774
10 23 1578
10 24 1435
10 25 4518
10 26 3482
10 27 2909
10 28 4989
10 29 4981
10 30 2671
10 31 2715
10 32 5292
10 33 4735
10 34 3117
10 35 2231
10 36 2228
10 37 2065
10 38 3551
10 39 3364
10 40 2865
10 41 2303
10 42 3536
10 43 2872
10 44 2921
10 45 3132
10 46 4060
10 47 3045
10 48 3583
10 49 3480
10 50 935
10 51 1512
10 52 1486
10 53 3346
10 54 2461
10 55 2594
10 56 1771
10 57 1986
10 58 1397
10 59 2323
10 60 1744
10 61 1640
10 62 1860
10 63 9656
10 64 1476
10 65 4732
10 66 2461
10 67 2461
10 68 3642
10 69 5151
10 70 4518
10 71 3951
10 72 2026
10 73 2832
10 74 2907
10 75 4935
10 76 4000
10 77 2870
10 78 4086
10 79 3134
10 80 3382
10 81 5627
10 82 7584
10 83 7664
10 84 5397
10 85 6903
10 86 7057
10 87 7056
10 88 7267
10 89 4857
10 90 1397
10 91 1578
10 92 5173
10 93 5587
10 94 4669
10 95 5322
10 96 6580
10 97 7148
10 98 13227
10 99 6311
10 100 906
10 101 11984
10 102 11602
10 103 3372
10 104 5965
10 105 1069
10 106 1276
10 107 10129
10 108 1512
10 109 6218
10 110 5396
10 111 6567
10 112 5993
10 113 2698
10 114 928
10 115 478
10 116 1526
10 117 4884
10 118 3603
10 119 8733
10 120 418
10 121 1578
10 122 4858
10 123 5890
10 124 1812
10 125 3877
10 126 6662
10 127 7482
11 12 1649
11 13 1323
11 14 1816
11 15 743
11 16 1512
11 17 1069
11 18 1526
11 19 820
11 20 935
11 21 1050
11 22 820
11 23 580
11 24 478
11 25 4027
11 26 3036
11 27 2380
11 28 4596
11 29 4457
11 30 2349
11 31 2139
11 32 4733
11 33 4268
11 34 2957
11 35 2439
11 36 2252
11 37 2117
11 38 3250
11 39 3166
11 40 2957
11 41 2133
11 42 3427
11 43 2757
11 44 3414
11 45 3714
11 46 5010
11 47 4020
11 48 4478
11 49 4432
11 50 1740
11 51 2133
11 52 2509
11 53 4278
11 54 3168
11 55 3631
11 56 2708
11 57 2698
11 58 1945
11 59 2026
11 60 1512
11 61 1640
11 62 1740
11 63 8619
11 64 2056
11 65 5587
11 66 3461
11 67 1512
11 68 2630
11 69 4131
11 70 3528
11 71 3025
11 72 991
11 73 1812
11 74 1870
11 75 3899
11 76 2982
11 77 1870
11 78 3132
11 79 2279
11 80 2568
11 81 4653
11 82 6621
11 83 6729
11 84 4422
11 85 6126
11 86 6274
11 87 6247
11 88 6443
11 89 5352
11 90 1233
11 91 1740
11 92 5632
11 93 6050
11 94 5534
11 95 5530
11 96 5638
11 97 6949
11 98 12993
11 99 6851
11 100 1628
11 101 11108
11 102 10675
11 103 3891
11 104 5819
11 105 706
11 106 580
11 107 10906
11 108 676
11 109 5312
11 110 4623
11 111 7501
11 112 6973
11 113 3435
11 114 464
11 115 1397
11 116 1255
11 117 3946
11 118 4530
11 119 7726
11 120 906
11 121 2414
11 122 4429
11 123 5881
11 124 2832
11 125 4222
11 126 5695
11 127 7888
12 13 1870
12 14 418
12 15 906
12 16 957
12 17 1044
12 18 1578
12 19 1411
12 20 844
12 21 1160
12 22 1183
12 23 1358
12 24 1297
12 25 2414
12 26 1397
12 27 778
12 28 2953
12 29 2865
12 30 734
12 31 591
12 32 3166
12 33 2645
12 34 1411
12 35 1486
12 36 1094
12 37 1069
12 38 1612
12 39 1578
12 40 1689
12 41 734
12 42 1888
12 43 1276
12 44 2645
12 45 3045
12 46 5036
12 47 4222
12 48 4377
12 49 4514
12 50 2091
12 51 1982
12 52 3134
12 53 4306
12 54 2832
12 55 4306
12 56 2982
12 57 2491
12 58 3443
12 59 3641
12 60 3156
12 61 3285
12 62 3388
12 63 8481
12 64 3541
12 65 6837
12 66 4432
12 67 2563
12 68 3156
12 69 4417
12 70 4073
12 71 3872
12 72 1628
12 73 2461
12 74 2279
12 75 3777
12 76 2708
12 77 1713
12 78 2447
12 79 1353
12 80 1467
12 81 3946
12 82 5800
12 83 5801
12 84 3735
12 85 7137
12 86 7267
12 87 7190
12 88 7348
12 89 6918
12 90 2881
12 91 3364
12 92 7215
12 93 4989
12 94 5273
12 95 4178
12 96 6247
12 97 5312
12 98 11345
12 99 8399
12 100 3009
12 101 9977
12 102 9684
12 103 3089
12 104 7419
12 105 1094
12 106 1069
12 107 10267
12 108 1038
12 109 6055
12 110 5695
12 111 7356
12 112 7023
12 113 4829
12 114 1323
12 115 2117
12 116 2900
12 117 3123
12 118 4518
12 119 7958
12 120 1724
12 121 2533
12 122 2794
12 123 4334
12 124 3382
12 125 5838
12 126 4916
12 127 6694
13 14 1724
13 15 1358
13 16 1038
13 17 2026
13 18 2648
13 19 1996
13 20 1724
13 21 2075
13 22 1870
13 23 1740
13 24 1578
13 25 4158
13 26 3123
13 27 2617
13 28 4576
13 29 4631
13 30 2285
13 31 2461
13 32 4956
13 33 4359
13 34 2645
13 35 1673
13 36 1724
13 37 1561
13 38 3123
13 39 2900
13 40 2320
13 41 1870
13 42 3036
13 43 2391
13 44 2332
13 45 2555
13 46 3692
13 47 2718
13 48 3156
13 49 3117
13 50 418
13 51 928
13 52 1323
13 53 2957
13 54 1913
13 55 2504
13 56 1397
13 57 1435
13 58 1931
13 59 2900
13 60 2320
13 61 2231
13 62 2447
13 63 9849
13 64 1996
13 65 4989
13 66 2563
13 67 2832
13 68 3937
13 69 5424
13 70 4846
13 71 4343
13 72 2228
13 73 3117
13 74 3134
13 75 5093
13 76 4100
13 77 2957
13 78 4080
13 79 3051
13 80 3256
13 81 5627
13 82 7553
13 83 7597
13 84 5402
13 85 7389
13 86 7540
13 87 7527
13 88 7730
13 89 5332
13 90 1972
13 91 2167
13 92 5660
13 93 5000
13 94 4218
13 95 4739
13 96 6960
13 97 6644
13 98 12720
13 99 6758
13 100 1416
13 101 11837
13 102 11513
13 103 2786
13 104 6556
13 105 991
13 106 1297
13 107 9629
13 108 1556
13 109 6628
13 110 5881
13 111 6179
13 112 5665
13 113 3089
13 114 998
13 115 259
13 116 2091
13 117 4846
13 118 3208
13 119 9029
13 120 418
13 121 1094
13 122 4463
13 123 5341
13 124 1616
13 125 4410
13 126 6643
13 127 6892
14 15 1100
14 16 706
14 17 1411
14 18 1982
14 19 1740
14 20 1160
14 21 1526
14 22 1508
14 23 1640
14 24 1548
14 25 2439
14 26 1402
14 27 928
14 28 2900
14 29 2909
14 30 580
14 31 844
14 32 3231
14 33 2648
14 34 1142
14 35 1069
14 36 676
14 37 656
14 38 1476
14 39 1353
14 40 1297
14 41 348
14 42 1616
14 43 957
14 44 2228
14 45 2630
14 46 4669
14 47 3889
14 48 4000
14 49 4158
14 50 1870
14 51 1661
14 52 2909
14 53 3946
14 54 2447
14 55 4060
14 56 2691
14 57 2133
14 58 3461
14 59 3840
14 60 3324
14 61 3412
14 62 3541
14 63 8883
14 64 3551
14 65 6713
14 66 4254
14 67 2900
14 68 3558
14 69 4835
14 70 4481
14 71 4254
14 72 1975
14 73 2844
14 74 2678
14 75 4190
14 76 3121
14 77 2129
14 78 2832
14 79 1740
14 80 1816
14 81 4306
14 82 6126
14 83 6105
14 84 4101
14 85 7514
14 86 7647
14 87 7576
14 88 7738
14 89 6939
14 90 3025
14 91 3461
14 92 7248
14 93 4589
14 94 4873
14 95 3830
14 96 6657
14 97 5151
14 98 11214
14 99 8401
14 100 2994
14 101 10211
14 102 9958
14 103 2671
14 104 7632
14 105 1160
14 106 1249
14 107 9849
14 108 1297
14 109 6457
14 110 6060
14 111 6960
14 112 6648
14 113 4777
14 114 1416
14 115 1982
14 116 3065
14 117 3476
14 118 4150
14 119 8375
14 120 1673
14 121 2231
14 122 2767
14 123 4073
14 124 3132
14 125 5906
14 126 5256
14 127 6316
15 16 991
15 17 676
15 18 1323
15 19 778
15 20 367
15 21 743
15 22 580
15 23 591
15 24 464
15 25 3297
15 26 2297
15 27 1649
15 28 3856
15 29 3735
15 30 1612
15 31 1416
15 32 4022
15 33 3536
15 34 2240
15 35 1888
15 36 1624
15 37 1512
15 38 2509
15 39 2439
15 40 2323
15 41 1435
15 42 2715
15 43 2056
15 44 2973
15 45 3322
15 46 4946
15 47 4022
15 48 4348
15 49 4385
15 50 1713
15 51 1888
15 52 2678
15 53 4203
15 54 2900
15 55 3856
15 56 2706
15 57 2466
15 58 2594
15 59 2750
15 60 2252
15 61 2380
15 62 2483
15 63 8526
15 64 2698
15 65 6122
15 66 3835
15 67 1888
15 68 2767
15 69 4190
15 70 3701
15 71 3340
15 72 1038
15 73 1972
15 74 1903
15 75 3764
15 76 2750
15 77 1612
15 78 2730
15 79 1740
15 80 1986
15 81 4278
15 82 6218
15 83 6281
15 84 4052
15 85 6556
15 86 6696
15 87 6644
15 88 6823
15 89 6050
15 90 1975
15 91 2466
15 92 6339
15 93 5530
15 94 5347
15 95 4894
15 96 5870
15 97 6210
15 98 12250
15 99 7540
15 100 2201
15 101 10587
15 102 10214
15 103 3449
15 104 6538
15 105 367
15 106 164
15 107 10584
15 108 259
15 109 5607
15 110 5074
15 111 7382
15 112 6939
15 113 4035
15 114 478
15 115 1548
15 116 1996
15 117 3511
15 118 4441
15 119 7796
15 120 1050
15 121 2320
15 122 3692
15 123 5173
15 124 2973
15 125 4946
15 126 5302
15 127 7323
16 17 1578
16 18 2228
16 19 1767
16 20 1255
16 21 1673
16 22 1556
16 23 1578
16 24 1435
16 25 3123
16 26 2091
16 27 1628
16 28 3541
16 29 3598
16 30 1249
16 31 1512
16 32 3925
16 33 3322
16 34 1640
16 35 928
16 36 778
16 37 625
16 38 2091
16 39 1888
16 40 1467
16 41 836
16 42 2065
16 43 1397
16 44 1982
16 45 2334
16 46 4119
16 47 3275
16 48 3480
16 49 3583
16 50 1166
16 51 1038
16 52 2207
16 53 3382
16 54 1969
16 55 3366
16 56 2026
16 57 1578
16 58 2872
16 59 3490
16 60 2935
16 61 2957
16 62 3123
16 63 9350
16 64 2953
16 65 6016
16 66 3549
16 67 2870
16 68 3741
16 69 5128
16 70 4676
16 71 4331
16 72 2026
16 73 2957
16 74 2865
16 75 4605
16 76 3551
16 77 2461
16 78 3372
16 79 2285
16 80 2422
16 81 4890
16 82 6756
16 83 6757
16 84 4676
16 85 7540
16 86 7681
16 87 7633
16 88 7813
16 89 6329
16 90 2607
16 91 2964
16 92 6649
16 93 4561
16 94 4429
16 95 4027
16 96 6851
16 97 5675
16 98 11753
16 99 7773
16 100 2380
16 101 10905
16 102 10633
16 103 2458
16 104 7265
16 105 812
16 106 1069
16 107 9601
16 108 1249
16 109 6596
16 110 6052
16 111 6493
16 112 6113
16 113 4119
16 114 1050
16 115 1297
16 116 2678
16 117 4073
16 118 3603
16 119 8719
16 120 1069
16 121 1578
16 122 3425
16 123 4463
16 124 2439
16 125 5347
16 126 5869
16 127 6381
17 18 656
17 19 418
17 20 328
17 21 116
17 22 259
17 23 519
17 24 591
17 25 3134
17 26 2231
17 27 1556
17 28 3764
17 29 3528
17 30 1755
17 31 1297
17 32 3777
17 33 3388
17 34 2447
17 35 2391
17 36 2056
17 37 1982
17 38 2568
17 39 2594
17 40 2708
17 41 1755
17 42 2921
17 43 2320
17 44 3528
17 45 3899
17 46 5616
17 47 4698
17 48 5010
17 49 5058
17 50 2389
17 51 2544
17 52 3340
17 53 4873
17 54 3536
17 55 4512
17 56 3382
17 57 3117
17 58 3012
17 59 2794
17 60 2391
17 61 2607
17 62 2645
17 63 7850
17 64 3123
17 65 6649
17 66 4446
17 67 1526
17 68 2179
17 69 3551
17 70 3113
17 71 2844
17 72 591
17 73 1435
17 74 1297
17 75 3089
17 76 2075
17 77 935
17 78 2101
17 79 1211
17 80 1508
17 81 3642
17 82 5598
17 83 5685
17 84 3414
17 85 6103
17 86 6236
17 87 6165
17 88 6330
17 89 6381
17 90 2189
17 91 2750
17 92 6648
17 93 5993
17 94 5993
17 95 5221
17 96 5292
17 97 6225
17 98 12194
17 99 7885
17 100 2691
17 101 10043
17 102 9628
17 103 3995
17 104 6505
17 105 1038
17 106 734
17 107 11166
17 108 478
17 109 5064
17 110 4653
17 111 8040
17 112 7610
17 113 4505
17 114 1069
17 115 2201
17 116 2158
17 117 2902
17 118 5109
17 119 7148
17 120 1689
17 121 2994
17 122 3573
17 123 5347
17 124 3641
17 125 5214
17 126 4676
17 127 7727
18 19 706
18 20 984
18 21 580
18 22 778
18 23 957
18 24 1100
18 25 3269
18 26 2504
18 27 1870
18 28 3946
18 29 3603
18 30 2216
18 31 1628
18 32 3805
18 33 3528
18 34 2909
18 35 3009
18 36 2650
18 37 2594
18 38 2921
18 39 3016
18 40 3267
18 41 2311
18 42 3366
18 43 2822
18 44 4158
18 45 4537
18 46 6268
18 47 5341
18 48 5665
18 49 5708
18 50 3025
18 51 3200
18 52 3946
18 53 5526
18 54 4190
18 55 5105
18 56 4022
18 57 3773
18 58 3382
18 59 2832
18 60 2544
18 61 2825
18 62 2803
18 63 7207
18 64 3497
18 65 7080
18 66 4983
18 67 1255
18 68 1578
18 69 2900
18 70 2499
18 71 2323
18 72 591
18 73 935
18 74 706
18 75 2447
18 76 1467
18 77 348
18 78 1640
18 79 1069
18 80 1397
18 81 3134
18 82 5105
18 83 5232
18 84 2902
18 85 5587
18 86 5714
18 87 5627
18 88 5779
18 89 6613
18 90 2422
18 91 3012
18 92 6855
18 93 6567
18 94 6649
18 95 5714
18 96 4676
18 97 6463
18 98 12334
18 99 8121
18 100 3134
18 101 9650
18 102 9176
18 103 4620
18 104 6380
18 105 1673
18 106 1353
18 107 11798
18 108 1094
18 109 4478
18 110 4178
18 111 8696
18 112 8261
18 113 4894
18 114 1661
18 115 2803
18 116 2349
18 117 2461
18 118 5763
18 119 6493
18 120 2285
18 121 3642
18 122 3735
18 123 5726
18 124 4254
18 125 5396
18 126 4178
18 127 8259
19 20 580
19 21 328
19 22 232
19 23 259
19 24 418
19 25 3551
19 26 2648
19 27 1972
19 28 4182
19 29 3941
19 30 2139
19 31 1713
19 32 4184
19 33 3805
19 34 2822
19 35 2645
19 36 2346
19 37 2252
19 38 2973
19 39 2982
19 40 3025
19 41 2088
19 42 3299
19 43 2678
19 44 3748
19 45 4100
19 46 5665
19 47 4711
19 48 5088
19 49 5096
19 50 2391
19 51 2645
19 52 3269
19 53 4924
19 54 3668
19 55 4417
19 56 3388
19 57 3225
19 58 2708
19 59 2380
19 60 1996
19 61 2231
19 62 2252
19 63 7858
19 64 2822
19 65 6389
19 66 4278
19 67 1160
19 68 1996
19 69 3445
19 70 2928
19 71 2568
19 72 259
19 73 1194
19 74 1148
19 75 3113
19 76 2167
19 77 1050
19 78 2323
19 79 1556
19 80 1870
19 81 3835
19 82 5805
19 83 5921
19 84 3603
19 85 5801
19 86 5939
19 87 5881
19 88 6055
19 89 6020
19 90 1816
19 91 2391
19 92 6278
19 93 6279
19 94 6105
19 95 5569
19 96 5093
19 97 6640
19 98 12612
19 99 7527
19 100 2436
19 101 10319
19 102 9866
19 103 4222
19 104 6088
19 105 1069
19 106 743
19 107 11362
19 108 519
19 109 4829
19 110 4331
19 111 8124
19 112 7650
19 113 4216
19 114 998
19 115 2129
19 116 1771
19 117 3141
19 118 5168
19 119 7054
19 120 1612
19 121 3036
19 122 3991
19 123 5739
19 124 3583
19 125 4835
19 126 4878
19 127 8045
20 21 418
20 22 348
20 23 519
20 24 492
20 25 3117
20 26 2158
20 27 1486
20 28 3714
20 29 3536
20 30 1578
20 31 1233
20 32 3805
20 33 3364
20 34 2252
20 35 2091
20 36 1774
20 37 1689
20 38 2439
20 39 2422
20 40 2447
20 41 1508
20 42 2730
20 43 2101
20 44 3217
20 45 3583
20 46 5290
20 47 4377
20 48 4682
20 49 4733
20 50 2075
20 51 2216
20 52 3045
20 53 4548
20 54 3208
20 55 4222
20 56 3065
20 57 2789
20 58 2865
20 59 2832
20 60 2380
20 61 2555
20 62 2625
20 63 8173
20 64 2973
20 65 6447
20 66 4190
20 67 1740
20 68 2491
20 69 3877
20 70 3425
20 71 3123
20 72 820
20 73 1724
20 74 1612
20 75 3412
20 76 2389
20 77 1255
20 78 2366
20 79 1397
20 80 1661
20 81 3913
20 82 5857
20 83 5926
20 84 3687
20 85 6371
20 86 6506
20 87 6443
20 88 6613
20 89 6288
20 90 2139
20 91 2671
20 92 6566
20 93 5712
20 94 5665
20 95 4989
20 96 5603
20 97 6129
20 98 12136
20 99 7786
20 100 2504
20 101 10250
20 102 9863
20 103 3687
20 104 6592
20 105 734
20 106 464
20 107 10850
20 108 259
20 109 5364
20 110 4906
20 111 7712
20 112 7285
20 113 4334
20 114 812
20 115 1913
20 116 2133
20 117 3151
20 118 4783
20 119 7475
20 120 1411
20 121 2671
20 122 3536
20 123 5179
20 124 3340
20 125 5151
20 126 4939
20 127 7468
21 22 232
21 23 478
21 24 580
21 25 3225
21 26 2334
21 27 1661
21 28 3861
21 29 3613
21 30 1870
21 31 1402
21 32 3856
21 33 3480
21 34 2563
21 35 2499
21 36 2167
21 37 2091
21 38 2678
21 39 2708
21 40 2822
21 41 1870
21 42 3036
21 43 2436
21 44 3631
21 45 4000
21 46 5689
21 47 4762
21 48 5088
21 49 5128
21 50 2447
21 51 2625
21 52 3382
21 53 4946
21 54 3624
21 55 4549
21 56 3443
21 57 3200
21 58 2982
21 59 2708
21 60 2320
21 61 2547
21 62 2576
21 63 7786
21 64 3095
21 65 6637
21 66 4463
21 67 1411
21 68 2075
21 69 3461
21 70 3009
21 71 2730
21 72 478
21 73 1323
21 74 1194
21 75 3025
21 76 2026
21 77 883
21 78 2091
21 79 1249
21 80 1556
21 81 3626
21 82 5587
21 83 5684
21 84 3396
21 85 5988
21 86 6122
21 87 6052
21 88 6218
21 89 6329
21 90 2129
21 91 2698
21 92 6592
21 93 6105
21 94 6079
21 95 5337
21 96 5188
21 97 6329
21 98 12290
21 99 7835
21 100 2678
21 101 10057
21 102 9629
21 103 4100
21 104 6406
21 105 1094
21 106 778
21 107 11267
21 108 519
21 109 4956
21 110 4537
21 111 8121
21 112 7681
21 113 4482
21 114 1100
21 115 2240
21 116 2091
21 117 2900
21 118 5184
21 119 7062
21 120 1724
21 121 3062
21 122 3668
21 123 5461
21 124 3687
21 125 5153
21 126 4663
21 127 7842
22 23 259
22 24 348
22 25 3372
22 26 2447
22 27 1771
22 28 3991
22 29 3773
22 30 1913
22 31 1512
22 32 4027
22 33 3624
22 34 2594
22 35 2422
22 36 2117
22 37 2026
22 38 2757
22 39 2757
22 40 2794
22 41 1856
22 42 3071
22 43 2447
22 44 3534
22 45 3891
22 46 5511
22 47 4571
22 48 4921
22 49 4946
22 50 2252
22 51 2466
22 52 3168
22 53 4769
22 54 3480
22 55 4331
22 56 3250
22 57 3045
22 58 2757
22 59 2555
22 60 2139
22 61 2349
22 62 2391
22 63 7980
22 64 2870
22 65 6406
22 66 4234
22 67 1392
22 68 2189
22 69 3613
22 70 3123
22 71 2789
22 72 478
22 73 1402
22 74 1323
22 75 3223
22 76 2240
22 77 1100
22 78 2323
22 79 1467
22 80 1767
22 81 3856
22 82 5819
22 83 5916
22 84 3626
22 85 6029
22 86 6165
22 87 6105
22 88 6278
22 89 6122
22 90 1931
22 91 2491
22 92 6388
22 93 6052
22 94 5926
22 95 5337
22 96 5295
22 97 6435
22 98 12421
22 99 7626
22 100 2447
22 101 10287
22 102 9861
22 103 4007
22 104 6288
22 105 906
22 106 580
22 107 11157
22 108 328
22 109 5042
22 110 4561
22 111 7957
22 112 7501
22 113 4254
22 114 883
22 115 2026
22 116 1903
22 117 3132
22 118 5010
22 119 7220
22 120 1508
22 121 2881
22 122 3805
22 123 5515
22 124 3476
22 125 4956
22 126 4894
22 127 7814
23 24 164
23 25 3613
23 26 2671
23 27 1996
23 28 4222
23 29 4020
23 30 2091
23 31 1740
23 32 4278
23 33 3863
23 34 2757
23 35 2480
23 36 2207
23 37 2101
23 38 2957
23 39 2935
23 40 2900
23 41 1986
23 42 3236
23 43 2594
23 44 3558
23 45 3899
23 46 5416
23 47 4457
23 48 4846
23 49 4846
23 50 2139
23 51 2414
23 52 3009
23 53 4676
23 54 3443
23 55 4158
23 56 3134
23 57 2994
23 58 2504
23 59 2320
23 60 1888
23 61 2091
23 62 2139
23 63 8117
23 64 2617
23 65 6165
23 66 4027
23 67 1297
23 68 2228
23 69 3692
23 70 3156
23 71 2757
23 72 492
23 73 1416
23 74 1397
23 75 3372
23 76 2422
23 77 1297
23 78 2552
23 79 1724
23 80 2026
23 81 4075
23 82 6042
23 83 6149
23 84 3844
23 85 5965
23 86 6105
23 87 6055
23 88 6236
23 89 5862
23 90 1673
23 91 2231
23 92 6129
23 93 6122
23 94 5870
23 95 5463
23 96 5312
23 97 6648
23 98 12649
23 99 7367
23 100 2207
23 101 10532
23 102 10095
23 103 4035
23 104 6073
23 105 836
23 106 519
23 107 11154
23 108 348
23 109 5032
23 110 4482
23 111 7881
23 112 7399
23 113 4005
23 114 743
23 115 1870
23 116 1649
23 117 3366
23 118 4921
23 119 7301
23 120 1353
23 121 2789
23 122 4040
23 123 5689
23 124 3324
23 125 4698
23 126 5116
23 127 7909
24 25 3609
24 26 2645
24 27 1975
24 28 4203
24 29 4027
24 30 2026
24 31 1724
24 32 4294
24 33 3856
24 34 2678
24 35 2346
24 36 2088
24 37 1975
24 38 2907
24 39 2865
24 40 2786
24 41 1888
24 42 3156
24 43 2504
24 44 3412
24 45 3748
24 46 5252
24 47 4294
24 48 4682
24 49 4682
24 50 1975
24 51 2252
24 52 2853
24 53 4512
24 54 3283
24 55 4007
24 56 2971
24 57 2832
24 58 2422
24 59 2349
24 60 1888
24 61 2065
24 62 2133
24 63 8276
24 64 2533
24 65 6060
24 66 3891
24 67 1435
24 68 2391
24 69 3856
24 70 3318
24 71 2909
24 72 656
24 73 1578
24 74 1561
24 75 3528
24 76 2568
24 77 1435
24 78 2671
24 79 1801
24 80 2091
24 81 4202
24 82 6165
24 83 6264
24 84 3971
24 85 6105
24 86 6247
24 87 6200
24 88 6383
24 89 5814
24 90 1649
24 91 2189
24 92 6088
24 93 5988
24 94 5708
24 95 5356
24 96 5472
24 97 6605
24 98 12622
24 99 7315
24 100 2101
24 101 10633
24 102 10209
24 103 3889
24 104 6122
24 105 676
24 106 367
24 107 10998
24 108 259
24 109 5188
24 110 4618
24 111 7717
24 112 7235
24 113 3913
24 114 580
24 115 1713
24 116 1640
24 117 3480
24 118 4757
24 119 7465
24 120 1194
24 121 2625
24 122 4027
24 123 5613
24 124 3166
24 125 4666
24 126 5241
24 127 7786
25 26 1038
25 27 1649
25 28 706
25 29 478
25 30 1874
25 31 1888
25 32 820
25 33 259
25 34 1740
25 35 2909
25 36 2594
25 37 2730
25 38 1160
25 39 1512
25 40 2447
25 41 2311
25 42 1689
25 43 1975
25 44 3663
25 45 4052
25 46 6465
25 47 5917
25 48 5759
25 49 6060
25 50 4256
25 51 3891
25 52 5261
25 53 5829
25 54 4298
25 55 6350
25 56 4921
25 57 4182
25 58 5855
25 59 5926
25 60 5496
25 61 5665
25 62 5742
25 63 8204
25 64 5952
25 65 9138
25 66 6644
25 67 4518
25 68 4530
25 69 5225
25 70 5252
25 71 5402
25 72 3668
25 73 4158
25 74 3856
25 75 4216
25 76 3366
25 77 3123
25 78 2671
25 79 2240
25 80 1945
25 81 3425
25 82 4693
25 83 4505
25 84 3322
25 85 8532
25 86 8634
25 87 8497
25 88 8597
25 89 9332
25 90 5252
25 91 5763
25 92 9629
25 93 4840
25 94 6346
25 95 3480
25 96 7200
25 97 3236
25 98 9075
25 99 10810
25 100 5411
25 101 8105
25 102 8034
25 103 3889
25 104 9620
25 105 3507
25 106 3461
25 107 10417
25 108 3364
25 109 7196
25 110 7260
25 111 8379
25 112 8302
25 113 7213
25 114 3735
25 115 4417
25 116 5250
25 117 2715
25 118 5971
25 119 8256
25 120 4101
25 121 4463
25 122 478
25 123 2900
25 124 5437
25 125 8243
25 126 4027
25 127 6029
26 27 676
26 28 1561
26 29 1508
26 30 844
26 31 935
26 32 1834
26 33 1255
26 34 935
26 35 1986
26 36 1624
26 37 1744
26 38 519
26 39 820
26 40 1661
26 41 1297
26 42 1160
26 43 1100
26 44 2909
26 45 3322
26 46 5657
26 47 5022
26 48 4956
26 49 5210
26 50 3236
26 51 2909
26 52 4254
26 53 4983
26 54 3435
26 55 5367
26 56 3951
26 57 3256
26 58 4828
26 59 4989
26 60 4530
26 61 4676
26 62 4769
26 63 8392
26 64 4923
26 65 8108
26 66 5627
26 67 3707
26 68 3946
26 69 4895
26 70 4769
26 71 4779
26 72 2803
26 73 3435
26 74 3166
26 75 4007
26 76 3012
26 77 2447
26 78 2439
26 79 1628
26 80 1435
26 81 3609
26 82 5194
26 83 5088
26 84 3449
26 85 8005
26 86 8120
26 87 8007
26 88 8133
26 89 8307
26 90 4268
26 91 4760
26 92 8607
26 93 4601
26 94 5656
26 95 3449
26 96 6848
26 97 3995
26 98 9979
26 99 9781
26 100 4377
26 101 8969
26 102 8808
26 103 3223
26 104 8734
26 105 2483
26 106 2461
26 107 10129
26 108 2391
26 109 6764
26 110 6649
26 111 7731
26 112 7562
26 113 6175
26 114 2718
26 115 3382
26 116 4278
26 117 2794
26 118 5149
26 119 8197
26 120 3065
26 121 3488
26 122 1397
26 123 3250
26 124 4446
26 125 7235
26 126 4410
26 127 6055
27 28 2228
27 29 2091
27 30 580
27 31 259
27 32 2389
27 33 1888
27 34 1142
27 35 1816
27 36 1402
27 37 1467
27 38 1050
27 39 1183
27 40 1724
27 41 991
27 42 1548
27 43 1160
27 44 2900
27 45 3318
27 46 5515
27 47 4783
27 48 4829
27 49 5026
27 50 2794
27 51 2576
27 52 3835
27 53 4807
27 54 3275
27 55 4988
27 56 3613
27 57 3012
27 58 4218
27 59 4315
27 60 3863
27 61 4020
27 62 4104
27 63 8202
27 64 4317
27 65 7600
27 66 5168
27 67 3045
27 68 3372
27 69 4440
27 70 4234
27 71 4178
27 72 2133
27 73 2806
27 74 2555
27 75 3641
27 76 2594
27 77 1860
27 78 2139
27 79 1142
27 80 1069
27 81 3507
27 82 5256
27 83 5211
27 84 3318
27 85 7428
27 86 7548
27 87 7447
27 88 7584
27 89 7689
27 90 3609
27 91 4114
27 92 7983
27 93 4928
27 94 5632
27 95 3913
27 96 6359
27 97 4669
27 98 10653
27 99 9173
27 100 3787
27 101 9283
27 102 9040
27 103 3285
27 104 8058
27 105 1870
27 106 1812
27 107 10371
27 108 1724
27 109 6236
27 110 6042
27 111 7722
27 112 7471
27 113 5607
27 114 2091
27 115 2870
27 116 3613
27 117 2671
27 118 4997
27 119 7858
27 120 2499
27 121 3151
27 122 2052
27 123 3856
27 124 4060
27 125 6595
27 126 4410
27 127 6501
28 29 676
28 30 2320
28 31 2483
28 32 906
28 33 464
28 34 1982
28 35 3156
28 36 2909
28 37 3062
28 38 1453
28 39 1724
28 40 2594
28 41 2706
28 42 1755
28 43 2240
28 44 3712
28 45 4067
28 46 6505
28 47 6060
28 48 5805
28 49 6149
28 50 4618
28 51 4182
28 52 5580
28 53 5917
28 54 4432
28 55 6613
28 56 5179
28 57 4391
28 58 6359
28 59 6542
28 60 6090
28 61 6236
28 62 6329
28 63 8734
28 64 6450
28 65 9505
28 66 6979
28 67 5188
28 68 5234
28 69 5917
28 70 5957
28 71 6105
28 72 4317
28 73 4847
28 74 4549
28 75 4894
28 76 4067
28 77 3816
28 78 3364
28 79 2935
28 80 2645
28 81 4007
28 82 5088
28 83 4846
28 84 3925
28 85 9237
28 86 9339
28 87 9200
28 88 9298
28 89 9838
28 90 5829
28 91 6316
28 92 10145
28 93 4478
28 94 6279
28 95 3036
28 96 7891
28 97 2533
28 98 8430
28 99 11300
28 100 5893
28 101 8131
28 102 8165
28 103 3856
28 104 10267
28 105 4027
28 106 4020
28 107 10028
28 108 3951
28 109 7896
28 110 7964
28 111 8256
28 112 8259
28 113 7660
28 114 4268
28 115 4835
28 116 5838
28 117 3348
28 118 6033
28 119 8878
28 120 4571
28 121 4733
28 122 232
28 123 2285
28 124 5723
28 125 8786
28 126 4505
28 127 5502
29 30 2349
29 31 2320
29 32 348
29 33 367
29 34 2207
29 35 3382
29 36 3071
29 37 3208
29 38 1628
29 39 1972
29 40 2902
29 41 2789
29 42 2117
29 43 2447
29 44 4101
29 45 4482
29 46 6907
29 47 6380
29 48 6201
29 49 6513
29 50 4733
29 51 4368
29 52 5739
29 53 6281
29 54 4757
29 55 6827
29 56 5397
29 57 4653
29 58 6308
29 59 6321
29 60 5908
29 61 6090
29 62 6157
29 63 8058
29 64 6406
29 65 9613
29 66 7122
29 67 4858
29 68 4769
29 69 5341
29 70 5437
29 71 5650
29 72 4040
29 73 4463
29 74 4150
29 75 4294
29 76 3528
29 77 3425
29 78 2806
29 79 2547
29 80 2231
29 81 3340
29 82 4429
29 83 4203
29 84 3267
29 85 8715
29 86 8811
29 87 8662
29 88 8749
29 89 9781
29 90 5675
29 91 6196
29 92 10073
29 93 5109
29 94 6756
29 95 3692
29 96 7309
29 97 3036
29 98 8734
29 99 11263
29 100 5870
29 101 7667
29 102 7631
29 103 4305
29 104 9979
29 105 3959
29 106 3898
29 107 10675
29 108 3787
29 109 7341
29 110 7489
29 111 8771
29 112 8722
29 113 7678
29 114 4182
29 115 4890
29 116 5665
29 117 2708
29 118 6418
29 119 8222
29 120 4565
29 121 4939
29 122 492
29 123 2957
29 124 5915
29 125 8678
29 126 3830
29 127 6177
30 31 676
30 32 2678
30 33 2075
30 34 696
30 35 1249
30 36 844
30 37 935
30 38 906
30 39 844
30 40 1160
30 41 464
30 42 1166
30 43 625
30 44 2320
30 45 2738
30 46 4956
30 47 4254
30 48 4265
30 49 4478
30 50 2391
30 51 2088
30 52 3414
30 53 4256
30 54 2715
30 55 4537
30 56 3132
30 57 2480
30 58 4040
30 59 4360
30 60 3861
30 61 3968
30 62 4086
30 63 8777
30 64 4131
30 65 7265
30 66 4783
30 67 3281
30 68 3777
30 69 4935
30 70 4670
30 71 4537
30 72 2346
30 73 3134
30 74 2921
30 75 4182
30 76 3123
30 77 2279
30 78 2708
30 79 1673
30 80 1640
30 81 4086
30 82 5819
30 83 5759
30 84 3898
30 85 7803
30 86 7930
30 87 7842
30 88 7991
30 89 7519
30 90 3573
30 91 4027
30 92 7827
30 93 4417
30 94 5054
30 95 3497
30 96 6823
30 97 4601
30 98 10652
30 99 8981
30 100 3573
30 101 9761
30 102 9556
30 103 2708
30 104 8145
30 105 1724
30 106 1771
30 107 9817
30 108 1767
30 109 6669
30 110 6381
30 111 7144
30 112 6903
30 113 5352
30 114 1975
30 115 2544
30 116 3603
30 117 3250
30 118 4440
30 119 8399
30 120 2252
30 121 2668
30 122 2189
30 123 3602
30 124 3613
30 125 6480
30 126 4981
30 127 6052
31 32 2607
31 33 2133
31 34 1323
31 35 1834
31 36 1416
31 37 1453
31 38 1297
31 39 1397
31 40 1834
31 41 998
31 42 1755
31 43 1297
31 44 2957
31 45 3372
31 46 5501
31 47 4733
31 48 4825
31 49 4997
31 50 2668
31 51 2504
31 52 3712
31 53 4783
31 54 3269
31 55 4878
31 56 3528
31 57 2973
31 58 4000
31 59 4060
31 60 3613
31 61 3777
31 62 3856
31 63 8124
31 64 4101
31 65 7428
31 66 5022
31 67 2789
31 68 3151
31 69 4265
31 70 4027
31 71 3944
31 72 1874
31 73 2563
31 74 2320
31 75 3507
31 76 2447
31 77 1640
31 78 2052
31 79 998
31 80 998
31 81 3482
31 82 5283
31 83 5261
31 84 3283
31 85 7200
31 86 7323
31 87 7226
31 88 7367
31 89 7465
31 90 3364
31 91 3877
31 92 7755
31 93 5088
31 94 5664
31 95 4119
31 96 6167
31 97 4928
31 98 10910
31 99 8952
31 100 3581
31 101 9396
31 102 9122
31 103 3364
31 104 7799
31 105 1661
31 106 1578
31 107 10491
31 108 1476
31 109 6029
31 110 5805
31 111 7755
31 112 7472
31 113 5407
31 114 1870
31 115 2708
31 116 3364
31 117 2648
31 118 4983
31 119 7722
31 120 2311
31 121 3071
31 122 2303
31 123 4101
31 124 3951
31 125 6359
31 126 4417
31 127 6696
32 33 706
32 34 2555
32 35 3728
32 36 3414
32 37 3549
32 38 1975
32 39 2320
32 40 3250
32 41 3123
32 42 2461
32 43 2794
32 44 4446
32 45 4825
32 46 7252
32 47 6728
32 48 6547
32 49 6860
32 50 5067
32 51 4711
32 52 6078
32 53 6628
32 54 5105
32 55 7170
32 56 5742
32 57 5000
32 58 6605
32 59 6562
32 60 6165
32 61 6359
32 62 6417
32 63 7888
32 64 6705
32 65 9942
32 66 7457
32 67 5058
32 68 4890
32 69 5367
32 70 5515
32 71 5773
32 72 4268
32 73 4636
32 74 4317
32 75 4298
32 76 3602
32 77 3603
32 78 2870
32 79 2738
32 80 2414
32 81 3236
32 82 4190
32 83 3941
32 84 3185
32 85 8782
32 86 8872
32 87 8715
32 88 8793
32 89 10071
32 90 5942
32 91 6473
32 92 10360
32 93 5382
32 94 7091
32 95 3941
32 96 7323
32 97 3016
32 98 8564
32 99 11559
32 100 6175
32 101 7325
32 102 7304
32 103 4643
32 104 10185
32 105 4259
32 106 4182
32 107 10934
32 108 4060
32 109 7382
32 110 7593
32 111 9098
32 112 9060
32 113 7990
32 114 4476
32 115 5214
32 116 5926
32 117 2671
32 118 6764
32 119 8131
32 120 4878
32 121 5283
32 122 778
32 123 3123
32 124 6256
32 125 8955
32 126 3641
32 127 6380
33 34 1870
33 35 3051
33 36 2757
33 37 2900
33 38 1297
33 39 1628
33 40 2552
33 41 2499
33 42 1755
33 43 2117
33 44 3741
33 45 4119
33 46 6547
33 47 6033
33 48 5842
33 49 6158
33 50 4440
33 51 4052
33 52 5433
33 53 5926
33 54 4408
33 55 6506
33 56 5074
33 57 4317
33 58 6082
33 59 6179
33 60 5744
33 61 5908
33 62 5988
33 63 8337
33 64 6177
33 65 9328
33 66 6823
33 67 4777
33 68 4783
33 69 5453
33 70 5496
33 71 5657
33 72 3925
33 73 4417
33 74 4114
33 75 4432
33 76 3603
33 77 3382
33 78 2900
33 79 2499
33 80 2201
33 81 3581
33 82 4760
33 83 4548
33 84 3490
33 85 8777
33 86 8878
33 87 8738
33 88 8835
33 89 9561
33 90 5496
33 91 6002
33 92 9860
33 93 4769
33 94 6389
33 95 3372
33 96 7428
33 97 2982
33 98 8817
33 99 11035
33 100 5632
33 101 8031
33 102 7998
33 103 3939
33 104 9877
33 105 3735
33 106 3699
33 107 10340
33 108 3609
33 109 7432
33 110 7512
33 111 8404
33 112 8356
33 113 7425
33 114 3968
33 115 4618
33 116 5496
33 117 2900
33 118 6060
33 119 8437
33 120 4317
33 121 4618
33 122 232
33 123 2715
33 124 5599
33 125 8481
33 126 4131
33 127 5890
34 35 1183
34 36 935
34 37 1094
34 38 580
34 39 259
34 40 734
34 41 836
34 42 478
34 43 259
34 44 1982
34 45 2391
34 46 4756
34 47 4178
34 48 4052
34 49 4331
34 50 2648
34 51 2201
34 52 3598
34 53 4101
34 54 2563
34 55 4643
34 56 3208
34 57 2447
34 58 4512
34 59 4983
34 60 4463
34 61 4537
34 62 4676
34 63 9278
34 64 4593
34 65 7527
34 66 4997
34 67 3971
34 68 4463
34 69 5580
34 70 5347
34 71 5232
34 72 3036
34 73 3830
34 74 3613
34 75 4777
34 76 3735
34 77 2957
34 78 3250
34 79 2285
34 80 2189
34 81 4518
34 82 6129
34 83 6020
34 84 4348
34 85 8497
34 86 8622
34 87 8532
34 88 8678
34 89 7967
34 90 4158
34 91 4571
34 92 8288
34 93 3787
34 94 4723
34 95 2806
34 96 7489
34 97 4040
34 98 10116
34 99 9402
34 100 4020
34 101 9827
34 102 9707
34 103 2288
34 104 8775
34 105 2288
34 106 2391
34 107 9258
34 108 2422
34 109 7348
34 110 7077
34 111 6797
34 112 6640
34 113 5731
34 114 2547
34 115 2900
34 116 4203
34 117 3692
34 118 4254
34 119 8993
34 120 2708
34 121 2757
34 122 1913
34 123 2935
34 124 3744
34 125 6984
34 126 5341
34 127 5374
35 36 418
35 37 418
35 38 1755
35 39 1435
35 40 656
35 41 836
35 42 1453
35 43 935
35 44 1160
35 45 1561
35 46 3707
35 47 3036
35 48 3016
35 49 3236
35 50 1561
35 51 1038
35 52 2439
35 53 3012
35 54 1467
35 55 3461
35 56 2026
35 57 1276
35 58 3603
35 59 4391
35 60 3826
35 61 3816
35 62 4000
35 63 9942
35 64 3668
35 65 6381
35 66 3840
35 67 3777
35 68 4570
35 69 5890
35 70 5501
35 71 5211
35 72 2900
35 73 3816
35 74 3687
35 75 5260
35 76 4190
35 77 3185
35 78 3877
35 79 2794
35 80 2832
35 81 5312
35 82 7067
35 83 7007
35 84 5116
35 85 8443
35 86 8582
35 87 8526
35 88 8700
35 89 6976
35 90 3490
35 91 3793
35 92 7312
35 93 3642
35 94 3830
35 95 3123
35 96 7681
35 97 5010
35 98 11074
35 99 8373
35 100 3089
35 101 10954
35 102 10784
35 103 1612
35 104 8145
35 105 1740
35 106 1986
35 107 8793
35 108 2139
35 109 7454
35 110 6962
35 111 5921
35 112 5656
35 113 4682
35 114 1975
35 115 1903
35 116 3573
35 117 4476
35 118 3192
35 119 9442
35 120 1874
35 121 1578
35 122 3095
35 123 3668
35 124 2568
35 125 6082
35 126 6225
35 127 5453
36 37 164
36 38 1467
36 39 1194
36 40 706
36 41 418
36 42 1312
36 43 676
36 44 1561
36 45 1969
36 46 4114
36 47 3414
36 48 3427
36 49 3633
36 50 1713
36 51 1297
36 52 2678
36 53 3412
36 54 1874
36 55 3757
36 56 2332
36 57 1640
36 58 3624
36 59 4256
36 60 3707
36 61 3735
36 62 3899
36 63 9528
36 64 3699
36 65 6596
36 66 4073
36 67 3497
36 68 4222
36 69 5511
36 70 5149
36 71 4895
36 72 2594
36 73 3490
36 74 3340
36 75 4857
36 76 3787
36 77 2806
36 78 3461
36 79 2380
36 80 2414
36 81 4894
36 82 6657
36 83 6603
36 84 4698
36 85 8145
36 86 8281
36 87 8216
36 88 8384
36 89 7056
36 90 3382
36 91 3741
36 92 7382
36 93 3939
36 94 4248
36 95 3281
36 96 7326
36 97 4924
36 98 11002
36 99 8481
36 100 3121
36 101 10587
36 102 10397
36 103 1996
36 104 8038
36 105 1548
36 106 1744
36 107 9173
36 108 1860
36 109 7117
36 110 6677
36 111 6339
36 112 6070
36 113 4802
36 114 1801
36 115 1975
36 116 3449
36 117 4058
36 118 3598
36 119 9049
36 120 1834
36 121 1870
36 122 2825
36 123 3685
36 124 2844
36 125 6105
36 126 5810
36 127 5703
37 38 1616
37 39 1353
37 40 844
37 41 478
37 42 1476
37 43 836
37 44 1578
37 45 1975
37 46 4052
37 47 3322
37 48 3372
37 49 3558
37 50 1556
37 51 1166
37 52 2533
37 53 3340
37 54 1816
37 55 3626
37 56 2207
37 57 1548
37 58 3461
37 59 4111
37 60 3558
37 61 3581
37 62 3748
37 63 9537
37 64 3536
37 65 6443
37 66 3925
37 67 3396
37 68 4158
37 69 5472
37 70 5088
37 71 4812
37 72 2504
37 73 3412
37 74 3275
37 75 4846
37 76 3777
37 77 2767
37 78 3480
37 79 2391
37 80 2447
37 81 4935
37 82 6721
37 83 6678
37 84 4735
37 85 8053
37 86 8191
37 87 8131
37 88 8302
37 89 6892
37 90 3231
37 91 3583
37 92 7218
37 93 4027
37 94 4222
37 95 3414
37 96 7267
37 97 5088
37 98 11166
37 99 8317
37 100 2957
37 101 10695
37 102 10490
37 103 2029
37 104 7889
37 105 1411
37 106 1624
37 107 9211
37 108 1755
37 109 7046
37 110 6579
37 111 6311
37 112 6019
37 113 4640
37 114 1661
37 115 1812
37 116 3301
37 117 4101
37 118 3534
37 119 9025
37 120 1673
37 121 1744
37 122 2973
37 123 3842
37 124 2708
37 125 5942
37 126 5866
37 127 5810
38 39 367
38 40 1297
38 41 1255
38 42 656
38 43 820
38 44 2533
38 45 2935
38 46 5323
38 47 4757
38 48 4618
38 49 4906
38 50 3168
38 51 2757
38 52 4145
38 53 4676
38 54 3141
38 55 5210
38 56 3777
38 57 3025
38 58 4932
38 59 5252
38 60 4762
38 61 4873
38 62 4989
38 63 8897
38 64 5020
38 65 8058
38 66 5540
38 67 4080
38 68 4410
38 69 5402
38 70 5252
38 71 5225
38 72 3156
38 73 3856
38 74 3603
38 75 4524
38 76 3522
38 77 2900
38 78 2957
38 79 2117
38 80 1945
38 81 4104
38 82 5632
38 83 5500
38 84 3951
38 85 8469
38 86 8587
38 87 8481
38 88 8612
38 89 8407
38 90 4478
38 91 4932
38 92 8719
38 93 4086
38 94 5256
38 95 2935
38 96 7348
38 97 3701
38 98 9747
38 99 9860
38 100 4457
38 101 9252
38 102 9146
38 103 2803
38 104 9028
38 105 2630
38 106 2671
38 107 9625
38 108 2648
38 109 7252
38 110 7091
38 111 7316
38 112 7190
38 113 6210
38 114 2881
38 115 3382
38 116 4505
38 117 3297
38 118 4825
38 119 8715
38 120 3134
38 121 3322
38 122 1358
38 123 2806
38 124 4305
38 125 7382
38 126 4873
38 127 5540
39 40 935
39 41 1069
39 42 367
39 43 519
39 44 2167
39 45 2568
39 46 4960
39 47 4408
39 48 4254
39 49 4548
39 50 2907
39 51 2458
39 52 3856
39 53 4317
39 54 2786
39 55 4895
39 56 3461
39 57 2691
39 58 4757
39 59 5188
39 60 4676
39 61 4762
39 62 4894
39 63 9210
39 64 4840
39 65 7786
39 66 5256
39 67 4119
39 68 4548
39 69 5613
39 70 5416
39 71 5337
39 72 3185
39 73 3946
39 74 3714
39 75 4773
39 76 3748
39 77 3036
39 78 3223
39 79 2311
39 80 2179
39 81 4429
39 82 5988
39 83 5862
39 84 4268
39 85 8597
39 86 8719
39 87 8622
39 88 8762
39 89 8217
39 90 4377
39 91 4802
39 92 8537
39 93 3800
39 94 4890
39 95 2730
39 96 7540
39 97 3805
39 98 9877
39 99 9656
39 100 4268
39 101 9613
39 102 9513
39 103 2439
39 104 8977
39 105 2509
39 106 2594
39 107 9313
39 108 2607
39 109 7419
39 110 7193
39 111 6952
39 112 6823
39 113 5987
39 114 2767
39 115 3156
39 116 4417
39 117 3613
39 118 4463
39 119 8980
39 120 2953
39 121 3012
39 122 1661
39 123 2757
39 124 4000
39 125 7226
39 126 5220
39 127 5322
40 41 957
40 42 844
40 43 580
40 44 1249
40 45 1661
40 46 4027
40 47 3482
40 48 3322
40 49 3613
40 50 2216
40 51 1673
40 52 3065
40 53 3382
40 54 1856
40 55 4035
40 56 2607
40 57 1801
40 58 4248
40 59 4956
40 60 4402
40 61 4417
40 62 4589
40 63 9925
40 64 4315
40 65 7008
40 66 4463
40 67 4182
40 68 4844
40 69 6070
40 70 5759
40 71 5551
40 72 3267
40 73 4140
40 74 3968
40 75 5341
40 76 4279
40 77 3382
40 78 3863
40 79 2832
40 80 2794
40 81 5199
40 82 6851
40 83 6749
40 84 5020
40 85 8811
40 86 8944
40 87 8872
40 88 9034
40 89 7632
40 90 4073
40 91 4410
40 92 7967
40 93 3301
40 94 3995
40 95 2576
40 96 7929
40 97 4354
40 98 10417
40 99 9029
40 100 3735
40 101 10548
40 102 10439
40 103 1578
40 104 8732
40 105 2252
40 106 2447
40 107 8657
40 108 2552
40 109 7744
40 110 7353
40 111 6073
40 112 5907
40 113 5337
40 114 2504
40 115 2555
40 116 4145
40 117 4367
40 118 3528
40 119 9556
40 120 2491
40 121 2179
40 122 2563
40 123 3025
40 124 3168
40 125 6729
40 126 6050
40 127 5022
41 42 1297
41 43 625
41 44 1969
41 45 2380
41 46 4524
41 47 3800
41 48 3840
41 49 4035
41 50 1945
41 51 1624
41 52 2957
41 53 3816
41 54 2285
41 55 4075
41 56 2668
41 57 2026
41 58 3692
41 59 4158
41 60 3631
41 61 3701
41 62 3842
41 63 9114
41 64 3777
41 65 6829
41 66 4334
41 67 3248
41 68 3889
41 69 5138
41 70 4807
41 71 4596
41 72 2323
41 73 3185
41 74 3012
41 75 4457
41 76 3388
41 77 2439
41 78 3045
41 79 1969
41 80 1996
41 81 4476
41 82 6247
41 83 6200
41 84 4279
41 85 7858
41 86 7991
41 87 7917
41 88 8078
41 89 7159
41 90 3324
41 91 3735
41 92 7475
41 93 4256
41 94 4666
41 95 3482
41 96 6979
41 97 4873
41 98 10946
41 99 8607
41 100 3208
41 101 10224
41 102 10012
41 103 2391
41 104 7951
41 105 1453
41 106 1578
41 107 9556
41 108 1640
41 109 6789
41 110 6406
41 111 6757
41 112 6485
41 113 4956
41 114 1713
41 115 2129
41 116 3372
41 117 3641
41 118 4007
41 119 8657
41 120 1888
41 121 2204
41 122 2594
41 123 3748
41 124 3151
41 125 6157
41 126 5396
41 127 5971
42 43 676
42 44 1986
42 45 2366
42 46 4791
42 47 4306
42 48 4086
42 49 4410
42 50 2994
42 51 2491
42 52 3891
42 53 4178
42 54 2678
42 55 4879
42 56 3449
42 57 2645
42 58 4932
42 59 5453
42 60 4928
42 61 4993
42 62 5138
42 63 9550
42 64 5010
42 65 7834
42 66 5292
42 67 4446
42 68 4906
42 69 5979
42 70 5779
42 71 5689
42 72 3511
42 73 4292
42 74 4067
42 75 5137
42 76 4114
42 77 3396
42 78 3583
42 79 2678
42 80 2544
42 81 4760
42 82 6274
42 83 6129
42 84 4605
42 85 8951
42 86 9075
42 87 8980
42 88 9122
42 89 8368
42 90 4620
42 91 5019
42 92 8695
42 93 3443
42 94 4659
42 95 2366
42 96 7906
42 97 3613
42 98 9691
42 99 9789
42 100 4432
42 101 9784
42 102 9723
42 103 2201
42 104 9246
42 105 2750
42 106 2865
42 107 8971
42 108 2900
42 109 7782
42 110 7540
42 111 6702
42 112 6613
42 113 6105
42 114 3009
42 115 3285
42 116 4669
42 117 3951
42 118 4306
42 119 9341
42 120 3134
42 121 3016
42 122 1740
42 123 2458
42 124 4007
42 125 7411
42 126 5526
42 127 4956
43 44 1816
43 45 2231
43 46 4558
43 47 3951
43 48 3856
43 49 4119
43 50 2389
43 51 1945
43 52 3340
43 53 3891
43 54 2346
43 55 4391
43 56 2957
43 57 2207
43 58 4268
43 59 4783
43 60 4254
43 61 4317
43 62 4463
43 63 9352
43 64 4348
43 65 7267
43 66 4739
43 67 3835
43 68 4391
43 69 5560
43 70 5290
43 71 5137
43 72 2902
43 73 3728
43 74 3528
43 75 4795
43 76 3741
43 77 2900
43 78 3297
43 79 2288
43 80 2228
43 81 4620
43 82 6278
43 83 6184
43 84 4441
43 85 8403
43 86 8532
43 87 8449
43 88 8601
43 89 7717
43 90 3944
43 91 4343
43 92 8040
43 93 3793
43 94 4565
43 95 2902
43 96 7447
43 97 4278
43 98 10356
43 99 9149
43 100 3773
43 101 10043
43 102 9904
43 103 2158
43 104 8575
43 105 2075
43 106 2201
43 107 9211
43 108 2252
43 109 7287
43 110 6969
43 111 6648
43 112 6463
43 113 5475
43 114 2334
43 115 2645
43 116 3995
43 117 3787
43 118 4052
43 119 9013
43 120 2466
43 121 2504
43 122 2167
43 123 3123
43 124 3490
43 125 6744
43 126 5472
43 127 5437
44 45 418
44 46 2806
44 47 2391
44 48 2101
44 49 2439
44 50 2026
44 51 1411
44 52 2483
44 53 2207
44 54 836
44 55 3185
44 56 1888
44 57 1094
44 58 4145
44 59 5225
44 60 4646
44 61 4561
44 62 4779
44 63 11081
44 64 4182
44 65 6288
44 66 3777
44 67 4844
44 68 5706
44 69 7046
44 70 6640
44 71 6313
44 72 4007
44 73 4935
44 74 4825
44 75 6417
44 76 5347
44 77 4343
44 78 5010
44 79 3937
44 80 3951
44 81 6405
44 82 8093
44 83 7997
44 84 6218
44 85 9513
44 86 9656
44 87 9612
44 88 9794
44 89 7271
44 90 4298
44 91 4482
44 92 7625
44 93 2671
44 94 2750
44 95 2576
44 96 8819
44 97 5036
44 98 10961
44 99 8570
44 100 3633
44 101 11766
44 102 11680
44 103 478
44 104 8872
44 105 2757
44 106 3045
44 107 7640
44 108 3231
44 109 8575
44 110 8018
44 111 4835
44 112 4659
44 113 4923
44 114 2957
44 115 2480
44 116 4410
44 117 5569
44 118 2323
44 119 10602
44 120 2668
44 121 1612
44 122 3719
44 123 3480
44 124 2461
44 125 6538
44 126 7281
44 127 4561
45 46 2439
45 47 2133
45 48 1740
45 49 2117
45 50 2207
45 51 1628
45 52 2491
45 53 1888
45 54 778
45 55 3045
45 56 1870
45 57 1183
45 58 4278
45 59 5453
45 60 4873
45 61 4762
45 62 4989
45 63 11494
45 64 4305
45 65 6165
45 66 3699
45 67 5173
45 68 6073
45 69 7432
45 70 7008
45 71 6657
45 72 4359
45 73 5292
45 74 5194
45 75 6820
45 76 5751
45 77 4733
45 78 5424
45 79 4348
45 80 4367
45 81 6823
45 82 8509
45 83 8410
45 84 6635
45 85 9833
45 86 9979
45 87 9942
45 88 10129
45 89 7281
45 90 4525
45 91 4663
45 92 7640
45 93 2480
45 94 2334
45 95 2625
45 96 9185
45 97 5242
45 98 11090
45 99 8538
45 100 3777
45 101 12150
45 102 12078
45 103 328
45 104 9040
45 105 3082
45 106 3382
45 107 7267
45 108 3581
45 109 8928
45 110 8333
45 111 4417
45 112 4256
45 113 4935
45 114 3267
45 115 2671
45 116 4646
45 117 5987
45 118 1975
45 119 10998
45 120 2921
45 121 1689
45 122 4086
45 123 3641
45 124 2414
45 125 6613
45 126 7699
45 127 4391
46 47 1038
46 48 706
46 49 580
46 50 3281
46 51 3089
46 52 2648
46 53 743
46 54 2240
46 55 2091
46 56 2303
46 57 2547
46 58 4549
46 59 6125
46 60 5603
46 61 5347
46 62 5607
46 63 13458
46 64 4512
46 65 4722
46 66 2900
46 67 6505
46 68 7629
46 69 9108
46 70 8537
46 71 8007
46 72 5908
46 73 6809
46 74 6812
46 75 8700
46 76 7660
46 77 6542
46 78 7482
46 79 6388
46 80 6485
46 81 8975
46 82 10771
46 83 10714
46 84 8769
46 85 10906
46 86 11064
46 87 11081
46 88 11300
46 89 6506
46 90 5295
46 91 5149
46 92 6870
46 93 3714
46 94 991
46 95 4631
46 96 10635
46 97 7489
46 98 13051
46 99 7454
46 100 4205
46 101 14570
46 102 14461
46 103 2671
46 104 9108
46 105 4605
46 106 4932
46 107 6350
46 108 5184
46 109 10278
46 110 9410
46 111 2509
46 112 1996
46 113 4408
46 114 4676
46 115 3624
46 116 5453
46 117 8145
46 118 519
46 119 12716
46 120 4104
46 121 2630
46 122 6522
46 123 5834
46 124 2334
46 125 6264
46 126 9917
46 127 5362
47 48 844
47 49 478
47 50 2320
47 51 2240
47 52 1612
47 53 478
47 54 1628
47 55 1211
47 56 1323
47 57 1774
47 58 3522
47 59 5088
47 60 4565
47 61 4311
47 62 4570
47 63 12547
47 64 3490
47 65 4203
47 66 2026
47 67 5501
47 68 6649
47 69 8141
47 70 7546
47 71 6996
47 72 4946
47 73 5829
47 74 5852
47 75 7786
47 76 6764
47 77 5632
47 78 6643
47 79 5560
47 80 5689
47 81 8165
47 82 10014
47 83 9991
47 84 7951
47 85 9870
47 86 10028
47 87 10047
47 88 10267
47 89 5723
47 90 4259
47 91 4114
47 92 6090
47 93 4060
47 94 1860
47 95 4666
47 96 9625
47 97 7373
47 98 13162
47 99 6797
47 100 3168
47 101 13989
47 102 13810
47 103 2439
47 104 8141
47 105 3668
47 106 3991
47 107 7348
47 108 4248
47 109 9258
47 110 8375
47 111 3541
47 112 2953
47 113 3511
47 114 3714
47 115 2625
47 116 4417
47 117 7346
47 118 696
47 119 11744
47 120 3121
47 121 1713
47 122 6042
47 123 5759
47 124 1297
47 125 5356
47 126 9138
47 127 5870
48 49 492
48 50 2738
48 51 2466
48 52 2279
48 53 367
48 54 1556
48 55 2056
48 56 1816
48 57 1903
48 58 4254
48 59 5759
48 60 5214
48 61 4989
48 62 5246
48 63 12830
48 64 4234
48 65 4989
48 66 2870
48 67 5987
48 68 7071
48 69 8532
48 70 7991
48 71 7498
48 72 5337
48 73 6253
48 74 6236
48 75 8080
48 76 7030
48 77 5926
48 78 6824
48 79 5730
48 80 5814
48 81 8304
48 82 10083
48 83 10020
48 84 8101
48 85 10479
48 86 10635
48 87 10638
48 88 10850
48 89 6567
48 90 4890
48 91 4812
48 92 6934
48 93 3285
48 94 1100
48 95 4047
48 96 10115
48 97 6860
48 98 12518
48 99 7626
48 100 3856
48 101 13864
48 102 13758
48 103 1986
48 104 8939
48 105 4020
48 106 4348
48 107 6613
48 108 4593
48 109 9781
48 110 8975
48 111 3036
48 112 2648
48 113 4348
48 114 4114
48 115 3123
48 116 5042
48 117 7472
48 118 259
48 119 12141
48 120 3573
48 121 2065
48 122 5819
48 123 5214
48 124 2002
48 125 6187
48 126 9236
48 127 5054
49 50 2708
49 51 2547
49 52 2075
49 53 232
49 54 1774
49 55 1640
49 56 1724
49 57 2026
49 58 4000
49 59 5560
49 60 5032
49 61 4783
49 62 5042
49 63 12905
49 64 3968
49 65 4505
49 66 2461
49 67 5926
49 68 7054
49 69 8537
49 70 7960
49 71 7428
49 72 5337
49 73 6234
49 74 6242
49 75 8145
49 76 7110
49 77 5987
49 78 6953
49 79 5862
49 80 5971
49 81 8458
49 82 10278
49 83 10235
49 84 8249
49 85 10332
49 86 10490
49 87 10504
49 88 10723
49 89 6135
49 90 4722
49 91 4589
49 92 6501
49 93 3777
49 94 1392
49 95 4518
49 96 10055
49 97 7304
49 98 12999
49 99 7162
49 100 3641
49 101 14158
49 102 14016
49 103 2391
49 104 8612
49 105 4040
49 106 4367
49 107 6870
49 108 4620
49 109 9698
49 110 8834
49 111 3089
49 112 2555
49 113 3959
49 114 4104
49 115 3045
49 116 4879
49 117 7632
49 118 259
49 119 12144
49 120 3528
49 121 2065
49 122 6149
49 123 5666
49 124 1767
49 125 5810
49 126 9414
49 127 5534
50 51 625
50 52 1044
50 53 2544
50 54 1526
50 55 2216
50 56 998
50 57 1050
50 58 2133
50 59 3256
50 60 2678
50 61 2555
50 62 2784
50 63 10232
50 64 2179
50 65 4890
50 66 2391
50 67 3250
50 68 4348
50 69 5829
50 70 5260
50 71 4762
50 72 2630
50 73 3528
50 74 3536
50 75 5472
50 76 4463
50 77 3324
50 78 4402
50 79 3348
50 80 3528
50 81 5944
50 82 7851
50 83 7876
50 84 5723
50 85 7799
50 86 7951
50 87 7940
50 88 8145
50 89 5424
50 90 2332
50 91 2461
50 92 5763
50 93 4676
50 94 3800
50 95 4514
50 96 7378
50 97 6570
50 98 12632
50 99 6812
50 100 1616
50 101 12064
50 102 11773
50 103 2461
50 104 6848
50 105 1353
50 106 1673
50 107 9220
50 108 1931
50 109 7046
50 110 6291
50 111 5763
50 112 5260
50 113 3121
50 114 1397
50 115 464
50 116 2461
50 117 5149
50 118 2794
50 119 9436
50 120 836
50 121 676
50 122 4524
50 123 5199
50 124 1297
50 125 4576
50 126 6949
50 127 6579
51 52 1402
51 53 2349
51 54 1038
51 55 2461
51 56 1044
51 57 580
51 58 2757
51 59 3828
51 60 3248
51 61 3151
51 62 3372
51 63 10371
51 64 2803
51 65 5344
51 66 2803
51 67 3631
51 68 4640
51 69 6079
51 70 5569
51 71 5138
51 72 2900
51 73 3830
51 74 3787
51 75 5616
51 76 4571
51 77 3461
51 78 4410
51 79 3322
51 80 3449
51 81 5925
51 82 7778
51 83 7765
51 84 5712
51 85 8256
51 86 8404
51 87 8379
51 88 8575
51 89 6015
51 90 2900
51 91 3071
51 92 6359
51 93 4075
51 94 3461
51 95 3891
51 96 7722
51 97 6015
51 98 12060
51 99 7382
51 100 2240
51 101 11846
51 102 11615
51 103 1860
51 104 7462
51 105 1578
51 106 1903
51 107 8775
51 108 2139
51 109 7425
51 110 6750
51 111 5496
51 112 5084
51 113 3692
51 114 1713
51 115 1069
51 116 3018
51 117 5105
51 118 2576
51 119 9684
51 120 1297
51 121 580
51 122 4111
51 123 4605
51 124 1548
51 125 5194
51 126 6898
51 127 5971
52 53 1982
52 54 1713
52 55 1183
52 56 625
52 57 1397
52 58 1986
52 59 3490
52 60 2957
52 61 2715
52 62 2973
52 63 11122
52 64 1975
52 65 3944
52 66 1402
52 67 3941
52 68 5128
52 69 6635
52 70 6002
52 71 5416
52 72 3482
52 73 4315
52 74 4377
52 75 6381
52 76 5407
52 77 4265
52 78 5402
52 79 4368
52 80 4561
52 81 6949
52 82 8872
52 83 8908
52 84 6725
52 85 8259
52 86 8417
52 87 8435
52 88 8657
52 89 4795
52 90 2648
52 91 2533
52 92 5153
52 93 4916
52 94 3378
52 95 5058
52 96 8045
52 97 7378
52 98 13390
52 99 6090
52 100 1578
52 101 13108
52 102 12813
52 103 2806
52 104 6732
52 105 2311
52 106 2607
52 107 8892
52 108 2865
52 109 7664
52 110 6764
52 111 5153
52 112 4530
52 113 2447
52 114 2285
52 115 1142
52 116 2806
52 117 6165
52 118 2240
52 119 10219
52 120 1661
52 121 906
52 122 5502
52 123 5908
52 124 328
52 125 4145
52 126 7964
52 127 6823
53 54 1548
53 55 1689
53 56 1578
53 57 1816
53 58 3939
53 59 5472
53 60 4935
53 61 4698
53 62 4956
53 63 12716
53 64 3913
53 65 4640
53 66 2504
53 67 5779
53 68 6892
53 69 8368
53 70 7803
53 71 7285
53 72 5168
53 73 6072
53 74 6072
53 75 7958
53 76 6918
53 77 5800
53 78 6749
53 79 5657
53 80 5760
53 81 8249
53 82 10061
53 83 10014
53 84 8041
53 85 10222
53 86 10379
53 87 10388
53 88 10604
53 89 6200
53 90 4618
53 91 4512
53 92 6567
53 93 3624
53 94 1411
53 95 4317
53 96 9910
53 97 7087
53 98 12805
53 99 7263
53 100 3558
53 101 13928
53 102 13790
53 103 2167
53 104 8597
53 105 3863
53 106 4190
53 107 6921
53 108 4441
53 109 9561
53 110 8721
53 111 3225
53 112 2738
53 113 3986
53 114 3937
53 115 2900
53 116 4773
53 117 7421
53 118 259
53 119 11977
53 120 3372
53 121 1888
53 122 5917
53 123 5453
53 124 1689
53 125 5829
53 126 9200
53 127 5411
54 55 2349
54 56 1094
54 57 478
54 58 3528
54 59 4779
54 60 4202
54 61 4062
54 62 4298
54 63 11304
54 64 3549
54 65 5453
54 66 2953
54 67 4669
54 68 5664
54 69 7085
54 70 6596
54 71 6175
54 72 3925
54 73 4858
54 74 4802
54 75 6570
54 76 5511
54 77 4429
54 78 5276
54 79 4182
54 80 4259
54 81 6749
54 82 8531
54 83 8474
54 84 6547
54 85 9287
54 86 9436
54 87 9414
54 88 9611
54 89 6505
54 90 3856
54 91 3946
54 92 6864
54 93 3236
54 94 2461
54 95 3372
54 96 8755
54 97 5870
54 98 11794
54 99 7773
54 100 3036
54 101 12388
54 102 12242
54 103 1094
54 104 8302
54 105 2607
54 106 2928
54 107 7738
54 108 3156
54 109 8462
54 110 7780
54 111 4530
54 112 4203
54 113 4158
54 114 2750
54 115 1986
54 116 3986
54 117 5916
54 118 1724
54 119 10683
54 120 2311
54 121 935
54 122 4414
54 123 4315
54 124 1649
54 125 5838
54 126 7681
54 127 5149
55 56 1435
55 57 2240
55 58 2607
55 59 4248
55 60 3787
55 61 3480
55 62 3735
55 63 12248
55 64 2547
55 65 3121
55 66 820
55 67 4989
55 68 6210
55 69 7722
55 70 7053
55 71 6417
55 72 4618
55 73 5411
55 74 5500
55 75 7527
55 76 6571
55 77 5431
55 78 6583
55 79 5551
55 80 5742
55 81 8131
55 82 10055
55 83 10089
55 84 7906
55 85 9075
55 86 9237
55 87 9280
55 88 9513
55 89 4512
55 90 3528
55 91 3250
55 92 4879
55 93 5214
55 94 3025
55 95 5665
55 96 9029
55 97 8216
55 98 14132
55 99 5611
55 100 2380
55 101 14270
55 102 13989
55 103 3372
55 104 7022
55 105 3490
55 106 3778
55 107 8432
55 108 4035
55 109 8613
55 110 7610
55 111 4440
55 112 3685
55 113 2323
55 114 3449
55 115 2311
55 116 3692
55 117 7348
55 118 1888
55 119 11275
55 120 2825
55 121 1888
55 122 6556
55 123 6662
55 124 928
55 125 4178
55 126 9147
55 127 7056
56 57 836
56 58 2552
56 59 3968
56 60 3412
56 61 3208
56 62 3461
56 63 11229
56 64 2555
56 65 4440
56 66 1903
56 67 4203
56 68 5332
56 69 6820
56 70 6236
56 71 5708
56 72 3624
56 73 4512
56 74 4530
56 75 6468
56 76 5453
56 77 4317
56 78 5364
56 79 4292
56 80 4446
56 81 6898
56 82 8780
56 83 8782
56 84 6680
56 85 8664
56 86 8819
56 87 8823
56 88 9036
56 89 5411
56 90 3082
56 91 3051
56 92 5770
56 93 4292
56 94 2909
56 95 4457
56 96 8333
56 97 6853
56 98 12834
56 99 6685
56 100 2101
56 101 12889
56 102 12648
56 103 2189
56 104 7323
56 105 2349
56 106 2671
56 107 8401
56 108 2928
56 109 7983
56 110 7159
56 111 4802
56 112 4268
56 113 3065
56 114 2391
56 115 1323
56 116 3231
56 117 6090
56 118 1834
56 119 10425
56 120 1805
56 121 464
56 122 5121
56 123 5347
56 124 580
56 125 4769
56 126 7889
56 127 6200
57 58 3095
57 59 4306
57 60 3728
57 61 3596
57 62 3830
57 63 10927
57 64 3123
57 65 5276
57 66 2738
57 67 4203
57 68 5220
57 69 6657
57 70 6149
57 71 5712
57 72 3480
57 73 4410
57 74 4367
57 75 6179
57 76 5128
57 77 4027
57 78 4935
57 79 3842
57 80 3946
57 81 6434
57 82 8256
57 83 8222
57 84 6225
57 85 8811
57 86 8961
57 87 8941
57 88 9140
57 89 6177
57 90 3382
57 91 3488
57 92 6531
57 93 3663
57 94 2881
57 95 3668
57 96 8301
57 97 6016
57 98 12004
57 99 7486
57 100 2594
57 101 12225
57 102 12036
57 103 1467
57 104 7858
57 105 2158
57 106 2483
57 107 8210
57 108 2718
57 109 8000
57 110 7304
57 111 4924
57 112 4537
57 113 3830
57 114 2288
57 115 1512
57 116 3511
57 117 5607
57 118 2029
57 119 10261
57 120 1834
57 121 519
57 122 4348
57 123 4518
57 124 1416
57 125 5453
57 126 7389
57 127 5574
58 59 1649
58 60 1255
58 61 906
58 62 1148
58 63 10061
58 64 116
58 65 3714
58 66 2052
58 67 2757
58 68 4000
58 69 5472
58 70 4723
58 71 4000
58 72 2794
58 73 3299
58 74 3497
58 75 5530
58 76 4757
58 77 3728
58 78 5022
58 79 4222
58 80 4512
58 81 6500
58 82 8471
58 83 8612
58 84 6268
58 85 6473
58 86 6635
58 87 6685
58 88 6921
58 89 3480
58 90 1100
58 91 656
58 92 3787
58 93 6757
58 94 5347
58 95 6643
58 96 6542
58 97 8545
58 98 14623
58 99 4956
58 100 519
58 101 13026
58 102 12554
58 103 4558
58 104 4779
58 105 2349
58 106 2439
58 107 10860
58 108 2607
58 109 6090
58 110 5020
58 111 7008
58 112 6288
58 113 1512
58 114 2129
58 115 1713
58 116 1249
58 117 5842
58 118 4192
58 119 8893
58 120 1805
58 121 2594
58 122 6218
58 123 7271
58 124 2252
58 125 2483
58 126 7544
58 127 8669
59 60 580
59 61 778
59 62 519
59 63 8668
59 64 1724
59 65 4956
59 66 3692
59 67 1724
59 68 2786
59 69 4119
59 70 3322
59 71 2533
59 72 2303
59 73 2311
59 74 2607
59 75 4422
59 76 3889
59 77 3123
59 78 4359
59 79 3877
59 80 4203
59 81 5657
59 82 7576
59 83 7794
59 84 5433
59 85 4828
59 86 4989
59 87 5036
59 88 5273
59 89 3913
59 90 928
59 91 998
59 92 4111
59 93 7896
59 94 6860
59 95 7512
59 96 4956
59 97 8952
59 98 14968
59 99 5402
59 100 1920
59 101 12270
59 102 11672
59 103 5685
59 104 3793
59 105 2715
59 106 2594
59 107 12366
59 108 2607
59 109 4478
59 110 3372
59 111 8612
59 112 7919
59 113 2803
59 114 2458
59 115 2794
59 116 820
59 117 5149
59 118 5730
59 119 7367
59 120 2563
59 121 3872
59 122 6359
59 123 7906
59 124 3793
59 125 2645
59 126 6669
59 127 9778
60 61 367
60 62 259
60 63 8841
60 64 1353
60 65 4825
60 66 3297
60 67 1624
60 68 2822
60 69 4256
60 70 3490
60 71 2750
60 72 1972
60 73 2207
60 74 2461
60 75 4414
60 76 3757
60 77 2865
60 78 4145
60 79 3541
60 80 3861
60 81 5530
60 82 7482
60 83 7667
60 84 5302
60 85 5312
60 86 5472
60 87 5502
60 88 5731
60 89 4073
60 90 348
60 91 625
60 92 4311
60 93 7316
60 94 6313
60 95 6949
60 96 5290
60 97 8462
60 98 14500
60 99 5580
60 100 1416
60 101 12129
60 102 11583
60 103 5105
60 104 4331
60 105 2179
60 106 2091
60 107 11813
60 108 2139
60 109 4846
60 110 3830
60 111 8101
60 112 7432
60 113 2617
60 114 1920
60 115 2216
60 116 259
60 117 4956
60 118 5194
60 119 7640
60 120 1986
60 121 3299
60 122 5915
60 123 7373
60 124 3269
60 125 2853
60 126 6562
60 127 9200
61 62 259
61 63 9208
61 64 998
61 65 4463
61 66 2957
61 67 1975
61 68 3185
61 69 4623
61 70 3856
61 71 3113
61 72 2240
61 73 2552
61 74 2794
61 75 4769
61 76 4086
61 77 3156
61 78 4446
61 79 3787
61 80 4101
61 81 5857
61 82 7814
61 83 7991
61 84 5627
61 85 5598
61 86 5759
61 87 5800
61 88 6033
61 89 3793
61 90 418
61 91 259
61 92 4047
61 93 7226
61 94 6090
61 95 6934
61 96 5638
61 97 8563
61 98 14620
61 99 5301
61 100 1142
61 101 12444
61 102 11914
61 103 5010
61 104 4334
61 105 2252
61 106 2216
61 107 11600
61 108 2303
61 109 5184
61 110 4131
61 111 7834
61 112 7144
61 113 2252
61 114 1996
61 115 2091
61 116 478
61 117 5261
61 118 4956
61 119 8000
61 120 1945
61 121 3141
61 122 6070
61 123 7419
61 124 3016
61 125 2607
61 126 6892
61 127 9122
62 63 9024
62 64 1233
62 65 4618
62 66 3200
62 67 1860
62 68 3036
62 69 4446
62 70 3668
62 71 2909
62 72 2231
62 73 2447
62 74 2708
62 75 4641
62 76 4005
62 77 3123
62 78 4402
62 79 3800
62 80 4119
62 81 5779
62 82 7727
62 83 7917
62 84 5551
62 85 5341
62 86 5502
62 87 5545
62 88 5779
62 89 3816
62 90 519
62 91 492
62 92 4052
62 93 7447
62 94 6346
62 95 7122
62 96 5407
62 97 8687
62 98 14732
62 99 5322
62 100 1402
62 101 12381
62 102 11828
62 103 5232
62 104 4145
62 105 2389
62 106 2320
62 107 11855
62 108 2380
62 109 4946
62 110 3877
62 111 8093
62 112 7402
62 113 2422
62 114 2129
62 115 2320
62 116 492
62 117 5211
62 118 5214
62 119 7786
62 120 2139
62 121 3382
62 122 6157
62 123 7576
62 124 3275
62 125 2594
62 126 6809
62 127 9339
63 64 10169
63 65 13623
63 66 11991
63 67 7326
63 68 6078
63 69 4589
63 70 5356
63 71 6135
63 72 7640
63 73 6848
63 74 6749
63 75 4762
63 76 5800
63 77 6918
63 78 6072
63 79 7148
63 80 7137
63 81 4802
63 82 3939
63 83 4368
63 84 4946
63 85 5800
63 86 5723
63 87 5467
63 88 5283
63 89 12273
63 90 8961
63 91 9465
63 92 12351
63 93 12972
63 94 13753
63 95 11680
63 96 4190
63 97 10644
63 98 14504
63 99 13604
63 100 10023
63 101 6566
63 102 5407
63 103 11485
63 104 9928
63 105 8880
63 106 8559
63 107 18521
63 108 8301
63 109 4769
63 110 6152
63 111 15834
63 112 15454
63 113 11446
63 114 8853
63 115 9987
63 116 8811
63 117 5599
63 118 12946
63 119 1972
63 120 9469
63 121 10843
63 122 8534
63 123 11008
63 124 11439
63 125 11024
63 126 4254
63 127 14226
64 65 3598
64 66 1969
64 67 2870
64 68 4111
64 69 5580
64 70 4829
64 71 4101
64 72 2909
64 73 3414
64 74 3613
64 75 5645
64 76 4873
64 77 3844
64 78 5137
64 79 4334
64 80 4623
64 81 6616
64 82 8587
64 83 8728
64 84 6384
64 85 6542
64 86 6705
64 87 6758
64 88 6996
64 89 3388
64 90 1211
64 91 743
64 92 3699
64 93 6782
64 94 5323
64 95 6693
64 96 6635
64 97 8622
64 98 14701
64 99 4858
64 100 580
64 101 13141
64 102 12670
64 103 4589
64 104 4769
64 105 2447
64 106 2544
64 107 10833
64 108 2715
64 109 6179
64 110 5096
64 111 6961
64 112 6231
64 113 1397
64 114 2231
64 115 1771
64 116 1358
64 117 5957
64 118 4165
64 119 8993
64 120 1888
64 121 2617
64 122 6311
64 123 7336
64 124 2231
64 125 2414
64 126 7660
64 127 8695
65 66 2547
65 67 6431
65 68 7647
65 69 9060
65 70 8272
65 71 7489
65 72 6497
65 73 6995
65 74 7207
65 75 9223
65 76 8471
65 77 7428
65 78 8712
65 79 7842
65 80 8105
65 81 10209
65 82 12181
65 83 12310
65 84 9977
65 85 9237
65 86 9399
65 87 9523
65 88 9781
65 89 2391
65 90 4779
65 91 4216
65 92 2678
65 93 8261
65 94 5706
65 95 8786
65 96 9811
65 97 11293
65 98 17247
65 99 2822
65 100 3959
65 101 16692
65 102 16255
65 103 6493
65 104 5855
65 105 5801
65 106 5988
65 107 10504
65 108 6201
65 109 9287
65 110 8000
65 111 6316
65 112 5367
65 113 2216
65 114 5645
65 115 4733
65 116 4906
65 117 9530
65 118 4762
65 119 12278
65 120 5121
65 121 4835
65 122 9414
65 123 9767
65 124 3861
65 125 3036
65 126 11253
65 127 10038
66 67 4669
66 68 5915
66 69 7419
66 70 6705
66 71 6016
66 72 4446
66 73 5149
66 74 5283
66 75 7336
66 76 6443
66 77 5323
66 78 6547
66 79 5573
66 80 5800
66 81 8088
66 82 10043
66 83 10116
66 84 7858
66 85 8497
66 86 8660
66 87 8719
66 88 8959
66 89 3707
66 90 3089
66 91 2708
66 92 4073
66 93 5971
66 94 3844
66 95 6321
66 96 8587
66 97 8752
66 98 14734
66 99 4858
66 100 1972
66 101 14396
66 102 14048
66 103 4027
66 104 6236
66 105 3482
66 106 3728
66 107 9223
66 108 3971
66 109 8141
66 110 7062
66 111 5179
66 112 4373
66 113 1508
66 114 3382
66 115 2323
66 116 3250
66 117 7341
66 118 2708
66 119 10908
66 120 2786
66 121 2288
66 122 6898
66 123 7248
66 124 1323
66 125 3364
66 126 9122
66 127 7835
67 68 1249
67 69 2750
67 70 2065
67 71 1512
67 72 935
67 73 591
67 74 883
67 75 2794
67 76 2167
67 77 1476
67 78 2648
67 79 2320
67 80 2645
67 81 3939
67 82 5874
67 83 6078
67 84 3714
67 85 4670
67 86 4812
67 87 4769
67 88 4956
67 89 5627
67 90 1661
67 91 2216
67 92 5834
67 93 7419
67 94 7046
67 95 6729
67 96 4131
67 97 7692
67 98 13588
67 99 7122
67 100 2698
67 101 10551
67 102 9975
67 103 5322
67 104 5128
67 105 2091
67 106 1801
67 107 12404
67 108 1640
67 109 3800
67 110 3185
67 111 9004
67 112 8452
67 113 4216
67 114 1920
67 115 2881
67 116 1526
67 117 3427
67 118 6033
67 119 6288
67 120 2414
67 121 3925
67 122 4981
67 123 6870
67 124 4268
67 125 4367
67 126 4960
67 127 9200
68 69 1512
68 70 935
68 71 883
68 72 1740
68 73 820
68 74 883
68 75 1640
68 76 1397
68 77 1512
68 78 2091
68 79 2332
68 80 2594
68 81 3009
68 82 4844
68 83 5105
68 84 2806
68 85 4060
68 86 4178
68 87 4075
68 88 4216
68 89 6677
68 90 2900
68 91 3435
68 92 6848
68 93 8145
68 94 8098
68 95 7267
68 96 3113
68 97 7765
68 98 13436
68 99 8145
68 100 3946
68 101 9575
68 102 8921
68 103 6174
68 104 5599
68 105 3062
68 106 2738
68 107 13341
68 108 2509
68 109 2900
68 110 2730
68 111 10105
68 112 9600
68 113 5437
68 114 2957
68 115 4027
68 116 2757
68 117 2708
68 118 7140
68 119 5096
68 120 3528
68 121 5010
68 122 5008
68 123 7196
68 124 5453
68 125 5397
68 126 3964
68 127 9828
69 70 812
69 71 1624
69 72 3200
69 73 2320
69 74 2297
69 75 1100
69 76 1888
69 77 2706
69 78 2555
69 79 3301
69 80 3461
69 81 2607
69 82 4022
69 83 4385
69 84 2491
69 85 3490
69 86 3558
69 87 3378
69 88 3435
69 89 7889
69 90 4373
69 91 4879
69 92 8017
69 93 9352
69 94 9537
69 95 8333
69 96 1975
69 97 8372
69 98 13687
69 99 9306
69 100 5447
69 101 8715
69 102 7929
69 103 7501
69 104 6225
69 105 4512
69 106 4184
69 107 14682
69 108 3941
69 109 2026
69 110 2625
69 111 11568
69 112 11088
69 113 6868
69 114 4432
69 115 5526
69 116 4222
69 117 2757
69 118 8613
69 119 3609
69 120 5020
69 121 6480
69 122 5685
69 123 8072
69 124 6960
69 125 6612
69 126 3285
69 127 10934
70 71 812
70 72 2671
70 73 1740
70 74 1816
70 75 1561
70 76 1913
70 77 2391
70 78 2645
70 79 3141
70 80 3364
70 81 3117
70 82 4722
70 83 5054
70 84 2957
70 85 3281
70 86 3382
70 87 3250
70 88 3366
70 89 7077
70 90 3631
70 91 4114
70 92 7207
70 93 9061
70 94 9025
70 95 8145
70 96 2179
70 97 8467
70 98 13983
70 99 8497
70 100 4735
70 101 9447
70 102 8694
70 103 7107
70 104 5511
70 105 3991
70 106 3668
70 107 14276
70 108 3443
70 109 2002
70 110 2129
70 111 11022
70 112 10499
70 113 6090
70 114 3877
70 115 4921
70 116 3476
70 117 3065
70 118 8053
70 119 4222
70 120 4432
70 121 5926
70 122 5726
70 123 8007
70 124 6329
70 125 5800
70 126 3925
70 127 10720
71 72 2311
71 73 1411
71 74 1624
71 75 2231
71 76 2252
71 77 2332
71 78 2964
71 79 3185
71 80 3461
71 81 3735
71 82 5453
71 83 5759
71 84 3551
71 85 3267
71 86 3396
71 87 3322
71 88 3490
71 89 6265
71 90 2928
71 91 3372
71 92 6397
71 93 8834
71 94 8559
71 95 8034
71 96 2630
71 97 8638
71 98 14319
71 99 7688
71 100 4060
71 101 10190
71 102 9467
71 103 6789
71 104 4828
71 105 3581
71 106 3275
71 107 13905
71 108 3082
71 109 2288
71 110 1870
71 111 10510
71 112 9942
71 113 5322
71 114 3425
71 115 4385
71 116 2767
71 117 3536
71 118 7540
71 119 4894
71 120 3925
71 121 5437
71 122 5881
71 123 8025
71 124 5744
71 125 4988
71 126 4620
71 127 10566
72 73 935
72 74 906
72 75 2909
72 76 2002
72 77 935
72 78 2231
72 79 1578
72 80 1903
72 81 3712
72 82 5684
72 83 5819
72 84 3480
72 85 5551
72 86 5688
72 87 5627
72 88 5800
72 89 6032
72 90 1834
72 91 2422
72 92 6279
72 93 6530
72 94 6359
72 95 5800
72 96 4835
72 97 6798
72 98 12741
72 99 7540
72 100 2563
72 101 10241
72 102 9761
72 103 4481
72 104 5952
72 105 1323
72 106 998
72 107 11621
72 108 778
72 109 4570
72 110 4086
72 111 8373
72 112 7890
72 113 4306
72 114 1233
72 115 2349
72 116 1767
72 117 3051
72 118 5414
72 119 6809
72 120 1834
72 121 3281
72 122 4119
72 123 5939
72 124 3800
72 125 4825
72 126 4756
72 127 8288
73 74 328
73 75 2231
73 76 1578
73 77 1038
73 78 2091
73 79 1920
73 80 2231
73 81 3348
73 82 5283
73 83 5486
73 84 3123
73 85 4676
73 86 4807
73 87 4732
73 88 4895
73 89 6218
73 90 2216
73 91 2786
73 92 6422
73 93 7428
73 94 7285
73 95 6628
73 96 3899
73 97 7374
73 98 13194
73 99 7712
73 100 3192
73 101 9960
73 102 9384
73 103 5407
73 104 5587
73 105 2252
73 106 1931
73 107 12556
73 108 1713
73 109 3641
73 110 3248
73 111 9287
73 112 8780
73 113 4779
73 114 2139
73 115 3208
73 116 2091
73 117 2853
73 118 6321
73 119 5915
73 120 2708
73 121 4190
73 122 4631
73 123 6662
73 124 4640
73 125 4956
73 126 4368
73 127 9154
74 75 2056
74 76 1297
74 77 734
74 78 1771
74 79 1616
74 80 1920
74 81 3071
74 82 5022
74 83 5210
74 84 2844
74 85 4884
74 86 5010
74 87 4921
74 88 5074
74 89 6501
74 90 2436
74 91 3018
74 92 6713
74 93 7266
74 94 7248
74 95 6418
74 96 3995
74 97 7080
74 98 12878
74 99 8000
74 100 3348
74 101 9678
74 102 9122
74 103 5292
74 104 5915
74 105 2216
74 106 1888
74 107 12461
74 108 1649
74 109 3778
74 110 3488
74 111 9272
74 112 8795
74 113 4993
74 114 2139
74 115 3250
74 116 2323
74 117 2544
74 118 6316
74 119 5906
74 120 2738
74 121 4184
74 122 4331
74 123 6406
74 124 4698
74 125 5246
74 126 4101
74 127 8964
75 76 1069
75 77 2158
75 78 1578
75 79 2509
75 80 2594
75 81 1561
75 82 3231
75 83 3528
75 84 1416
75 85 4589
75 86 4659
75 87 4478
75 88 4530
75 89 8317
75 90 4446
75 91 5010
75 92 8487
75 93 8564
75 94 9029
75 95 7454
75 96 3025
75 97 7312
75 98 12586
75 99 9784
75 100 5402
75 101 7970
75 102 7287
75 103 6848
75 104 7046
75 105 4119
75 106 3800
75 107 13998
75 108 3541
75 109 3123
75 110 3642
75 111 11098
75 112 10695
75 113 7007
75 114 4101
75 115 5241
75 116 4317
75 117 1661
75 118 8190
75 119 4218
75 120 4722
75 121 6082
75 122 4663
75 123 7098
75 124 6694
75 125 7038
75 126 2389
75 127 10061
76 77 1142
76 78 734
76 79 1453
76 80 1578
76 81 1774
76 82 3728
76 83 3913
76 84 1548
76 85 5188
76 86 5283
76 87 5137
76 88 5232
76 89 7794
76 90 3719
76 91 4306
76 92 8000
76 93 7522
76 94 7967
76 95 6457
76 96 3856
76 97 6562
76 98 12096
76 99 9289
76 100 4561
76 101 8384
76 102 7827
76 103 5779
76 104 6984
76 105 3113
76 106 2803
76 107 12934
76 108 2544
76 109 3830
76 110 4007
76 111 10041
76 112 9655
76 113 6264
76 114 3123
76 115 4265
76 116 3613
76 117 1323
76 118 7147
76 119 5276
76 120 3748
76 121 5054
76 122 3835
76 123 6187
76 124 5712
76 125 6533
76 126 2806
76 127 9061
77 78 1297
77 79 883
77 80 1194
77 81 2786
77 82 4757
77 83 4884
77 84 2555
77 85 5569
77 86 5689
77 87 5587
77 88 5726
77 89 6938
77 90 2757
77 91 3348
77 92 7174
77 93 6680
77 94 6890
77 95 5759
77 96 4549
77 97 6346
77 98 12158
77 99 8445
77 100 3482
77 101 9307
77 102 8828
77 103 4795
77 104 6595
77 105 1972
77 106 1661
77 107 11977
77 108 1402
77 109 4391
77 110 4202
77 111 8950
77 112 8538
77 113 5241
77 114 1982
77 115 3123
77 116 2678
77 117 2117
77 118 6033
77 119 6268
77 120 2607
77 121 3925
77 122 3598
77 123 5695
77 124 4570
77 125 5712
77 126 3830
77 127 8329
78 79 1094
78 80 1069
78 81 1548
78 82 3497
78 83 3598
78 84 1323
78 85 5915
78 86 6007
78 87 5857
78 88 5944
78 89 8217
78 90 4052
78 91 4643
78 92 8445
78 93 7023
78 94 7702
78 95 5881
78 96 4530
78 97 5842
78 98 11367
78 99 9723
78 100 4757
78 101 8010
78 102 7544
78 103 5414
78 104 7629
78 105 3095
78 106 2822
78 107 12505
78 108 2576
78 109 4537
78 110 4739
78 111 9791
78 112 9469
78 113 6533
78 114 3166
78 115 4278
78 116 3968
78 117 820
78 118 6964
78 119 5759
78 120 3777
78 121 4935
78 122 3132
78 123 5530
78 124 5689
78 125 6979
78 126 2576
78 127 8487
79 80 328
79 81 2607
79 82 4505
79 83 4548
79 84 2391
79 85 6384
79 86 6497
79 87 6381
79 88 6505
79 89 7576
79 90 3372
79 91 3946
79 92 7834
79 93 6070
79 94 6613
79 95 5036
79 96 5234
79 97 5467
79 98 11281
79 99 9082
79 100 3891
79 101 8853
79 102 8475
79 103 4354
79 104 7448
79 105 2091
79 106 1860
79 107 11489
79 108 1640
79 109 5137
79 110 5054
79 111 8700
79 112 8375
79 113 5712
79 114 2207
79 115 3267
79 116 3324
79 117 1801
79 118 5870
79 119 6726
79 120 2786
79 121 3856
79 122 2715
79 123 4872
79 124 4643
79 125 6388
79 126 3602
79 127 7633
80 81 2491
80 82 4334
80 83 4348
80 84 2288
80 85 6628
80 86 6737
80 87 6613
80 88 6729
80 89 7885
80 90 3685
80 91 4254
80 92 8147
80 93 5971
80 94 6662
80 95 4879
80 96 5416
80 97 5179
80 98 10964
80 99 9391
80 100 4165
80 101 8604
80 102 8256
80 103 4348
80 104 7773
80 105 2323
80 106 2117
80 107 11438
80 108 1913
80 109 5347
80 110 5323
80 111 8752
80 112 8462
80 113 5993
80 114 2461
80 115 3482
80 116 3641
80 117 1661
80 118 5966
80 119 6806
80 120 3018
80 121 4000
80 122 2422
80 123 4646
80 124 4825
80 125 6705
80 126 3449
80 127 7484
81 82 1972
81 83 2139
81 84 232
81 85 6070
81 86 6125
81 87 5925
81 88 5947
81 89 9566
81 90 5483
81 91 6072
81 92 9767
81 93 8170
81 94 9138
81 95 6886
81 96 4367
81 97 6201
81 98 11155
81 99 11059
81 100 6268
81 101 6613
81 102 6060
81 103 6776
81 104 8563
81 105 4643
81 106 4368
81 107 13728
81 108 4119
81 109 4570
81 110 5199
81 111 11229
81 112 10952
81 113 8012
81 114 4711
81 115 5825
81 116 5381
81 117 836
81 118 8456
81 119 4895
81 120 5323
81 121 6463
81 122 3793
81 123 6291
81 124 7234
81 125 8302
81 126 1044
81 127 9453
82 83 478
82 84 2204
82 85 7159
82 86 7174
82 87 6939
82 88 6891
82 89 11489
82 90 7447
82 91 8034
82 92 11677
82 93 9528
82 94 10843
82 95 8121
82 96 5290
82 97 6749
82 98 10748
82 99 12972
82 100 8239
82 101 4739
82 102 4101
82 103 8417
82 104 10230
82 105 6579
82 106 6316
82 107 15101
82 108 6072
82 109 5665
82 110 6613
82 111 12924
82 112 12720
82 113 9982
82 114 6662
82 115 7762
82 116 7341
82 117 2708
82 118 10253
82 119 4825
82 120 7267
82 121 8333
82 122 4921
82 123 7285
82 124 9147
82 125 10217
82 126 928
82 127 10562
83 84 2366
83 85 7591
83 86 7610
83 87 7378
83 88 7336
83 89 11704
83 90 7612
83 91 8202
83 92 11903
83 93 9313
83 94 10743
83 95 7881
83 96 5731
83 97 6381
83 98 10274
83 99 13196
83 100 8355
83 101 4478
83 102 3946
83 103 8300
83 104 10564
83 105 6637
83 106 6389
83 107 14874
83 108 6152
83 109 6090
83 110 6996
83 111 12814
83 112 12645
83 113 10125
83 114 6737
83 115 7814
83 116 7514
83 117 2784
83 118 10199
83 119 5302
83 120 7331
83 121 8329
83 122 4693
83 123 6996
83 124 9173
83 125 10439
83 126 1142
83 127 10280
84 85 5971
84 86 6032
84 87 5838
84 88 5869
84 89 9341
84 90 5252
84 91 5842
84 92 9544
84 93 8028
84 94 8944
84 95 6764
84 96 4305
84 97 6175
84 98 11225
84 99 10835
84 100 6036
84 101 6837
84 102 6291
84 103 6595
84 104 8375
84 105 4417
84 106 4140
84 107 13576
84 108 3891
84 109 4481
84 110 5058
84 111 11035
84 112 10749
84 113 7780
84 114 4482
84 115 5599
84 116 5151
84 117 656
84 118 8250
84 119 4956
84 120 5096
84 121 6247
84 122 3707
84 123 6205
84 124 7011
84 125 8078
84 126 1276
84 127 9341
85 86 164
85 87 348
85 88 591
85 89 7316
85 90 5611
85 91 5825
85 92 7281
85 93 12080
85 94 11570
85 95 11300
85 96 1888
85 97 11748
85 98 17175
85 99 8401
85 100 6726
85 101 11558
85 102 10587
85 103 9991
85 104 4317
85 105 6756
85 106 6471
85 107 17017
85 108 6304
85 109 1512
85 110 1508
85 111 13410
85 112 12741
85 113 7384
85 114 6567
85 115 7373
85 116 5453
85 117 6236
85 118 10481
85 119 3891
85 120 6979
85 121 8469
85 122 9007
85 123 11254
85 124 8575
85 125 6247
85 126 6596
85 127 13829
86 87 259
86 88 464
86 89 7471
86 90 5770
86 91 5987
86 92 7433
86 93 12218
86 94 11725
86 95 11427
86 96 1888
86 97 11845
86 98 17245
86 99 8547
86 100 6886
86 101 11541
86 102 10559
86 103 10134
86 104 4446
86 105 6900
86 106 6613
86 107 17168
86 108 6443
86 109 1556
86 110 1661
86 111 13569
86 112 12902
86 113 7548
86 114 6713
86 115 7527
86 116 5611
86 117 6311
86 118 10638
86 119 3800
86 120 7130
86 121 8622
86 122 9108
86 123 11369
86 124 8734
86 125 6406
86 126 6628
86 127 13961
87 88 259
87 89 7632
87 90 5792
87 91 6033
87 92 7604
87 93 12155
87 94 11725
87 95 11338
87 96 1649
87 97 11698
87 98 17058
87 99 8733
87 100 6918
87 101 11288
87 102 10302
87 103 10089
87 104 4663
87 105 6860
87 106 6567
87 107 17151
87 108 6389
87 109 1358
87 110 1673
87 111 13588
87 112 12934
87 113 7639
87 114 6680
87 115 7522
87 116 5632
87 117 6135
87 118 10647
87 119 3549
87 120 7114
87 121 8613
87 122 8969
87 123 11253
87 124 8755
87 125 6547
87 126 6406
87 127 13883
88 89 7891
88 90 6016
88 91 6268
88 92 7862
88 93 12323
88 94 11934
88 95 11483
88 96 1612
88 97 11785
88 98 17094
88 99 8989
88 100 7147
88 101 11185
88 102 10185
88 103 10271
88 104 4906
88 105 7046
88 106 6750
88 107 17349
88 108 6567
88 109 1411
88 110 1903
88 111 13808
88 112 13162
88 113 7890
88 114 6871
88 115 7731
88 116 5855
88 117 6191
88 118 10863
88 119 3348
88 120 7316
88 121 8819
88 122 9067
88 123 11373
88 124 8977
88 125 6806
88 126 6388
88 127 14038
89 90 4205
89 91 3631
89 92 367
89 93 9650
89 94 7486
89 95 9846
89 96 8216
89 97 11976
89 98 18048
89 99 1508
89 100 3951
89 101 16178
89 102 15584
89 103 7600
89 104 3536
89 105 5825
89 106 5890
89 107 12646
89 108 6029
89 109 7652
89 110 6278
89 111 8469
89 112 7548
89 113 2349
89 114 5598
89 115 5086
89 116 4265
89 117 9024
89 118 6389
89 119 10720
89 120 5273
89 121 5664
89 122 9698
89 123 10620
89 124 4879
89 125 1281
89 126 10581
89 127 11531
90 91 591
90 92 4463
90 93 6969
90 94 5988
90 95 6613
90 96 5511
90 97 8173
90 98 14223
90 99 5712
90 100 1148
90 101 12057
90 102 11542
90 103 4757
90 104 4659
90 105 1870
90 106 1812
90 107 11482
90 108 1888
90 109 5086
90 110 4119
90 111 7799
90 112 7147
90 113 2563
90 114 1612
90 115 1870
90 116 164
90 117 4869
90 118 4878
90 119 7820
90 120 1640
90 121 2957
90 122 5660
90 123 7057
90 124 2964
90 125 3025
90 126 6522
90 127 8853
91 92 3899
91 93 7137
91 94 5911
91 95 6898
91 96 5893
91 97 8607
91 98 14675
91 99 5137
91 100 957
91 101 12649
91 102 12131
91 103 4921
91 104 4391
91 105 2303
91 106 2303
91 107 11425
91 108 2414
91 109 5436
91 110 4367
91 111 7626
91 112 6923
91 113 2002
91 114 2052
91 115 2002
91 116 696
91 117 5461
91 118 4769
91 119 8259
91 120 1920
91 121 3016
91 122 6157
91 123 7425
91 124 2825
91 125 2483
91 126 7110
91 127 9040
92 93 10014
92 94 7851
92 95 10199
92 96 8259
92 97 12305
92 98 18380
92 99 1297
92 100 4268
92 101 16380
92 102 15766
92 103 7958
92 104 3364
92 105 6125
92 106 6177
92 107 12997
92 108 6308
92 109 7689
92 110 6304
92 111 8816
92 112 7891
92 113 2706
92 114 5893
92 115 5416
92 116 4514
92 117 9247
92 118 6756
92 119 10761
92 120 5587
92 121 6016
92 122 10001
92 123 10961
92 124 5241
92 125 1467
92 126 10776
92 127 11896
93 94 2907
93 95 1508
93 96 11229
93 97 4298
93 98 9390
93 99 10822
93 100 6256
93 101 12386
93 102 12556
93 103 2216
93 104 11519
93 105 5367
93 106 5627
93 107 5578
93 108 5779
93 109 11044
93 110 10604
93 111 4298
93 112 4670
93 113 7326
93 114 5587
93 115 5137
93 116 7080
93 117 7378
93 118 3528
93 119 12777
93 120 5337
93 121 4165
93 122 4620
93 123 2730
93 124 4783
93 125 9061
93 126 8860
93 127 1913
94 95 4027
94 96 11166
94 97 6942
94 98 12297
94 99 8445
94 100 4956
94 101 14407
94 102 14380
94 103 2458
94 104 10000
94 105 5036
94 106 5362
94 107 5515
94 108 5599
94 109 10845
94 110 10065
94 111 2091
94 112 1986
94 113 5347
94 114 5151
94 115 4203
94 116 6139
94 117 8301
94 118 1166
94 119 13140
94 120 4636
94 121 3123
94 122 6330
94 123 5283
94 124 3095
94 125 7200
94 126 10028
94 127 4432
95 96 10269
95 97 2921
95 98 8496
95 99 11141
95 100 6125
95 101 10878
95 102 11054
95 103 2297
95 104 11266
95 105 4825
95 106 5022
95 107 6996
95 108 5116
95 109 10147
95 110 9871
95 111 5695
95 112 5944
95 113 7498
95 114 5074
95 115 4935
95 116 6696
95 117 6129
95 118 4306
95 119 11626
95 120 4989
95 121 4182
95 122 3200
95 123 1276
95 124 5020
95 125 9082
95 126 7501
95 127 2607
96 97 10334
96 98 15522
96 99 9482
96 100 6657
96 101 9675
96 102 8719
96 103 9287
96 104 5742
96 105 6148
96 106 5829
96 107 16452
96 108 5611
96 109 580
96 110 1975
96 111 13135
96 112 12571
96 113 7741
96 114 6016
96 115 7011
96 116 5347
96 117 4676
96 118 10164
96 119 2504
96 120 6542
96 121 8051
96 122 7660
96 123 10043
96 124 8373
96 125 7011
96 126 4777
96 127 12860
97 98 6079
97 99 13382
97 100 8045
97 101 8435
97 102 8823
97 103 4935
97 104 12720
97 105 6311
97 106 6371
97 107 9234
97 108 6346
97 109 10377
97 110 10495
97 111 8584
97 112 8865
97 113 9691
97 114 6567
97 115 6890
97 116 8204
97 117 5685
97 118 7117
97 119 11081
97 120 6744
97 121 6473
97 122 2757
97 123 1661
97 124 7432
97 125 11022
97 126 6422
97 127 4360
98 99 19441
98 100 14123
98 101 9465
98 102 10469
98 103 10765
98 104 18693
98 105 12373
98 106 12413
98 107 12301
98 108 12366
98 109 15701
98 110 16101
98 111 13429
98 112 13983
98 113 15750
98 114 12627
98 115 12964
98 116 14245
98 117 10943
98 118 12776
98 119 15569
98 120 12822
98 121 12485
98 122 8622
98 123 7486
98 124 13412
98 125 17100
98 126 10897
98 127 8256
99 100 5407
99 101 17672
99 102 17063
99 103 8862
99 104 4259
99 105 7304
99 106 7381
99 107 13323
99 108 7527
99 109 8908
99 110 7514
99 111 9138
99 112 8187
99 113 3692
99 114 7083
99 115 6505
99 116 5773
99 117 10528
99 118 7421
99 119 11977
99 120 6729
99 121 6984
99 122 11166
99 123 11980
99 124 6125
99 125 2757
99 126 12070
99 127 12665
100 101 12734
100 102 12301
100 103 4052
100 104 5266
100 105 1920
100 106 2056
100 107 10469
100 108 2252
100 109 6234
100 110 5246
100 111 6694
100 112 6016
100 113 1834
100 114 1724
100 115 1194
100 116 1312
100 117 5573
100 118 3816
100 119 8944
100 120 1323
100 121 2101
100 122 5759
100 123 6757
100 124 1874
100 125 2994
100 126 7312
100 127 8167
101 102 1211
101 103 11967
101 104 14941
101 105 10926
101 106 10712
101 107 17655
101 108 10492
101 109 10141
101 110 11240
101 111 16380
101 112 16382
101 113 14535
101 114 11059
101 115 12073
101 116 11967
101 117 7190
101 118 14076
101 119 8333
101 120 11621
101 121 12426
101 122 8078
101 123 9706
101 124 13342
101 125 14915
101 126 5613
101 127 12792
102 103 11923
102 104 14135
102 105 10566
102 106 10327
102 107 17954
102 108 10093
102 109 9211
102 110 10375
102 111 16402
102 112 16333
102 113 14067
102 114 10675
102 115 11737
102 116 11439
102 117 6729
102 118 13955
102 119 7226
102 120 11262
102 121 12189
102 122 8078
102 123 9948
102 124 13066
102 125 14309
102 126 5022
102 127 13134
103 104 9307
103 105 3236
103 106 3522
103 107 7182
103 108 3707
103 109 9048
103 110 8497
103 111 4514
103 112 4417
103 113 5252
103 114 3435
103 115 2921
103 116 4872
103 117 5942
103 118 2231
103 119 11044
103 120 3134
103 121 1982
103 122 3891
103 123 3324
103 124 2738
103 125 6915
103 126 7625
103 127 4119
104 105 6505
104 106 6384
104 107 15454
104 108 6381
104 109 5168
104 110 3826
104 111 11399
104 112 10551
104 113 4756
104 114 6247
104 115 6393
104 116 4589
104 117 8304
104 118 8835
104 119 8123
104 120 6278
104 121 7367
104 122 10071
104 123 11698
104 124 6960
104 125 2973
104 126 9431
104 127 13426
105 106 328
105 107 10324
105 108 580
105 109 5862
105 110 5261
105 111 7056
105 112 6595
105 113 3748
105 114 259
105 115 1183
105 116 1920
105 117 3872
105 118 4104
105 119 8121
105 120 696
105 121 1975
105 122 3877
105 123 5194
105 124 2607
105 125 4760
105 126 5665
105 127 7193
106 107 10635
106 108 259
106 109 5551
106 110 4983
106 111 7384
106 112 6921
106 113 3889
106 114 348
106 115 1467
106 116 1834
106 117 3613
106 118 4432
106 119 7793
106 120 957
106 121 2303
106 122 3856
106 123 5322
106 124 2909
106 125 4783
106 126 5397
106 127 7432
107 108 10843
107 109 16186
107 110 15509
107 111 4190
107 112 5137
107 113 10723
107 114 10484
107 115 9653
107 116 11628
107 117 12922
107 118 6669
107 119 18210
107 120 10039
107 121 8553
107 122 10183
107 123 8012
107 124 8609
107 125 12571
107 126 14437
107 127 4878
108 109 5347
108 110 4825
108 111 7629
108 112 7174
108 113 4080
108 114 591
108 115 1724
108 116 1888
108 117 3372
108 118 4682
108 119 7548
108 120 1211
108 121 2555
108 122 3777
108 123 5356
108 124 3168
108 125 4895
108 126 5151
108 127 7562
109 110 1397
109 111 12784
109 112 12194
109 113 7242
109 114 5712
109 115 6662
109 116 4921
109 117 4783
109 118 9817
109 119 3071
109 120 6210
109 121 7722
109 122 7664
109 123 9993
109 124 7991
109 125 6457
109 126 5084
109 127 12720
110 111 11916
110 112 11262
110 113 6033
110 114 5067
110 115 5866
110 116 3959
110 117 5194
110 118 8980
110 119 4463
110 120 5472
110 121 6961
110 122 7738
110 123 9893
110 124 7083
110 125 5105
110 126 5908
110 127 12375
111 112 957
111 113 6643
111 114 7148
111 115 6125
111 116 7958
111 117 10392
111 118 2971
111 119 15177
111 120 6595
111 121 5096
111 122 8327
111 123 6969
111 124 4835
111 125 8467
111 126 12116
111 127 5194
112 113 5800
112 114 6657
112 115 5578
112 116 7309
112 117 10119
112 118 2509
112 119 14694
112 120 6072
112 121 4620
112 122 8304
112 123 7215
112 124 4203
112 125 7600
112 126 11880
112 127 5829
113 114 3558
113 115 2832
113 116 2691
113 117 7353
113 118 4202
113 119 10169
113 120 3113
113 121 3318
113 122 7540
113 123 8295
113 124 2544
113 125 1856
113 126 9055
113 127 9220
114 115 1142
114 116 1661
114 117 3959
114 118 4184
114 119 8040
114 120 625
114 121 2052
114 122 4114
114 123 5453
114 124 2594
114 125 4518
114 126 5742
114 127 7424
115 116 2002
115 117 5054
115 118 3156
115 119 9123
115 120 519
115 121 1100
115 122 4722
115 123 5569
115 124 1453
115 125 4182
115 126 6848
115 127 7038
116 117 4783
116 118 5032
116 119 7660
116 120 1744
116 121 3095
116 122 5665
116 123 7114
116 124 3123
116 125 3065
116 126 6418
116 127 8959
117 118 7626
117 119 5540
117 120 4561
117 121 5650
117 122 3123
117 123 5613
117 124 6443
117 125 7780
117 126 1801
117 127 8715
118 119 12222
118 120 3624
118 121 2133
118 122 6042
118 123 5472
118 124 1945
118 125 6050
118 126 9399
118 127 5276
119 120 8622
119 121 10089
119 122 8657
119 123 11152
119 124 10545
119 125 9513
119 126 4757
119 127 14228
120 121 1512
120 122 4440
120 123 5511
120 124 1972
120 125 4278
120 126 6350
120 127 7215
121 122 4670
121 123 5004
121 124 991
121 125 4935
121 126 7447
121 127 6078
122 123 2499
122 124 5657
122 125 8632
122 126 4315
122 127 5695
123 124 5926
123 125 9750
123 126 6764
123 127 3285
124 125 4305
124 126 8243
124 127 6680
125 126 9313
125 127 10969
126 127 10007
