130 8514
1 2 119
1 3 170
1 4 248
1 5 161
1 6 508
1 7 296
1 8 200
1 9 544
1 10 430
1 11 165
1 12 383
1 13 409
1 14 425
1 15 273
1 16 88
1 17 156
1 18 187
1 19 226
1 20 201
1 21 249
1 22 301
1 23 331
1 24 285
1 25 354
1 26 244
1 27 202
1 28 221
1 29 304
1 30 242
1 31 176
1 32 404
1 33 265
1 34 149
1 35 198
1 36 417
1 37 300
1 38 331
1 39 65
1 40 319
1 41 37
1 42 325
1 43 207
1 44 313
1 45 98
1 46 181
1 47 319
1 48 348
1 49 394
1 50 105
1 51 369
1 52 528
1 53 376
1 54 174
1 55 388
1 56 505
1 57 537
1 58 388
1 59 270
1 60 382
1 61 168
1 62 136
1 63 271
1 64 282
1 65 475
1 66 389
1 67 411
1 68 300
1 69 304
1 70 242
1 71 66
1 72 452
1 73 465
1 74 504
1 75 508
1 76 127
1 77 402
1 78 355
1 79 302
1 80 170
1 81 384
1 82 553
1 83 189
1 84 419
1 85 345
1 86 356
1 87 382
1 88 308
1 89 304
1 90 320
1 91 527
1 92 403
1 93 263
1 94 342
1 95 302
1 96 401
1 97 251
1 98 321
1 99 499
1 100 227
1 101 587
1 102 523
1 103 420
1 104 174
1 105 116
1 106 327
1 107 185
1 108 197
1 109 160
1 110 297
1 111 588
1 112 121
1 113 394
1 114 197
1 115 187
1 116 274
1 117 121
1 118 175
1 119 459
1 120 391
1 121 303
1 122 380
1 123 589
1 124 203
1 125 322
1 126 235
1 127 150
1 128 90
1 129 167
1 130 82
2 3 139
2 4 130
2 5 275
2 6 390
2 7 365
2 8 138
2 9 468
2 10 323
2 11 282
2 12 309
2 13 313
2 14 318
2 15 230
2 16 191
2 17 113
2 18 109
2 19 198
2 20 87
2 21 157
2 22 192
2 23 224
2 24 230
2 25 375
2 26 327
2 27 170
2 28 275
2 29 259
2 30 215
2 31 133
2 32 404
2 33 173
2 34 132
2 35 81
2 36 410
2 37 189
2 38 236
2 39 106
2 40 208
2 41 114
2 42 206
2 43 223
2 44 195
2 45 213
2 46 74
2 47 207
2 48 374
2 49 280
2 50 40
2 51 250
2 52 442
2 53 260
2 54 75
2 55 272
2 56 433
2 57 465
2 58 275
2 59 242
2 60 263
2 61 286
2 62 203
2 63 309
2 64 389
2 65 402
2 66 392
2 67 310
2 68 326
2 69 411
2 70 304
2 71 92
2 72 339
2 73 372
2 74 414
2 75 419
2 76 247
2 77 359
2 78 307
2 79 228
2 80 59
2 81 321
2 82 491
2 83 179
2 84 412
2 85 342
2 86 458
2 87 309
2 88 407
2 89 286
2 90 313
2 91 413
2 92 304
2 93 149
2 94 319
2 95 236
2 96 299
2 97 323
2 98 333
2 99 403
2 100 176
2 101 539
2 102 407
2 103 365
2 104 204
2 105 185
2 106 217
2 107 228
2 108 137
2 109 279
2 110 299
2 111 548
2 112 174
2 113 392
2 114 155
2 115 231
2 116 212
2 117 146
2 118 58
2 119 443
2 120 273
2 121 246
2 122 267
2 123 548
2 124 306
2 125 318
2 126 180
2 127 205
2 128 176
2 129 271
2 130 57
3 4 220
3 5 257
3 6 409
3 7 464
3 8 49
3 9 596
3 10 301
3 11 279
3 12 441
3 13 262
3 14 295
3 15 369
3 16 177
3 17 250
3 18 68
3 19 336
3 20 141
3 21 118
3 22 191
3 23 211
3 24 368
3 25 503
3 26 414
3 27 308
3 28 170
3 29 399
3 30 78
3 31 271
3 32 539
3 33 131
3 34 265
3 35 189
3 36 547
3 37 193
3 38 358
3 39 105
3 40 214
3 41 135
3 42 263
3 43 349
3 44 238
3 45 216
3 46 114
3 47 212
3 48 500
3 49 368
3 50 103
3 51 300
3 52 565
3 53 338
3 54 208
3 55 290
3 56 564
3 57 595
3 58 364
3 59 107
3 60 311
3 61 317
3 62 136
3 63 428
3 64 442
3 65 532
3 66 253
3 67 272
3 68 451
3 69 465
3 70 408
3 71 104
3 72 427
3 73 490
3 74 534
3 75 540
3 76 264
3 77 498
3 78 186
3 79 363
3 80 121
3 81 457
3 82 626
3 83 44
3 84 549
3 85 203
3 86 519
3 87 441
3 88 474
3 89 424
3 90 174
3 91 493
3 92 417
3 93 176
3 94 458
3 95 373
3 96 263
3 97 419
3 98 463
3 99 516
3 100 315
3 101 677
3 102 416
3 103 503
3 104 323
3 105 129
3 106 319
3 107 342
3 108 46
3 109 300
3 110 432
3 111 686
3 112 106
3 113 527
3 114 29
3 115 125
3 116 349
3 117 71
3 118 141
3 119 581
3 120 342
3 121 135
3 122 270
3 123 686
3 124 369
3 125 179
3 126 68
3 127 311
3 128 146
3 129 333
3 130 106
4 5 405
4 6 274
4 7 450
4 8 188
4 9 386
4 10 241
4 11 412
4 12 244
4 13 257
4 14 236
4 15 225
4 16 321
4 17 164
4 18 156
4 19 221
4 20 80
4 21 152
4 22 128
4 23 157
4 24 209
4 25 414
4 26 425
4 27 200
4 28 384
4 29 244
4 30 276
4 31 171
4 32 418
4 33 158
4 34 196
4 35 51
4 36 417
4 37 121
4 38 148
4 39 232
4 40 128
4 41 244
4 42 83
4 43 281
4 44 86
4 45 344
4 46 106
4 47 129
4 48 418
4 49 153
4 50 159
4 51 126
4 52 349
4 53 130
4 54 90
4 55 166
4 56 359
4 57 387
4 58 148
4 59 297
4 60 138
4 61 411
4 62 323
4 63 371
4 64 504
4 65 327
4 66 455
4 67 243
4 68 375
4 69 525
4 70 387
4 71 218
4 72 213
4 73 272
4 74 317
4 75 323
4 76 375
4 77 330
4 78 328
4 79 179
4 80 102
4 81 270
4 82 426
4 83 263
4 84 419
4 85 405
4 86 567
4 87 244
4 88 514
4 89 299
4 90 376
4 91 284
4 92 198
4 93 84
4 94 319
4 95 197
4 96 233
4 97 412
4 98 368
4 99 296
4 100 180
4 101 489
4 102 295
4 103 320
4 104 278
4 105 307
4 106 99
4 107 307
4 108 189
4 109 407
4 110 329
4 111 506
4 112 292
4 113 406
4 114 219
4 115 338
4 116 185
4 117 258
4 118 85
4 119 435
4 120 143
4 121 265
4 122 174
4 123 505
4 124 419
4 125 383
4 126 222
4 127 296
4 128 303
4 129 386
4 130 183
5 6 650
5 7 329
5 8 303
5 9 697
5 10 555
5 11 31
5 12 537
5 13 520
5 14 549
5 15 417
5 16 86
5 17 311
5 18 307
5 19 367
5 20 346
5 21 369
5 22 434
5 23 460
5 24 434
5 25 443
5 26 265
5 27 348
5 28 177
5 29 448
5 30 299
5 31 329
5 32 509
5 33 384
5 34 297
5 35 355
5 36 527
5 37 434
5 38 491
5 39 178
5 40 455
5 41 161
5 42 477
5 43 323
5 44 461
5 45 64
5 46 321
5 47 454
5 48 433
5 49 554
5 50 249
5 51 520
5 52 685
5 53 534
5 54 336
5 55 529
5 56 656
5 57 688
5 58 548
5 59 320
5 60 532
5 61 106
5 62 129
5 63 354
5 64 229
5 65 628
5 66 377
5 67 528
5 68 390
5 69 249
5 70 299
5 71 190
5 72 613
5 73 625
5 74 663
5 75 666
5 76 67
5 77 539
5 78 413
5 79 458
5 80 315
5 81 533
5 82 698
5 83 247
5 84 529
5 85 347
5 86 305
5 87 536
5 88 276
5 89 431
5 90 332
5 91 687
5 92 564
5 93 404
5 94 470
5 95 456
5 96 519
5 97 291
5 98 423
5 99 659
5 100 379
5 101 722
5 102 662
5 103 564
5 104 287
5 105 129
5 106 488
5 107 282
5 108 301
5 109 79
5 110 411
5 111 718
5 112 153
5 113 502
5 114 285
5 115 179
5 116 427
5 117 186
5 118 325
5 119 575
5 120 548
5 121 380
5 122 515
5 123 720
5 124 191
5 125 330
5 126 323
5 127 248
5 128 113
5 129 168
5 130 224
6 7 720
6 8 360
6 9 475
6 10 137
6 11 664
6 12 410
6 13 204
6 14 139
6 15 464
6 16 564
6 17 435
6 18 347
6 19 478
6 20 307
6 21 291
6 22 218
6 23 199
6 24 439
6 25 663
6 26 698
6 27 463
6 28 573
6 29 470
6 30 416
6 31 439
6 32 647
6 33 279
6 34 468
6 35 321
6 36 639
6 37 217
6 38 325
6 39 472
6 40 196
6 41 493
6 42 191
6 43 548
6 44 195
6 45 595
6 46 330
6 47 198
6 48 670
6 49 209
6 50 405
6 51 150
6 52 420
6 53 189
6 54 364
6 55 121
6 56 472
6 57 487
6 58 215
6 59 419
6 60 138
6 61 676
6 62 542
6 63 635
6 64 776
6 65 449
6 66 549
6 67 177
6 68 633
6 69 797
6 70 658
6 71 461
6 72 212
6 73 352
6 74 385
6 75 393
6 76 634
6 77 524
6 78 383
6 79 393
6 80 339
6 81 450
6 82 544
6 83 440
6 84 640
6 85 509
6 86 840
6 87 411
6 88 787
6 89 538
6 90 487
6 91 209
6 92 302
6 93 247
6 94 545
6 95 414
6 96 179
6 97 684
6 98 617
6 99 345
6 100 434
6 101 624
6 102 30
6 103 494
6 104 549
6 105 532
6 106 258
6 107 579
6 108 363
6 109 668
6 110 577
6 111 655
6 112 511
6 113 635
6 114 389
6 115 531
6 116 418
6 117 473
6 118 333
6 119 641
6 120 163
6 121 349
6 122 139
6 123 651
6 124 691
6 125 496
6 126 362
6 127 570
6 128 539
6 129 658
6 130 430
7 8 488
7 9 531
7 10 682
7 11 301
7 12 408
7 13 678
7 14 677
7 15 286
7 16 334
7 17 286
7 18 468
7 19 251
7 20 448
7 21 522
7 22 553
7 23 585
7 24 315
7 25 159
7 26 64
7 27 261
7 28 485
7 29 301
7 30 538
7 31 281
7 32 238
7 33 538
7 34 254
7 35 408
7 36 262
7 37 548
7 38 430
7 39 361
7 40 564
7 41 333
7 42 531
7 43 175
7 44 534
7 45 302
7 46 440
7 47 564
7 48 143
7 49 542
7 50 378
7 51 571
7 52 546
7 53 544
7 54 361
7 55 616
7 56 489
7 57 516
7 58 535
7 59 566
7 60 583
7 61 226
7 62 406
7 63 102
7 64 162
7 65 472
7 66 675
7 67 673
7 68 131
7 69 165
7 70 63
7 71 360
7 72 584
7 73 521
7 74 542
7 75 541
7 76 265
7 77 341
7 78 650
7 79 363
7 80 424
7 81 380
7 82 499
7 83 484
7 84 263
7 85 634
7 86 167
7 87 408
7 88 123
7 89 237
7 90 611
7 91 656
7 92 495
7 93 506
7 94 264
7 95 346
7 96 662
7 97 45
7 98 171
7 99 558
7 100 294
7 101 489
7 102 743
7 103 383
7 104 172
7 105 390
7 106 475
7 107 142
7 108 486
7 109 251
7 110 192
7 111 470
7 112 405
7 113 237
7 114 490
7 115 465
7 116 328
7 117 415
7 118 417
7 119 314
7 120 568
7 121 596
7 122 619
7 123 474
7 124 140
7 125 612
7 126 527
7 127 160
7 128 359
7 129 161
7 130 364
8 9 572
8 10 253
8 11 323
8 12 421
8 13 217
8 14 247
8 15 363
8 16 221
8 17 250
8 18 34
8 19 335
8 20 109
8 21 69
8 22 143
8 23 162
8 24 358
8 25 512
8 26 441
8 27 307
8 28 215
8 29 390
8 30 89
8 31 269
8 32 541
8 33 83
8 34 270
8 35 166
8 36 547
8 37 146
8 38 332
8 39 140
8 40 166
8 41 169
8 42 221
8 43 359
8 44 194
8 45 258
8 46 88
8 47 164
8 48 510
8 49 330
8 50 111
8 51 255
8 52 537
8 53 298
8 54 195
8 55 242
8 56 542
8 57 572
8 58 327
8 59 112
8 60 266
8 61 357
8 62 184
8 63 442
8 64 479
8 65 510
8 66 269
8 67 225
8 68 462
8 69 502
8 70 429
8 71 135
8 72 388
8 73 460
8 74 505
8 75 511
8 76 305
8 77 488
8 78 170
8 79 346
8 80 100
8 81 441
8 82 606
8 83 83
8 84 549
8 85 219
8 86 554
8 87 421
8 88 507
8 89 423
8 90 189
8 91 451
8 92 386
8 93 132
8 94 454
8 95 358
8 96 216
8 97 444
8 98 470
8 99 484
8 100 308
8 101 662
8 102 367
8 103 488
8 104 336
8 105 177
8 106 286
8 107 358
8 108 3
8 109 341
8 110 436
8 111 674
8 112 154
8 113 529
8 114 32
8 115 172
8 116 337
8 117 118
8 118 120
8 119 578
8 120 300
8 121 110
8 122 221
8 123 673
8 124 402
8 125 196
8 126 43
8 127 330
8 128 191
8 129 366
8 130 124
9 10 549
9 11 689
9 12 161
9 13 598
9 14 547
9 15 282
9 16 632
9 17 388
9 18 538
9 19 333
9 20 462
9 21 537
9 22 493
9 23 511
9 24 262
9 25 388
9 26 555
9 27 349
9 28 742
9 29 253
9 30 660
9 31 369
9 32 322
9 33 541
9 34 400
9 35 407
9 36 300
9 37 485
9 38 240
9 39 567
9 40 480
9 41 563
9 42 394
9 43 397
9 44 424
9 45 635
9 46 485
9 47 483
9 48 403
9 49 289
9 50 508
9 51 393
9 52 57
9 53 324
9 54 393
9 55 459
9 56 43
9 57 19
9 58 287
9 59 682
9 60 394
9 61 647
9 62 666
9 63 431
9 64 671
9 65 69
9 66 841
9 67 574
9 68 401
9 69 683
9 70 493
9 71 554
9 72 264
9 73 128
9 74 91
9 75 83
9 76 641
9 77 190
9 78 711
9 79 243
9 80 476
9 81 165
9 82 77
9 83 639
9 84 300
9 85 790
9 86 697
9 87 162
9 88 649
9 89 298
9 90 761
9 91 281
9 92 198
9 93 463
9 94 268
9 95 242
9 96 566
9 97 523
9 98 361
9 99 130
9 100 318
9 101 158
9 102 505
9 103 149
9 104 428
9 105 646
9 106 295
9 107 447
9 108 573
9 109 658
9 110 340
9 111 195
9 112 639
9 113 315
9 114 600
9 115 698
9 116 270
9 117 614
9 118 455
9 119 266
9 120 343
9 121 650
9 122 488
9 123 190
9 124 602
9 125 768
9 126 607
9 127 469
9 128 629
9 129 587
9 130 523
10 11 573
10 12 447
10 13 68
10 14 6
10 15 463
10 16 471
10 17 399
10 18 249
10 19 463
10 20 237
10 21 187
10 22 131
10 23 100
10 24 443
10 25 655
10 26 649
10 27 441
10 28 454
10 29 478
10 30 293
10 31 410
10 32 656
10 33 171
10 34 430
10 35 275
10 36 652
10 37 134
10 38 349
10 39 383
10 40 118
10 41 408
10 42 175
10 43 520
10 44 157
10 45 506
10 46 252
10 47 118
10 48 659
10 49 260
10 50 326
10 51 159
10 52 498
10 53 226
10 54 323
10 55 91
10 56 536
10 57 557
10 58 263
10 59 291
10 60 156
10 61 597
10 62 436
10 63 610
10 64 710
10 65 508
10 66 414
10 67 41
10 68 616
10 69 733
10 70 620
10 71 374
10 72 292
10 73 421
10 74 461
10 75 469
10 76 550
10 77 552
10 78 247
10 79 405
10 80 265
10 81 483
10 82 609
10 83 325
10 84 654
10 85 375
10 86 781
10 87 447
10 88 730
10 89 538
10 90 354
10 91 317
10 92 355
10 93 176
10 94 554
10 95 425
10 96 44
10 97 642
10 98 608
10 99 426
10 100 421
10 101 684
10 102 130
10 103 531
10 104 512
10 105 429
10 106 276
10 107 540
10 108 256
10 109 585
10 110 569
10 111 709
10 112 407
10 113 643
10 114 276
10 115 416
10 116 420
10 117 370
10 118 267
10 119 665
10 120 206
10 121 219
10 122 69
10 123 706
10 124 628
10 125 363
10 126 244
10 127 523
10 128 442
10 129 592
10 130 349
11 12 531
11 13 540
11 14 568
11 15 408
11 16 102
11 17 308
11 18 324
11 19 357
11 20 358
11 21 387
11 22 450
11 23 477
11 24 427
11 25 421
11 26 237
11 27 340
11 28 208
11 29 438
11 30 325
11 31 324
11 32 489
11 33 402
11 34 290
11 35 362
11 36 508
11 37 450
11 38 490
11 39 192
11 40 471
11 41 172
11 42 487
11 43 308
11 44 472
11 45 70
11 46 334
11 47 469
11 48 410
11 49 559
11 50 260
11 51 530
11 52 679
11 53 541
11 54 339
11 55 543
11 56 648
11 57 680
11 58 553
11 59 347
11 60 543
11 61 76
11 62 156
11 63 332
11 64 198
11 65 620
11 66 408
11 67 548
11 68 369
11 69 218
11 70 275
11 71 203
11 72 617
11 73 622
11 74 659
11 75 662
11 76 49
11 77 527
11 78 440
11 79 453
11 80 326
11 81 524
11 82 687
11 83 272
11 84 510
11 85 378
11 86 274
11 87 530
11 88 245
11 89 416
11 90 362
11 91 692
11 92 564
11 93 417
11 94 456
11 95 449
11 96 538
11 97 265
11 98 403
11 99 657
11 100 372
11 101 708
11 102 677
11 103 553
11 104 272
11 105 153
11 106 492
11 107 264
11 108 321
11 109 50
11 110 394
11 111 702
11 112 176
11 113 483
11 114 307
11 115 208
11 116 421
11 117 208
11 118 335
11 119 557
11 120 556
11 121 405
11 122 531
11 123 704
11 124 162
11 125 360
11 126 345
11 127 232
11 128 132
11 129 142
11 130 235
12 13 484
12 14 444
12 15 131
12 16 471
12 17 227
12 18 388
12 19 180
12 20 314
12 21 396
12 22 364
12 23 388
12 24 106
12 25 291
12 26 419
12 27 192
12 28 582
12 29 109
12 30 509
12 31 208
12 32 251
12 33 402
12 34 240
12 35 255
12 36 237
12 37 357
12 38 100
12 39 406
12 40 357
12 41 402
12 42 276
12 43 252
12 44 301
12 45 474
12 46 334
12 47 359
12 48 304
12 49 201
12 50 349
12 51 290
12 52 150
12 53 227
12 54 235
12 55 357
12 56 124
12 57 156
12 58 196
12 59 533
12 60 295
12 61 494
12 62 505
12 63 306
12 64 531
12 65 93
12 66 690
12 67 464
12 68 285
12 69 546
12 70 360
12 71 393
12 72 213
12 73 113
12 74 136
12 75 137
12 76 483
12 77 114
12 78 571
12 79 82
12 80 323
12 81 40
12 82 185
12 83 484
12 84 238
12 85 640
12 86 568
12 87 1
12 88 516
12 89 173
12 90 610
12 91 270
12 92 112
12 93 327
12 94 159
12 95 81
12 96 454
12 97 391
12 98 252
12 99 150
12 100 159
12 101 245
12 102 439
12 103 84
12 104 279
12 105 485
12 106 172
12 107 302
12 108 422
12 109 502
12 110 220
12 111 265
12 112 479
12 113 240
12 114 448
12 115 539
12 116 110
12 117 455
12 118 302
12 119 231
12 120 252
12 121 509
12 122 380
12 123 263
12 124 456
12 125 617
12 126 460
12 127 319
12 128 467
12 129 437
12 130 363
13 14 65
13 15 483
13 16 438
13 17 403
13 18 222
13 19 475
13 20 231
13 21 160
13 22 131
13 23 101
13 24 466
13 25 667
13 26 640
13 27 451
13 28 404
13 29 501
13 30 240
13 31 417
13 32 675
13 33 144
13 34 433
13 35 281
13 36 674
13 37 138
13 38 384
13 39 355
13 40 130
13 41 382
13 42 208
13 43 524
13 44 183
13 45 475
13 46 239
13 47 128
13 48 670
13 49 309
13 50 307
13 51 204
13 52 549
13 53 273
13 54 329
13 55 141
13 56 581
13 57 604
13 58 311
13 59 234
13 60 205
13 61 572
13 62 396
13 63 614
13 64 691
13 65 552
13 66 348
13 67 28
13 68 624
13 69 714
13 70 616
13 71 348
13 72 347
13 73 470
13 74 512
13 75 520
13 76 522
13 77 582
13 78 181
13 79 433
13 80 254
13 81 517
13 82 654
13 83 279
13 84 676
13 85 311
13 86 764
13 87 484
13 88 715
13 89 555
13 90 292
13 91 380
13 92 401
13 93 179
13 94 576
13 95 452
13 96 32
13 97 636
13 98 621
13 99 479
13 100 435
13 101 725
13 102 195
13 103 566
13 104 512
13 105 391
13 106 312
13 107 539
13 108 220
13 109 558
13 110 583
13 111 748
13 112 368
13 113 663
13 114 235
13 115 368
13 116 442
13 117 333
13 118 262
13 119 691
13 120 256
13 121 160
13 122 110
13 123 746
13 124 611
13 125 301
13 126 199
13 127 518
13 128 408
13 129 575
13 130 328
14 15 459
14 16 465
14 17 394
14 18 243
14 19 458
14 20 231
14 21 181
14 22 125
14 23 94
14 24 439
14 25 650
14 26 643
14 27 436
14 28 449
14 29 473
14 30 288
14 31 404
14 32 651
14 33 166
14 34 425
14 35 270
14 36 648
14 37 129
14 38 346
14 39 377
14 40 113
14 41 402
14 42 171
14 43 515
14 44 153
14 45 500
14 46 246
14 47 112
14 48 654
14 49 258
14 50 320
14 51 156
14 52 496
14 53 224
14 54 318
14 55 88
14 56 534
14 57 555
14 58 261
14 59 286
14 60 153
14 61 592
14 62 431
14 63 605
14 64 705
14 65 505
14 66 410
14 67 38
14 68 611
14 69 727
14 70 614
14 71 368
14 72 290
14 73 419
14 74 459
14 75 467
14 76 544
14 77 548
14 78 243
14 79 401
14 80 259
14 81 479
14 82 607
14 83 319
14 84 650
14 85 372
14 86 775
14 87 444
14 88 724
14 89 533
14 90 350
14 91 317
14 92 353
14 93 171
14 94 550
14 95 421
14 96 40
14 97 636
14 98 604
14 99 424
14 100 416
14 101 681
14 102 134
14 103 528
14 104 507
14 105 424
14 106 272
14 107 535
14 108 250
14 109 580
14 110 565
14 111 706
14 112 401
14 113 638
14 114 271
14 115 410
14 116 415
14 117 365
14 118 262
14 119 661
14 120 204
14 121 214
14 122 65
14 123 703
14 124 622
14 125 359
14 126 239
14 127 518
14 128 437
14 129 587
14 130 343
15 16 359
15 17 123
15 18 331
15 19 51
15 20 270
15 21 359
15 22 352
15 23 382
15 24 30
15 25 198
15 26 291
15 27 71
15 28 487
15 29 32
15 30 445
15 31 101
15 32 193
15 33 369
15 34 124
15 35 209
15 36 192
15 37 345
15 38 148
15 39 310
15 40 353
15 41 298
15 42 291
15 43 121
15 44 306
15 45 357
15 46 280
15 47 355
15 48 206
15 49 267
15 50 267
15 51 321
15 52 280
15 53 277
15 54 169
15 55 380
15 56 241
15 57 272
15 58 260
15 59 472
15 60 331
15 61 366
15 62 404
15 63 186
15 64 401
15 65 214
15 66 622
15 67 469
15 68 174
15 69 416
15 70 233
15 71 298
15 72 302
15 73 240
15 74 267
15 75 268
15 76 359
15 77 131
15 78 528
15 79 78
15 80 265
15 81 117
15 82 282
15 83 409
15 84 194
15 85 572
15 86 440
15 87 130
15 88 388
15 89 75
15 90 543
15 91 372
15 92 210
15 93 306
15 94 94
15 95 60
15 96 458
15 97 263
15 98 152
15 99 277
15 100 54
15 101 316
15 102 491
15 103 148
15 104 148
15 105 384
15 106 207
15 107 171
15 108 362
15 109 376
15 110 113
15 111 320
15 112 382
15 113 180
15 114 384
15 115 447
15 116 47
15 117 365
15 118 247
15 119 216
15 120 303
15 121 465
15 122 395
15 123 321
15 124 325
15 125 548
15 126 405
15 127 189
15 128 361
15 129 307
15 130 274
16 17 244
16 18 222
16 19 311
16 20 260
16 21 284
16 22 349
16 23 375
16 24 372
16 25 421
16 26 274
16 27 288
16 28 152
16 29 391
16 30 230
16 31 263
16 32 478
16 33 300
16 34 236
16 35 272
16 36 493
16 37 349
16 38 416
16 39 92
16 40 369
16 41 77
16 42 391
16 43 282
16 44 374
16 45 40
16 46 235
16 47 368
16 48 413
16 49 471
16 50 163
16 51 434
16 52 615
16 53 450
16 54 257
16 55 443
16 56 593
16 57 625
16 58 466
16 59 255
16 60 447
16 61 144
16 62 73
16 63 333
16 64 274
16 65 563
16 66 342
16 67 446
16 68 366
16 69 296
16 70 290
16 71 104
16 72 531
16 73 552
16 74 591
16 75 595
16 76 90
16 77 487
16 78 347
16 79 390
16 80 229
16 81 471
16 82 640
16 83 175
16 84 495
16 85 304
16 86 352
16 87 470
16 88 313
16 89 385
16 90 284
16 91 604
16 92 488
16 93 318
16 94 424
16 95 390
16 96 436
16 97 291
16 98 393
16 99 585
16 100 315
16 101 672
16 102 576
16 103 507
16 104 247
16 105 60
16 106 407
16 107 251
16 108 218
16 109 124
16 110 374
16 111 672
16 112 81
16 113 469
16 114 206
16 115 132
16 116 362
16 117 107
16 118 240
16 119 538
16 120 463
16 121 307
16 122 430
16 123 673
16 124 212
16 125 283
16 126 245
16 127 215
16 128 32
16 129 179
16 130 138
17 18 220
17 19 86
17 20 174
17 21 259
17 22 274
17 23 306
17 24 130
17 25 267
17 26 264
17 27 58
17 28 364
17 29 154
17 30 327
17 31 22
17 32 292
17 33 273
17 34 32
17 35 124
17 36 298
17 37 268
17 38 185
17 39 187
17 40 282
17 41 177
17 42 246
17 43 121
17 44 249
17 45 248
17 46 175
17 47 282
17 48 268
17 49 274
17 50 147
17 51 286
17 52 373
17 53 267
17 54 76
17 55 330
17 56 349
17 57 381
17 58 267
17 59 355
17 60 298
17 61 282
17 62 283
17 63 211
17 64 353
17 65 319
17 66 501
17 67 395
17 68 221
17 69 372
17 70 224
17 71 175
17 72 326
17 73 315
17 74 351
17 75 355
17 76 262
17 77 254
17 78 419
17 79 147
17 80 159
17 81 229
17 82 399
17 83 288
17 84 300
17 85 452
17 86 410
17 87 226
17 88 356
17 89 174
17 90 424
17 91 401
17 92 259
17 93 226
17 94 208
17 95 146
17 96 384
17 97 249
17 98 223
17 99 350
17 100 72
17 101 438
17 102 458
17 103 267
17 104 114
17 105 262
17 106 204
17 107 144
17 108 249
17 109 286
17 110 188
17 111 443
17 112 260
17 113 280
17 114 267
17 115 324
17 116 118
17 117 242
17 118 145
17 119 331
17 120 289
17 121 357
17 122 335
17 123 444
17 124 268
17 125 428
17 126 292
17 127 136
17 128 242
17 129 240
17 130 151
18 19 304
18 20 77
18 21 63
18 22 128
18 23 153
18 24 325
18 25 484
18 26 424
18 27 276
18 28 238
18 29 358
18 30 122
18 31 239
18 32 511
18 33 79
18 34 241
18 35 133
18 36 516
18 37 130
18 38 299
18 39 134
18 40 151
18 41 161
18 42 195
18 43 332
18 44 170
18 45 257
18 46 54
18 47 149
18 48 483
18 49 301
18 50 89
18 51 232
18 52 504
18 53 270
18 54 162
18 55 226
18 56 509
18 57 538
18 58 297
18 59 145
18 60 244
18 61 351
18 62 195
18 63 417
18 64 469
18 65 476
18 66 303
18 67 226
18 68 435
18 69 492
18 70 408
18 71 126
18 72 360
18 73 428
18 74 472
18 75 478
18 76 302
18 77 455
18 78 199
18 79 312
18 80 66
18 81 407
18 82 573
18 83 109
18 84 518
18 85 252
18 86 543
18 87 387
18 88 494
18 89 392
18 90 223
18 91 425
18 92 354
18 93 108
18 94 423
18 95 325
18 96 216
18 97 424
18 98 442
18 99 452
18 100 276
18 101 628
18 102 356
18 103 455
18 104 311
18 105 185
18 106 254
18 107 335
18 108 34
18 109 337
18 110 407
18 111 641
18 112 164
18 113 499
18 114 63
18 115 193
18 116 304
18 117 127
18 118 86
18 119 546
18 120 274
18 121 137
18 122 209
18 123 640
18 124 390
18 125 229
18 126 74
18 127 308
18 128 195
18 129 354
18 130 107
19 20 251
19 21 339
19 22 344
19 23 375
19 24 74
19 25 192
19 26 248
19 27 28
19 28 443
19 29 81
19 30 413
19 31 65
19 32 207
19 33 352
19 34 77
19 35 194
19 36 212
19 37 337
19 38 179
19 39 267
19 40 348
19 41 253
19 42 296
19 43 79
19 44 306
19 45 307
19 46 257
19 47 349
19 48 197
19 49 291
19 50 232
19 51 331
19 52 329
19 53 296
19 54 149
19 55 385
19 56 291
19 57 323
19 58 284
19 59 440
19 60 342
19 61 315
19 62 359
19 63 158
19 64 355
19 65 265
19 66 586
19 67 463
19 68 155
19 69 371
19 70 194
19 71 257
19 72 333
19 73 285
19 74 314
19 75 316
19 76 309
19 77 176
19 78 503
19 79 115
19 80 241
19 81 168
19 82 331
19 83 373
19 84 214
19 85 538
19 86 399
19 87 179
19 88 346
19 89 88
19 90 509
19 91 406
19 92 247
19 93 296
19 94 122
19 95 103
19 96 452
19 97 224
19 98 146
19 99 322
19 100 45
19 101 361
19 102 503
19 103 197
19 104 100
19 105 339
19 106 226
19 107 125
19 108 334
19 109 325
19 110 108
19 111 363
19 112 339
19 113 195
19 114 353
19 115 404
19 116 79
19 117 324
19 118 225
19 119 245
19 120 320
19 121 441
19 122 395
19 123 364
19 124 278
19 125 513
19 126 377
19 127 139
19 128 315
19 129 258
19 130 235
20 21 89
20 22 106
20 23 138
20 24 260
20 25 440
20 26 412
20 27 225
20 28 307
20 29 294
20 30 198
20 31 189
20 32 458
20 33 100
20 34 202
20 35 62
20 36 460
20 37 103
20 38 223
20 39 168
20 40 121
20 41 187
20 42 132
20 43 294
20 44 114
20 45 289
20 46 28
20 47 120
20 48 442
20 49 228
20 50 98
20 51 174
20 52 428
20 53 200
20 54 103
20 55 187
20 56 433
20 57 463
20 58 224
20 59 220
20 60 186
20 61 369
20 62 252
20 63 383
20 64 476
20 65 401
20 66 378
20 67 226
20 68 395
20 69 498
20 70 386
20 71 156
20 72 288
20 73 351
20 74 396
20 75 402
20 76 327
20 77 388
20 78 261
20 79 242
20 80 32
20 81 336
20 82 499
20 83 184
20 84 462
20 85 328
20 86 545
20 87 314
20 88 493
20 89 337
20 90 299
20 91 356
20 92 277
20 93 62
20 94 364
20 95 256
20 96 215
20 97 406
20 98 396
20 99 376
20 100 217
20 101 557
20 102 322
20 103 384
20 104 280
20 105 237
20 106 178
20 107 308
20 108 110
20 109 361
20 110 359
20 111 571
20 112 220
20 113 445
20 114 139
20 115 261
20 116 238
20 117 184
20 118 31
20 119 485
20 120 208
20 121 197
20 122 181
20 123 570
20 124 392
20 125 305
20 126 146
20 127 288
20 128 238
20 129 357
20 130 124
21 22 75
21 23 93
21 24 348
21 25 526
21 26 481
21 27 313
21 28 283
21 29 383
21 30 139
21 31 276
21 32 546
21 33 16
21 34 285
21 35 150
21 36 549
21 37 78
21 38 300
21 39 197
21 40 98
21 41 223
21 42 163
21 43 378
21 44 133
21 45 320
21 46 85
21 47 96
21 48 527
21 49 277
21 50 147
21 51 193
21 52 498
21 53 243
21 54 191
21 55 173
21 56 511
21 57 539
21 58 275
21 59 153
21 60 202
21 61 413
21 62 252
21 63 465
21 64 531
21 65 479
21 66 310
21 67 163
21 68 480
21 69 553
21 70 461
21 71 189
21 72 333
21 73 419
21 74 464
21 75 471
21 76 365
21 77 475
21 78 176
21 79 327
21 80 101
21 81 420
21 82 579
21 83 150
21 84 551
21 85 261
21 86 604
21 87 396
21 88 555
21 89 426
21 90 233
21 91 391
21 92 344
21 93 77
21 94 453
21 95 343
21 96 153
21 97 479
21 98 482
21 99 439
21 100 306
21 101 640
21 102 298
21 103 469
21 104 361
21 105 244
21 106 243
21 107 386
21 108 72
21 109 400
21 110 446
21 111 656
21 112 222
21 113 534
21 114 98
21 115 241
21 116 326
21 117 185
21 118 114
21 119 574
21 120 241
21 121 113
21 122 152
21 123 655
21 124 451
21 125 240
21 126 80
21 127 362
21 128 256
21 129 415
21 130 168
22 23 33
22 24 336
22 25 536
22 26 518
22 27 320
22 28 358
22 29 371
22 30 211
22 31 286
22 32 545
22 33 66
22 34 304
22 35 150
22 36 544
22 37 8
22 38 265
22 39 258
22 40 23
22 41 281
22 42 101
22 43 395
22 44 70
22 45 381
22 46 121
22 47 21
22 48 539
22 49 217
22 50 196
22 51 123
22 52 449
22 53 181
22 54 198
22 55 99
22 56 471
22 57 497
22 58 216
22 59 221
22 60 131
22 61 469
22 62 323
22 63 485
22 64 580
22 65 440
22 66 372
22 67 121
22 68 494
22 69 602
22 70 491
22 71 248
22 72 269
22 73 369
22 74 414
22 75 421
22 76 424
22 77 456
22 78 222
22 79 306
22 80 134
22 81 394
22 82 542
22 83 225
22 84 546
22 85 325
22 86 650
22 87 364
22 88 599
22 89 424
22 90 299
22 91 322
22 92 296
22 93 48
22 94 446
22 95 324
22 96 110
22 97 512
22 98 490
22 99 385
22 100 304
22 101 609
22 102 228
22 103 444
22 104 384
22 105 313
22 106 198
22 107 412
22 108 146
22 109 458
22 110 452
22 111 629
22 112 292
22 113 532
22 114 173
22 115 315
22 116 313
22 117 255
22 118 137
22 119 563
22 120 174
22 121 166
22 122 81
22 123 627
22 124 497
22 125 307
22 126 153
22 127 393
22 128 322
22 129 462
22 130 220
23 24 365
23 25 567
23 26 551
23 27 351
23 28 374
23 29 400
23 30 220
23 31 318
23 32 575
23 33 80
23 34 336
23 35 182
23 36 574
23 37 38
23 38 288
23 39 285
23 40 31
23 41 310
23 42 116
23 43 427
23 44 87
23 45 409
23 46 152
23 47 29
23 48 570
23 49 228
23 50 226
23 51 127
23 52 465
23 53 192
23 54 230
23 55 86
23 56 491
23 57 516
23 58 228
23 59 227
23 60 133
23 61 499
23 62 346
23 63 517
23 64 611
23 65 461
23 66 372
23 67 89
23 68 526
23 69 633
23 70 523
23 71 276
23 72 276
23 73 385
23 74 429
23 75 436
23 76 452
23 77 483
23 78 214
23 79 333
23 80 165
23 81 419
23 82 563
23 83 241
23 84 576
23 85 327
23 86 681
23 87 388
23 88 631
23 89 455
23 90 301
23 91 323
23 92 313
23 93 80
23 94 476
23 95 352
23 96 78
23 97 544
23 98 521
23 99 399
23 100 335
23 101 632
23 102 205
23 103 469
23 104 417
23 105 337
23 106 219
23 107 444
23 108 165
23 109 487
23 110 483
23 111 653
23 112 315
23 113 562
23 114 190
23 115 332
23 116 342
23 117 278
23 118 169
23 119 591
23 120 181
23 121 164
23 122 60
23 123 651
23 124 528
23 125 309
23 126 164
23 127 426
23 128 347
23 129 493
23 130 250
24 25 225
24 26 319
24 27 87
24 28 494
24 29 35
24 30 442
24 31 110
24 32 213
24 33 358
24 34 138
24 35 199
24 36 209
24 37 329
24 38 120
24 39 317
24 40 336
24 41 308
24 42 269
24 43 149
24 44 286
24 45 373
24 46 273
24 47 337
24 48 234
24 49 239
24 50 268
24 51 297
24 52 256
24 53 250
24 54 163
24 55 358
24 56 222
24 57 254
24 58 232
24 59 468
24 60 307
24 61 388
24 62 413
24 63 216
24 64 428
24 65 194
24 66 621
24 67 450
24 68 203
24 69 444
24 70 262
24 71 305
24 72 273
24 73 212
24 74 240
24 75 242
24 76 379
24 77 130
24 78 521
24 79 49
24 80 259
24 81 99
24 82 269
24 83 409
24 84 211
24 85 571
24 86 469
24 87 105
24 88 417
24 89 100
24 90 542
24 91 342
24 92 180
24 93 291
24 94 111
24 95 31
24 96 440
24 97 292
24 98 180
24 99 249
24 100 58
24 101 310
24 102 466
24 103 137
24 104 173
24 105 393
24 106 181
24 107 198
24 108 358
24 109 397
24 110 141
24 111 318
24 112 390
24 113 200
24 114 381
24 115 453
24 116 23
24 117 370
24 118 240
24 119 227
24 120 276
24 121 457
24 122 374
24 123 318
24 124 351
24 125 547
24 126 399
24 127 213
24 128 372
24 129 332
24 130 277
25 26 206
25 27 216
25 28 571
25 29 197
25 30 581
25 31 251
25 32 79
25 33 540
25 34 243
25 35 386
25 36 103
25 37 530
25 38 344
25 39 413
25 40 540
25 41 390
25 42 486
25 43 153
25 44 498
25 45 399
25 46 442
25 47 541
25 48 16
25 49 463
25 50 402
25 51 519
25 52 412
25 53 475
25 54 339
25 55 575
25 56 347
25 57 371
25 58 457
25 59 609
25 60 529
25 61 353
25 62 486
25 63 89
25 64 318
25 65 335
25 66 742
25 67 656
25 68 54
25 69 324
25 70 150
25 71 407
25 72 493
25 73 402
25 74 414
25 75 412
25 76 376
25 77 200
25 78 681
25 79 273
25 80 426
25 81 256
25 82 347
25 83 533
25 84 104
25 85 696
25 86 323
25 87 291
25 88 282
25 89 126
25 90 669
25 91 558
25 92 395
25 93 488
25 94 132
25 95 252
25 96 645
25 97 171
25 98 46
25 99 438
25 100 234
25 101 331
25 102 689
25 103 244
25 104 182
25 105 467
25 106 405
25 107 170
25 108 510
25 109 375
25 110 86
25 111 311
25 112 475
25 113 79
25 114 524
25 115 541
25 116 245
25 117 472
25 118 412
25 119 155
25 120 501
25 121 621
25 122 587
25 123 315
25 124 277
25 125 672
25 126 554
25 127 206
25 128 437
25 129 282
25 130 397
26 27 251
26 28 423
26 29 311
26 30 485
26 31 263
26 32 283
26 33 497
26 34 231
26 35 379
26 36 306
26 37 515
26 38 426
26 39 309
26 40 532
26 41 280
26 42 508
26 43 170
26 44 507
26 45 240
26 46 401
26 47 531
26 48 191
26 49 532
26 50 335
26 51 549
26 52 564
26 53 529
26 54 334
26 55 588
26 56 512
26 57 541
26 58 525
26 59 512
26 60 561
26 61 162
26 62 346
26 63 128
26 64 117
26 65 492
26 66 616
26 67 637
26 68 165
26 69 128
26 70 63
26 71 309
26 72 578
26 73 530
26 74 555
26 75 555
26 76 202
26 77 368
26 78 599
26 79 363
26 80 386
26 81 397
26 82 530
26 83 430
26 84 307
26 85 576
26 86 151
26 87 419
26 88 98
26 89 257
26 90 554
26 91 652
26 92 496
26 93 473
26 94 289
26 95 349
26 96 626
26 97 35
26 98 206
26 99 567
26 100 287
26 101 529
26 102 719
26 103 407
26 104 154
26 105 332
26 106 463
26 107 125
26 108 439
26 109 187
26 110 216
26 111 513
26 112 348
26 113 281
26 114 441
26 115 406
26 116 327
26 117 360
26 118 382
26 119 358
26 120 552
26 121 547
26 122 589
26 123 517
26 124 77
26 125 555
26 126 478
26 127 128
26 128 300
26 129 98
26 130 317
27 28 417
27 29 103
27 30 385
27 31 37
27 32 235
27 33 325
27 34 52
27 35 170
27 36 240
27 37 314
27 38 176
27 39 241
27 40 325
27 41 228
27 42 277
27 43 86
27 44 286
27 45 287
27 46 230
27 47 326
27 48 219
27 49 282
27 50 204
27 51 314
27 52 341
27 53 283
27 54 123
27 55 365
27 56 309
27 57 341
27 58 275
27 59 412
27 60 325
27 61 302
27 62 334
27 63 173
27 64 352
27 65 281
27 66 558
27 67 440
27 68 175
27 69 370
27 70 201
27 71 230
27 72 328
27 73 292
27 74 324
27 75 326
27 76 292
27 77 201
27 78 476
27 79 119
27 80 214
27 81 185
27 82 352
27 83 345
27 84 242
27 85 510
27 86 401
27 87 191
27 88 347
27 89 116
27 90 481
27 91 402
27 92 248
27 93 272
27 94 150
27 95 111
27 96 429
27 97 229
27 98 171
27 99 329
27 100 37
27 101 386
27 102 487
27 103 219
27 104 97
27 105 313
27 106 215
27 107 126
27 108 306
27 109 311
27 110 133
27 111 389
27 112 313
27 113 223
27 114 325
27 115 378
27 116 84
27 117 297
27 118 199
27 119 273
27 120 307
27 121 413
27 122 374
27 123 390
27 124 272
27 125 485
27 126 349
27 127 133
27 128 291
27 129 249
27 130 208
28 29 518
28 30 163
28 31 386
28 32 625
28 33 294
28 34 366
28 35 345
28 36 638
28 37 361
28 38 510
28 39 177
28 40 381
28 41 190
28 42 433
28 43 427
28 44 408
28 45 183
28 46 279
28 47 379
28 48 564
28 49 535
28 50 236
28 51 470
28 52 717
28 53 506
28 54 350
28 55 457
28 56 707
28 57 738
28 58 531
28 59 174
28 60 481
28 61 277
28 62 85
28 63 484
28 64 405
28 65 675
28 66 200
28 67 420
28 68 516
28 69 426
28 70 443
28 71 190
28 72 594
28 73 646
28 74 689
28 75 694
28 76 226
28 77 618
28 78 259
28 79 501
28 80 282
28 81 590
28 82 761
28 83 133
28 84 640
28 85 172
28 86 482
28 87 582
28 88 450
28 89 524
28 90 161
28 91 662
28 92 575
28 93 346
28 94 562
28 95 506
28 96 413
28 97 443
28 98 540
28 99 675
28 100 436
28 101 802
28 102 577
28 103 631
28 104 393
28 105 105
28 106 481
28 107 400
28 108 213
28 109 252
28 110 518
28 111 806
28 112 104
28 113 615
28 114 185
28 115 46
28 116 479
28 117 129
28 118 300
28 119 680
28 120 511
28 121 246
28 122 434
28 123 806
28 124 356
28 125 157
28 126 211
28 127 365
28 128 134
28 129 327
28 130 220
29 30 474
29 31 133
29 32 179
29 33 393
29 34 155
29 35 233
29 36 174
29 37 364
29 38 147
29 39 341
29 40 371
29 41 330
29 42 304
29 43 145
29 44 321
29 45 388
29 46 306
29 47 372
29 48 207
29 49 267
29 50 297
29 51 331
29 52 254
29 53 281
29 54 195
29 55 392
29 56 211
29 57 243
29 58 260
29 59 500
29 60 340
29 61 394
29 62 436
29 63 199
29 64 424
29 65 186
29 66 651
29 67 486
29 68 181
29 69 438
29 70 251
29 71 330
29 72 297
29 73 221
29 74 244
29 75 244
29 76 390
29 77 100
29 78 554
29 79 77
29 80 292
29 81 88
29 82 250
29 83 438
29 84 176
29 85 601
29 86 459
29 87 108
29 88 408
29 89 71
29 90 572
29 91 363
29 92 200
29 93 326
29 94 77
29 95 56
29 96 475
29 97 282
29 98 153
29 99 258
29 100 84
29 101 284
29 102 498
29 103 116
29 104 175
29 105 415
29 106 213
29 107 196
29 108 390
29 109 406
29 110 117
29 111 289
29 112 414
29 113 166
29 114 412
29 115 478
29 116 59
29 117 396
29 118 273
29 119 192
29 120 308
29 121 490
29 122 409
29 123 289
29 124 351
29 125 577
29 126 432
29 127 216
29 128 393
29 129 334
29 130 304
30 31 348
30 32 617
30 33 145
30 34 343
30 35 254
30 36 624
30 37 216
30 38 421
30 39 177
30 40 234
30 41 205
30 42 301
30 43 427
30 44 272
30 45 270
30 46 176
30 47 231
30 48 578
30 49 414
30 50 181
30 51 332
30 52 625
30 53 380
30 54 280
30 55 306
30 56 630
30 57 660
30 58 411
30 59 28
30 60 341
30 61 374
30 62 170
30 63 505
30 64 504
30 65 598
30 66 181
30 67 257
30 68 529
30 69 526
30 70 483
30 71 179
30 72 471
30 73 548
30 74 593
30 75 599
30 76 320
30 77 572
30 78 117
30 79 433
30 80 187
30 81 528
30 82 694
30 83 55
30 84 627
30 85 131
30 86 581
30 87 509
30 88 539
30 89 501
30 90 101
30 91 530
30 92 474
30 93 213
30 94 534
30 95 445
30 96 250
30 97 493
30 98 542
30 99 571
30 100 391
30 101 748
30 102 418
30 103 575
30 104 401
30 105 173
30 106 373
30 107 419
30 108 88
30 109 354
30 110 510
30 111 760
30 112 150
30 113 605
30 114 62
30 115 130
30 116 422
30 117 127
30 118 207
30 119 658
30 120 380
30 121 84
30 122 280
30 123 759
30 124 435
30 125 107
30 126 59
30 127 387
30 128 199
30 129 399
30 130 184
31 32 272
31 33 289
31 34 36
31 35 136
31 36 277
31 37 280
31 38 174
31 39 209
31 40 293
31 41 198
31 42 251
31 43 111
31 44 256
31 45 266
31 46 193
31 47 293
31 48 253
31 49 269
31 50 168
31 51 290
31 52 356
31 53 266
31 54 88
31 55 337
31 56 330
31 57 362
31 58 263
31 59 375
31 60 302
31 61 294
31 62 304
31 63 201
31 64 357
31 65 300
31 66 522
31 67 407
31 68 208
31 69 376
31 70 219
31 71 197
31 72 319
31 73 300
31 74 335
31 75 338
31 76 277
31 77 233
31 78 438
31 79 129
31 80 177
31 81 208
31 82 378
31 83 309
31 84 280
31 85 473
31 86 412
31 87 208
31 88 358
31 89 154
31 90 445
31 91 394
31 92 248
31 93 238
31 94 186
31 95 127
31 96 396
31 97 246
31 98 206
31 99 335
31 100 51
31 101 417
31 102 462
31 103 246
31 104 110
31 105 283
31 106 200
31 107 141
31 108 269
31 109 299
31 110 170
31 111 421
31 112 281
31 113 260
31 114 287
31 115 345
31 116 99
31 117 263
31 118 162
31 119 310
31 120 289
31 121 376
31 122 344
31 123 422
31 124 274
31 125 449
31 126 312
31 127 138
31 128 263
31 129 248
31 130 173
32 33 558
32 34 274
32 35 399
32 36 25
32 37 538
32 38 322
32 39 458
32 40 546
32 41 438
32 42 482
32 43 197
32 44 499
32 45 461
32 46 464
32 47 548
32 48 95
32 49 441
32 50 436
32 51 510
32 52 353
32 53 458
32 54 355
32 55 571
32 56 284
32 57 305
32 58 435
32 59 645
32 60 518
32 61 424
32 62 539
32 63 160
32 64 397
32 65 276
32 66 785
32 67 662
32 68 122
32 69 403
32 70 225
32 71 450
32 72 462
32 73 355
32 74 360
32 75 356
32 76 443
32 77 144
32 78 710
32 79 255
32 80 449
32 81 212
32 82 274
32 83 573
32 84 25
32 85 738
32 86 401
32 87 250
32 88 361
32 89 121
32 90 710
32 91 521
32 92 362
32 93 498
32 94 102
32 95 234
32 96 651
32 97 248
32 98 86
32 99 388
32 100 241
32 101 252
32 102 675
32 103 188
32 104 232
32 105 519
32 106 391
32 107 229
32 108 540
32 109 445
32 110 108
32 111 232
32 112 525
32 113 13
32 114 558
32 115 591
32 116 236
32 117 517
32 118 433
32 119 76
32 120 485
32 121 648
32 122 587
32 123 236
32 124 352
32 125 714
32 126 584
32 127 264
32 128 491
32 129 354
32 130 435
33 34 299
33 35 160
33 36 560
33 37 71
33 38 305
33 39 213
33 40 89
33 41 240
33 42 160
33 43 392
33 44 130
33 45 335
33 46 99
33 47 86
33 48 541
33 49 275
33 50 164
33 51 187
33 52 500
33 53 240
33 54 203
33 55 163
33 56 516
33 57 543
33 58 273
33 59 157
33 60 196
33 61 430
33 62 266
33 63 480
33 64 547
33 65 484
33 66 311
33 67 147
33 68 494
33 69 570
33 70 477
33 71 205
33 72 330
33 73 421
33 74 466
33 75 473
33 76 381
33 77 484
33 78 170
33 79 335
33 80 115
33 81 428
33 82 584
33 83 161
33 84 562
33 85 263
33 86 620
33 87 402
33 88 571
33 89 437
33 90 235
33 91 386
33 92 346
33 93 78
33 94 464
33 95 351
33 96 137
33 97 495
33 98 495
33 99 440
33 100 317
33 101 647
33 102 285
33 103 477
33 104 375
33 105 259
33 106 246
33 107 401
33 108 85
33 109 416
33 110 459
33 111 664
33 112 236
33 113 546
33 114 110
33 115 252
33 116 335
33 117 200
33 118 127
33 119 585
33 120 237
33 121 109
33 122 140
33 123 662
33 124 467
33 125 243
33 126 87
33 127 378
33 128 271
33 129 431
33 130 184
34 35 155
34 36 282
34 37 298
34 38 210
34 39 191
34 40 313
34 41 176
34 42 278
34 43 92
34 44 281
34 45 235
34 46 200
34 47 313
34 48 242
34 49 304
34 50 162
34 51 318
34 52 389
34 53 299
34 54 107
34 55 362
34 56 360
34 57 392
34 58 297
34 59 371
34 60 331
34 61 258
34 62 282
34 63 181
34 64 322
34 65 331
34 66 513
34 67 425
34 68 195
34 69 341
34 70 191
34 71 180
34 72 354
34 73 335
34 74 370
34 75 372
34 76 243
34 77 253
34 78 440
34 79 163
34 80 184
34 81 237
34 82 405
34 83 300
34 84 285
34 85 465
34 86 378
34 87 240
34 88 324
34 89 161
34 90 437
34 91 430
34 92 284
34 93 256
34 94 198
34 95 159
34 96 414
34 97 217
34 98 200
34 99 371
34 100 82
34 101 438
34 102 490
34 103 271
34 104 82
34 105 261
34 106 234
34 107 112
34 108 269
34 109 264
34 110 168
34 111 440
34 112 262
34 113 263
34 114 284
34 115 327
34 116 131
34 117 248
34 118 172
34 119 319
34 120 321
34 121 378
34 122 366
34 123 441
34 124 239
34 125 441
34 126 312
34 127 104
34 128 238
34 129 212
34 130 161
35 36 400
35 37 145
35 38 169
35 39 185
35 40 158
35 41 195
35 42 132
35 43 245
35 44 128
35 45 294
35 46 79
35 47 158
35 48 388
35 49 199
35 50 114
35 51 175
35 52 376
35 53 179
35 54 48
35 55 209
35 56 376
35 57 406
35 58 194
35 59 278
35 60 188
35 61 360
35 62 280
35 63 335
35 64 455
35 65 344
35 66 435
35 67 271
35 68 343
35 69 476
35 70 345
35 71 171
35 72 259
35 73 302
35 74 346
35 75 351
35 76 325
35 77 326
35 78 323
35 79 181
35 80 68
35 81 275
35 82 440
35 83 233
35 84 403
35 85 385
35 86 519
35 87 255
35 88 466
35 89 278
35 90 355
35 91 332
35 92 230
35 93 102
35 94 304
35 95 195
35 96 260
35 97 369
35 98 340
35 99 330
35 100 158
35 101 496
35 102 341
35 103 323
35 104 237
35 105 262
35 106 138
35 107 266
35 108 167
35 109 356
35 110 302
35 111 510
35 112 249
35 113 386
35 114 194
35 115 300
35 116 176
35 117 217
35 118 48
35 119 425
35 120 194
35 121 259
35 122 212
35 123 509
35 124 370
35 125 362
35 126 205
35 127 251
35 128 256
35 129 337
35 130 136
36 37 537
36 38 314
36 39 469
36 40 545
36 41 450
36 42 478
36 43 211
36 44 496
36 45 477
36 46 468
36 47 546
36 48 119
36 49 431
36 50 443
36 51 504
36 52 332
36 53 450
36 54 358
36 55 566
36 56 262
36 57 282
36 58 425
36 59 652
36 60 512
36 61 444
36 62 553
36 63 181
36 64 420
36 65 256
36 66 795
36 67 659
36 68 143
36 69 426
36 70 247
36 71 461
36 72 449
36 73 338
36 74 341
36 75 337
36 76 461
36 77 126
36 78 715
36 79 249
36 80 453
36 81 197
36 82 250
36 83 582
36 84 2
36 85 747
36 86 426
36 87 237
36 88 385
36 89 124
36 90 719
36 91 506
36 92 349
36 93 498
36 94 98
36 95 228
36 96 649
36 97 271
36 98 105
36 99 370
36 100 243
36 101 228
36 102 667
36 103 169
36 104 246
36 105 533
36 106 384
36 107 246
36 108 546
36 109 464
36 110 120
36 111 208
36 112 537
36 113 26
36 114 564
36 115 603
36 116 233
36 117 528
36 118 436
36 119 52
36 120 476
36 121 652
36 122 583
36 123 212
36 124 373
36 125 723
36 126 590
36 127 280
36 128 505
36 129 374
36 130 444
37 38 257
37 39 258
37 40 21
37 41 280
37 42 94
37 43 389
37 44 63
37 45 381
37 46 119
37 47 20
37 48 533
37 49 210
37 50 195
37 51 117
37 52 442
37 53 174
37 54 193
37 55 97
37 56 464
37 57 489
37 58 209
37 59 227
37 60 126
37 61 468
37 62 325
37 63 479
37 64 577
37 65 433
37 66 379
37 67 127
37 68 488
37 69 599
37 70 486
37 71 247
37 72 262
37 73 362
37 74 406
37 75 413
37 76 423
37 77 449
37 78 229
37 79 299
37 80 131
37 81 387
37 82 534
37 83 228
37 84 539
37 85 332
37 86 647
37 87 357
37 88 596
37 89 418
37 90 305
37 91 316
37 92 288
37 93 43
37 94 439
37 95 317
37 96 116
37 97 508
37 98 484
37 99 378
37 100 298
37 101 601
37 102 228
37 103 436
37 104 379
37 105 315
37 106 190
37 107 407
37 108 148
37 109 457
37 110 445
37 111 621
37 112 294
37 113 525
37 114 176
37 115 318
37 116 306
37 117 256
37 118 133
37 119 556
37 120 168
37 121 173
37 122 81
37 123 619
37 124 494
37 125 313
37 126 157
37 127 389
37 128 323
37 129 459
37 130 219
38 39 340
38 40 257
38 41 342
38 42 176
38 43 257
38 44 201
38 45 428
38 46 245
38 47 259
38 48 353
38 49 120
38 50 275
38 51 193
38 52 208
38 53 136
38 54 162
38 55 259
38 56 211
38 57 240
38 58 113
38 59 443
38 60 200
38 61 467
38 62 439
38 63 333
38 64 528
38 65 179
38 66 601
38 67 364
38 68 322
38 69 546
38 70 373
38 71 326
38 72 154
38 73 136
38 74 179
38 75 184
38 76 446
38 77 204
38 78 475
38 79 71
38 80 237
38 81 134
38 82 279
38 83 401
38 84 316
38 85 551
38 86 577
38 87 100
38 88 523
38 89 218
38 90 522
38 91 227
38 92 74
38 93 228
38 94 221
38 95 91
38 96 355
38 97 403
38 98 299
38 99 168
38 100 139
38 101 344
38 102 353
38 103 182
38 104 273
38 105 420
38 106 73
38 107 301
38 108 333
38 109 471
38 110 261
38 111 365
38 112 410
38 113 310
38 114 361
38 115 465
38 116 103
38 117 381
38 118 216
38 119 319
38 120 162
38 121 413
38 122 281
38 123 363
38 124 446
38 125 528
38 126 368
38 127 308
38 128 407
38 129 421
38 130 293
39 40 278
39 41 29
39 42 300
39 43 262
39 44 283
39 45 123
39 46 143
39 47 277
39 48 409
39 49 384
39 50 73
39 51 342
39 52 545
39 53 361
39 54 178
39 55 352
39 56 531
39 57 562
39 58 379
39 59 205
39 60 355
39 61 217
39 62 99
39 63 333
39 64 339
39 65 500
39 66 328
39 67 360
39 68 360
39 69 362
39 70 307
39 71 14
39 72 444
39 73 477
39 74 518
39 75 523
39 76 167
39 77 441
39 78 290
39 79 325
39 80 137
39 81 413
39 82 584
39 83 124
39 84 472
39 85 283
39 86 415
39 87 406
39 88 369
39 89 351
39 90 257
39 91 516
39 92 409
39 93 226
39 94 388
39 95 329
39 96 350
39 97 316
39 98 378
39 99 508
39 100 259
39 101 625
39 102 485
39 103 454
39 104 232
39 105 79
39 106 323
39 107 246
39 108 138
39 109 203
39 110 351
39 111 629
39 112 73
39 113 448
39 114 134
39 115 137
39 116 302
39 117 59
39 118 149
39 119 509
39 120 373
39 121 240
39 122 339
39 123 630
39 124 264
39 125 259
39 126 172
39 127 213
39 128 71
39 129 228
39 130 49
40 41 301
40 42 86
40 43 403
40 44 57
40 45 402
40 46 139
40 47 3
40 48 544
40 49 200
40 50 215
40 51 102
40 52 435
40 53 163
40 54 206
40 55 76
40 56 460
40 57 485
40 58 200
40 59 243
40 60 110
40 61 488
40 62 346
40 63 493
40 64 596
40 65 430
40 66 393
40 67 116
40 68 500
40 69 618
40 70 502
40 71 268
40 72 250
40 73 356
40 74 399
40 75 407
40 76 443
40 77 453
40 78 239
40 79 303
40 80 150
40 81 388
40 82 532
40 83 248
40 84 547
40 85 347
40 86 665
40 87 357
40 88 614
40 89 426
40 90 320
40 91 301
40 92 283
40 93 59
40 94 446
40 95 322
40 96 105
40 97 524
40 98 494
40 99 370
40 100 307
40 101 601
40 102 207
40 103 438
40 104 394
40 105 336
40 106 188
40 107 422
40 108 169
40 109 478
40 110 456
40 111 622
40 112 315
40 113 533
40 114 196
40 115 338
40 116 312
40 117 277
40 118 151
40 119 562
40 120 155
40 121 186
40 122 61
40 123 620
40 124 513
40 125 328
40 126 176
40 127 405
40 128 344
40 129 478
40 130 239
41 42 316
41 43 241
41 44 301
41 45 102
41 46 163
41 47 300
41 48 385
41 49 394
41 50 88
41 51 359
41 52 543
41 53 373
41 54 181
41 55 373
41 56 525
41 57 557
41 58 389
41 59 233
41 60 372
41 61 190
41 62 106
41 63 308
41 64 310
41 65 495
41 66 352
41 67 386
41 68 336
41 69 333
41 70 279
41 71 34
41 72 453
41 73 478
41 74 518
41 75 522
41 76 142
41 77 429
41 78 319
41 79 320
41 80 155
41 81 406
41 82 576
41 83 152
41 84 453
41 85 307
41 86 386
41 87 401
41 88 340
41 89 334
41 90 282
41 91 527
41 92 412
41 93 246
41 94 373
41 95 322
41 96 376
41 97 288
41 98 356
41 99 510
41 100 249
41 101 614
41 102 507
41 103 444
41 104 209
41 105 85
41 106 330
41 107 222
41 108 166
41 109 177
41 110 331
41 111 616
41 112 87
41 113 428
41 114 163
41 115 153
41 116 295
41 117 84
41 118 164
41 119 491
41 120 386
41 121 269
41 122 362
41 123 617
41 124 235
41 125 284
41 126 202
41 127 188
41 128 66
41 129 198
41 130 63
42 43 361
42 44 31
42 45 418
42 46 159
42 47 89
42 48 492
42 49 116
42 50 228
42 51 44
42 52 349
42 53 80
42 54 173
42 55 89
42 56 375
42 57 400
42 58 115
42 59 316
42 60 57
42 61 491
42 62 383
42 63 450
42 64 587
42 65 345
42 66 471
42 67 188
42 68 451
42 69 607
42 70 469
42 71 287
42 72 170
42 73 269
42 74 313
42 75 321
42 76 453
42 77 377
42 78 323
42 79 230
42 80 163
42 81 310
42 82 447
42 83 303
42 84 480
42 85 423
42 86 650
42 87 276
42 88 597
42 89 366
42 90 395
42 91 230
42 92 196
42 93 88
42 94 380
42 95 251
42 96 179
42 97 495
42 98 440
42 99 284
42 100 252
42 101 517
42 102 212
42 103 358
42 104 360
42 105 369
42 106 104
42 107 389
42 108 223
42 109 485
42 110 400
42 111 540
42 112 351
42 113 469
42 114 253
42 115 387
42 116 246
42 117 315
42 118 152
42 119 490
42 120 79
42 121 266
42 122 106
42 123 537
42 124 502
42 125 402
42 126 243
42 127 379
42 128 370
42 129 469
42 130 253
43 44 367
43 45 269
43 46 293
43 47 403
43 48 151
43 49 368
43 50 249
43 51 399
43 52 399
43 53 369
43 54 197
43 55 448
43 56 354
43 57 385
43 58 361
43 59 456
43 60 411
43 61 255
43 62 342
43 63 90
43 64 280
43 65 330
43 66 590
43 67 516
43 68 103
43 69 295
43 70 116
43 71 255
43 72 411
43 73 361
43 74 388
43 75 388
43 76 259
43 77 221
43 78 529
43 79 193
43 80 277
43 81 233
43 82 384
43 83 381
43 84 213
43 85 544
43 86 321
43 87 251
43 88 268
43 89 108
43 90 517
43 91 484
43 92 326
43 93 347
43 94 148
43 95 179
43 96 505
43 97 145
43 98 115
43 99 398
43 100 120
43 101 401
43 102 572
43 103 252
43 104 36
43 105 322
43 106 301
43 107 51
43 108 358
43 109 269
43 110 91
43 111 395
43 112 328
43 113 188
43 114 371
43 115 394
43 116 157
43 117 321
43 118 265
43 119 255
43 120 393
43 121 468
43 122 455
43 123 397
43 124 206
43 125 520
43 126 401
43 127 76
43 128 294
43 129 191
43 130 243
44 45 403
44 46 140
44 47 59
44 48 503
44 49 147
44 50 213
44 51 62
44 52 379
44 53 111
44 54 174
44 55 81
44 56 404
44 57 429
44 58 146
44 59 286
44 60 74
44 61 481
44 62 362
44 63 457
44 64 581
44 65 373
44 66 440
44 67 165
44 68 461
44 69 602
44 70 472
44 71 270
44 72 200
44 73 300
44 74 344
44 75 351
44 76 440
44 77 399
44 78 292
44 79 250
44 80 146
44 81 334
44 82 475
44 83 277
44 84 498
44 85 392
44 86 647
44 87 301
44 88 594
44 89 380
44 90 365
44 91 258
44 92 226
44 93 62
44 94 398
44 95 270
44 96 155
44 97 496
44 98 452
44 99 315
44 100 264
44 101 544
44 102 214
44 103 383
44 104 363
44 105 349
44 106 131
44 107 392
44 108 196
44 109 473
44 110 413
44 111 566
44 112 330
44 113 486
44 114 226
44 115 363
44 116 263
44 117 293
44 118 138
44 119 510
44 120 108
44 121 235
44 122 89
44 123 564
44 124 497
44 125 372
44 126 213
44 127 379
44 128 352
44 129 463
44 130 238
45 46 265
45 47 400
45 48 390
45 49 491
45 50 190
45 51 461
45 52 621
45 53 472
45 54 272
45 55 474
45 56 595
45 57 627
45 58 485
45 59 295
45 60 474
45 61 104
45 62 110
45 63 311
45 64 235
45 65 566
45 66 378
45 67 482
45 68 345
45 69 257
45 70 263
45 71 134
45 72 550
45 73 561
45 74 599
45 75 603
45 76 50
45 77 481
45 78 387
45 79 395
45 80 257
45 81 472
45 82 638
45 83 215
45 84 479
45 85 341
45 86 312
45 87 474
45 88 274
45 89 375
45 90 322
45 91 624
45 92 501
45 93 348
45 94 415
45 95 393
45 96 472
45 97 260
45 98 375
45 99 595
45 100 316
45 101 665
45 102 608
45 103 504
45 104 233
45 105 100
45 106 425
45 107 232
45 108 256
45 109 84
45 110 359
45 111 663
45 112 121
45 113 453
45 114 244
45 115 169
45 116 365
45 117 147
45 118 266
45 119 524
45 120 487
45 121 346
45 122 462
45 123 664
45 124 175
45 125 321
45 126 284
45 127 197
45 128 72
45 129 144
45 130 165
46 47 138
46 48 442
46 49 256
46 50 76
46 51 200
46 52 452
46 53 228
46 54 111
46 55 209
46 56 455
46 57 484
46 58 252
46 59 199
46 60 213
46 61 349
46 62 224
46 63 380
46 64 459
46 65 422
46 66 357
46 67 236
46 68 395
46 69 481
46 70 378
46 71 131
46 72 315
46 73 376
46 74 420
46 75 426
46 76 305
46 77 402
46 78 248
46 79 259
46 80 16
46 81 353
46 82 518
46 83 158
46 84 470
46 85 306
46 86 530
46 87 333
46 88 479
46 89 344
46 90 277
46 91 384
46 92 302
46 93 83
46 94 373
46 95 272
46 96 225
46 97 397
46 98 398
46 99 401
46 100 226
46 101 574
46 102 344
46 103 401
46 104 276
46 105 210
46 106 204
46 107 302
46 108 88
46 109 339
46 110 362
46 111 587
46 112 192
46 113 452
46 114 116
46 115 233
46 116 251
46 117 157
46 118 33
46 119 496
46 120 235
46 121 185
46 122 200
46 123 586
46 124 377
46 125 283
46 126 127
46 127 279
46 128 212
46 129 341
46 130 101
47 48 545
47 49 202
47 50 214
47 51 105
47 52 438
47 53 166
47 54 206
47 55 78
47 56 463
47 57 488
47 58 202
47 59 241
47 60 112
47 61 487
47 62 344
47 63 493
47 64 596
47 65 432
47 66 390
47 67 115
47 68 501
47 69 618
47 70 502
47 71 266
47 72 252
47 73 358
47 74 402
47 75 409
47 76 442
47 77 454
47 78 237
47 79 304
47 80 150
47 81 390
47 82 534
47 83 246
47 84 548
47 85 344
47 86 665
47 87 359
47 88 614
47 89 428
47 90 318
47 91 304
47 92 285
47 93 59
47 94 448
47 95 323
47 96 104
47 97 524
47 98 495
47 99 372
47 100 308
47 101 603
47 102 208
47 103 440
47 104 394
47 105 334
47 106 190
47 107 423
47 108 167
47 109 477
47 110 457
47 111 624
47 112 313
47 113 535
47 114 194
47 115 336
47 116 314
47 117 276
47 118 150
47 119 563
47 120 157
47 121 183
47 122 62
47 123 622
47 124 513
47 125 326
47 126 173
47 127 405
47 128 342
47 129 477
47 130 238
48 49 472
48 50 400
48 51 525
48 52 426
48 53 483
48 54 341
48 55 581
48 56 362
48 57 387
48 58 466
48 59 606
48 60 535
48 61 341
48 62 479
48 63 80
48 64 303
48 65 350
48 66 737
48 67 659
48 68 49
48 69 308
48 70 137
48 71 403
48 72 504
48 73 415
48 74 428
48 75 426
48 76 366
48 77 214
48 78 680
48 79 282
48 80 426
48 81 269
48 82 362
48 83 530
48 84 120
48 85 691
48 86 307
48 87 303
48 88 267
48 89 136
48 90 665
48 91 569
48 92 406
48 93 491
48 94 145
48 95 262
48 96 648
48 97 157
48 98 54
48 99 451
48 100 240
48 101 347
48 102 696
48 103 259
48 104 177
48 105 460
48 106 413
48 107 164
48 108 509
48 109 363
48 110 93
48 111 327
48 112 469
48 113 95
48 114 522
48 115 535
48 116 253
48 117 467
48 118 413
48 119 170
48 120 509
48 121 620
48 122 592
48 123 331
48 124 263
48 125 668
48 126 553
48 127 199
48 128 430
48 129 270
48 130 394
49 50 312
49 51 105
49 52 240
49 53 37
49 54 221
49 55 170
49 56 276
49 57 297
49 58 7
49 59 430
49 60 105
49 61 549
49 62 476
49 63 448
49 64 626
49 65 249
49 66 586
49 67 285
49 68 440
49 69 645
49 70 483
49 71 370
49 72 60
49 73 161
49 74 203
49 75 211
49 76 519
49 77 314
49 78 438
49 79 190
49 80 254
49 81 241
49 82 350
49 83 410
49 84 433
49 85 537
49 86 681
49 87 202
49 88 627
49 89 337
49 90 509
49 91 133
49 92 97
49 93 200
49 94 340
49 95 211
49 96 278
49 97 512
49 98 418
49 99 171
49 100 248
49 101 426
49 102 238
49 103 285
49 104 378
49 105 460
49 106 70
49 107 407
49 108 331
49 109 548
49 110 380
49 111 453
49 112 445
49 113 429
49 114 362
49 115 489
49 116 220
49 117 411
49 118 238
49 119 431
49 120 55
49 121 382
49 122 199
49 123 450
49 124 542
49 125 517
49 126 356
49 127 407
49 128 455
49 129 513
49 130 335
50 51 271
50 52 482
50 53 289
50 54 114
50 55 285
50 56 473
50 57 504
50 58 307
50 59 209
50 60 284
50 61 273
50 62 166
50 63 331
50 64 385
50 65 441
50 66 355
50 67 308
50 68 351
50 69 407
50 70 319
50 71 59
50 72 372
50 73 411
50 74 453
50 75 458
50 76 229
50 77 397
50 78 280
50 79 268
50 80 67
50 81 361
50 82 531
50 83 141
50 84 445
50 85 305
50 86 457
50 87 348
50 88 408
50 89 320
50 90 277
50 91 444
50 92 341
50 93 159
50 94 354
50 95 276
50 96 297
50 97 335
50 98 361
50 99 440
50 100 213
50 101 578
50 102 420
50 103 404
50 104 225
50 105 149
50 106 251
50 107 247
50 108 110
50 109 263
50 110 329
50 111 586
50 112 136
50 113 424
50 114 122
50 115 191
50 116 251
50 117 107
50 118 77
50 119 477
50 120 300
50 121 221
50 122 276
50 123 586
50 124 304
50 125 281
50 126 153
50 127 220
50 128 144
50 129 268
50 130 25
51 52 344
51 53 69
51 54 215
51 55 68
51 56 379
51 57 401
51 58 106
51 59 343
51 60 13
51 61 534
51 62 424
51 63 487
51 64 629
51 65 350
51 66 495
51 67 181
51 68 486
51 69 650
51 70 509
51 71 329
51 72 149
51 73 266
51 74 308
51 75 316
51 76 496
51 77 397
51 78 341
51 79 255
51 80 205
51 81 326
51 82 451
51 83 338
51 84 505
51 85 448
51 86 692
51 87 290
51 88 639
51 89 396
51 90 421
51 91 200
51 92 197
51 93 124
51 94 407
51 95 276
51 96 173
51 97 535
51 98 472
51 99 275
51 100 287
51 101 525
51 102 173
51 103 374
51 104 399
51 105 410
51 106 120
51 107 429
51 108 258
51 109 529
51 110 433
51 111 551
51 112 392
51 113 497
51 114 287
51 115 425
51 116 275
51 117 355
51 118 195
51 119 512
51 120 54
51 121 288
51 122 95
51 123 548
51 124 544
51 125 429
51 126 273
51 127 420
51 128 412
51 129 512
51 130 296
52 53 276
52 54 368
52 55 409
52 56 74
52 57 72
52 58 238
52 59 646
52 60 344
52 61 643
52 62 644
52 63 444
52 64 678
52 65 77
52 66 805
52 67 524
52 68 418
52 69 691
52 70 503
52 71 531
52 72 210
52 73 80
52 74 37
52 75 29
52 76 632
52 77 212
52 78 669
52 79 227
52 80 444
52 81 167
52 82 132
52 83 608
52 84 332
52 85 755
52 86 710
52 87 150
52 88 660
52 89 309
52 90 726
52 91 225
52 92 154
52 93 422
52 94 284
52 95 230
52 96 517
52 97 533
52 98 380
52 99 75
52 100 307
52 101 214
52 102 449
52 103 168
52 104 428
52 105 624
52 106 255
52 107 450
52 108 538
52 109 652
52 110 354
52 111 250
52 112 616
52 113 344
52 114 567
52 115 672
52 116 258
52 117 588
52 118 424
52 119 304
52 120 293
52 121 609
52 122 439
52 123 245
52 124 605
52 125 732
52 126 571
52 127 468
52 128 609
52 129 587
52 130 499
53 54 207
53 55 136
53 56 310
53 57 332
53 58 37
53 59 396
53 60 71
53 61 535
53 62 451
53 63 453
53 64 619
53 65 282
53 66 551
53 67 250
53 68 448
53 69 639
53 70 483
53 71 348
53 72 90
53 73 197
53 74 239
53 75 247
53 76 503
53 77 338
53 78 402
53 79 204
53 80 228
53 81 265
53 82 383
53 83 379
53 84 452
53 85 503
53 86 677
53 87 227
53 88 623
53 89 350
53 90 475
53 91 156
53 92 129
53 93 167
53 94 356
53 95 225
53 96 242
53 97 511
53 98 429
53 99 207
53 100 251
53 101 458
53 102 217
53 103 311
53 104 376
53 105 435
53 106 70
53 107 406
53 108 300
53 109 533
53 110 390
53 111 484
53 112 419
53 113 446
53 114 330
53 115 460
53 116 230
53 117 384
53 118 213
53 119 454
53 120 26
53 121 347
53 122 164
53 123 481
53 124 534
53 125 483
53 126 322
53 127 403
53 128 432
53 129 504
53 130 313
54 55 255
54 56 359
54 57 390
54 58 215
54 59 306
54 60 228
54 61 328
54 62 277
54 63 287
54 64 415
54 65 327
54 66 460
54 67 319
54 68 296
54 69 436
54 70 298
54 71 164
54 72 278
54 73 299
54 74 340
54 75 345
54 76 298
54 77 293
54 78 359
54 79 155
54 80 97
54 81 249
54 82 418
54 83 250
54 84 360
54 85 410
54 86 477
54 87 235
54 88 424
54 89 234
54 90 380
54 91 353
54 92 232
54 93 150
54 94 262
54 95 165
54 96 308
54 97 323
54 98 294
54 99 330
54 100 115
54 101 469
54 102 385
54 103 295
54 104 189
54 105 258
54 106 153
54 107 219
54 108 195
54 109 327
54 110 256
54 111 480
54 112 248
54 113 343
54 114 218
54 115 305
54 116 142
54 117 221
54 118 78
54 119 385
54 120 226
54 121 296
54 122 259
54 123 479
54 124 330
54 125 386
54 126 237
54 127 206
54 128 246
54 129 298
54 130 131
55 56 446
55 57 467
55 58 173
55 59 313
55 60 65
55 61 557
55 62 422
55 63 537
55 64 661
55 65 417
55 66 455
55 67 115
55 68 540
55 69 682
55 70 553
55 71 340
55 72 207
55 73 332
55 74 373
55 75 381
55 76 514
55 77 463
55 78 294
55 79 318
55 80 219
55 81 393
55 82 519
55 83 323
55 84 568
55 85 411
55 86 727
55 87 357
55 88 675
55 89 455
55 90 386
55 91 244
55 92 265
55 93 126
55 94 469
55 95 339
55 96 109
55 97 577
55 98 529
55 99 338
55 100 341
55 101 593
55 102 135
55 103 441
55 104 444
55 105 411
55 106 186
55 107 473
55 108 245
55 109 548
55 110 489
55 111 618
55 112 390
55 113 558
55 114 272
55 115 414
55 116 335
55 117 353
55 118 215
55 119 577
55 120 116
55 121 249
55 122 32
55 123 615
55 124 576
55 125 395
55 126 249
55 127 460
55 128 418
55 129 542
55 130 310
56 57 32
56 58 273
56 59 653
56 60 381
56 61 606
56 62 629
56 63 388
56 64 628
56 65 32
56 66 811
56 67 559
56 68 359
56 69 640
56 70 450
56 71 518
56 72 260
56 73 121
56 74 96
56 75 89
56 76 600
56 77 148
56 78 686
56 79 206
56 80 445
56 81 124
56 82 73
56 83 607
56 84 262
56 85 761
56 86 655
56 87 125
56 88 606
56 89 256
56 90 732
56 91 289
56 92 181
56 93 438
56 94 225
56 95 203
56 96 550
56 97 480
56 98 319
56 99 135
56 100 279
56 101 152
56 102 502
56 103 106
56 104 386
56 105 609
56 106 273
56 107 405
56 108 543
56 109 617
56 110 298
56 111 184
56 112 603
56 113 276
56 114 570
56 115 663
56 116 231
56 117 579
56 118 424
56 119 231
56 120 331
56 121 624
56 122 473
56 123 180
56 124 559
56 125 738
56 126 579
56 127 427
56 128 591
56 129 545
56 130 487
57 58 294
57 59 682
57 60 402
57 61 637
57 62 661
57 63 416
57 64 658
57 65 63
57 66 841
57 67 581
57 68 386
57 69 669
57 70 479
57 71 549
57 72 275
57 73 137
57 74 103
57 75 96
57 76 632
57 77 175
57 78 713
57 79 238
57 80 475
57 81 156
57 82 60
57 83 638
57 84 282
57 85 790
57 86 682
57 87 157
57 88 635
57 89 285
57 90 761
57 91 296
57 92 204
57 93 466
57 94 253
57 95 235
57 96 573
57 97 509
57 98 346
57 99 144
57 100 311
57 101 142
57 102 517
57 103 135
57 104 417
57 105 641
57 106 299
57 107 435
57 108 572
57 109 648
57 110 326
57 111 178
57 112 635
57 113 298
57 114 600
57 115 695
57 116 263
57 117 610
57 118 454
57 119 247
57 120 352
57 121 652
57 122 495
57 123 173
57 124 590
57 125 768
57 126 608
57 127 458
57 128 623
57 129 576
57 130 519
58 59 427
58 60 107
58 61 542
58 62 472
58 63 441
58 64 619
58 65 246
58 66 584
58 67 287
58 68 433
58 69 638
58 70 476
58 71 365
58 72 65
58 73 159
58 74 202
58 75 209
58 76 513
58 77 309
58 78 438
58 79 184
58 80 250
58 81 235
58 82 346
58 83 406
58 84 426
58 85 535
58 86 674
58 87 196
58 88 620
58 89 331
58 90 507
58 91 139
58 92 93
58 93 198
58 94 334
58 95 204
58 96 279
58 97 505
58 98 412
58 99 170
58 100 241
58 101 422
58 102 244
58 103 280
58 104 371
58 105 455
58 106 63
58 107 400
58 108 328
58 109 542
58 110 373
58 111 449
58 112 440
58 113 422
58 114 358
58 115 485
58 116 213
58 117 406
58 118 233
58 119 426
58 120 58
58 121 381
58 122 201
58 123 446
58 124 535
58 125 515
58 126 353
58 127 400
58 128 450
58 129 506
58 130 330
59 60 352
59 61 399
59 62 191
59 63 534
59 64 529
59 65 621
59 66 159
59 67 253
59 68 557
59 69 551
59 70 511
59 71 207
59 72 486
59 73 568
59 74 613
59 75 619
59 76 345
59 77 598
59 78 93
59 79 458
59 80 211
59 81 552
59 82 718
59 83 82
59 84 654
59 85 109
59 86 607
59 87 533
59 88 565
59 89 529
59 90 80
59 91 543
59 92 493
59 93 229
59 94 562
59 95 470
59 96 248
59 97 521
59 98 570
59 99 590
59 100 417
59 101 773
59 102 419
59 103 599
59 104 429
59 105 196
59 106 393
59 107 447
59 108 111
59 109 378
59 110 538
59 111 785
59 112 174
59 113 633
59 114 88
59 115 146
59 116 448
59 117 153
59 118 231
59 119 685
59 120 393
59 121 74
59 122 285
59 123 785
59 124 461
59 125 87
59 126 75
59 127 416
59 128 223
59 129 426
59 130 212
60 61 547
60 62 436
60 63 498
60 64 642
60 65 353
60 66 503
60 67 180
60 68 497
60 69 663
60 70 521
60 71 342
60 72 145
60 73 266
60 74 308
60 75 315
60 76 509
60 77 404
60 78 347
60 79 263
60 80 218
60 81 332
60 82 454
60 83 349
60 84 514
60 85 456
60 86 705
60 87 295
60 88 652
60 89 405
60 90 430
60 91 191
60 92 200
60 93 136
60 94 416
60 95 285
60 96 173
60 97 547
60 98 482
60 99 274
60 100 297
60 101 528
60 102 162
60 103 380
60 104 412
60 105 422
60 106 128
60 107 441
60 108 269
60 109 542
60 110 443
60 111 554
60 112 404
60 113 506
60 114 298
60 115 436
60 116 285
60 117 367
60 118 208
60 119 519
60 120 51
60 121 295
60 122 95
60 123 551
60 124 557
60 125 438
60 126 283
60 127 433
60 128 425
60 129 525
60 130 309
61 62 213
61 63 265
61 64 131
61 65 579
61 66 476
61 67 576
61 68 303
61 69 152
61 70 204
61 71 224
61 72 604
61 73 593
61 74 626
61 75 628
61 76 55
61 77 476
61 78 491
61 79 420
61 80 338
61 81 482
61 82 639
61 83 319
61 84 446
61 85 442
61 86 209
61 87 493
61 88 173
61 89 362
61 90 424
61 91 680
61 92 541
61 93 431
61 94 401
61 95 413
61 96 566
61 97 191
61 98 340
61 99 629
61 100 338
61 101 653
61 102 692
61 103 506
61 104 221
61 105 204
61 106 479
61 107 207
61 108 354
61 109 26
61 110 335
61 111 644
61 112 225
61 113 419
61 114 346
61 115 270
61 116 386
61 117 250
61 118 342
61 119 495
61 120 553
61 121 449
61 122 548
61 123 647
61 124 86
61 125 423
61 126 385
61 127 179
61 128 176
61 129 71
61 130 249
62 63 400
62 64 343
62 65 598
62 66 269
62 67 407
62 68 432
62 69 365
62 70 361
62 71 112
62 72 536
62 73 575
62 74 617
62 75 621
62 76 158
62 77 535
62 78 284
62 79 423
62 80 223
62 81 511
62 82 681
62 83 119
62 84 555
62 85 232
62 86 421
62 87 504
62 88 384
62 89 439
62 90 212
62 91 607
62 92 507
62 93 301
62 94 478
62 95 427
62 96 398
62 97 363
62 98 455
62 99 606
62 100 355
62 101 720
62 102 550
62 103 550
62 104 308
62 105 20
62 106 418
62 107 316
62 108 181
62 109 190
62 110 433
62 111 722
62 112 32
62 113 530
62 114 160
62 115 59
62 116 399
62 117 69
62 118 239
62 119 595
62 120 460
62 121 251
62 122 404
62 123 723
62 124 284
62 125 212
62 126 197
62 127 280
62 128 49
62 129 252
62 130 146
63 64 245
63 65 370
63 66 660
63 67 606
63 68 38
63 69 255
63 70 67
63 71 328
63 72 487
63 73 419
63 74 439
63 75 439
63 76 287
63 77 242
63 78 611
63 79 264
63 80 364
63 81 278
63 82 403
63 83 456
63 84 183
63 85 616
63 86 266
63 87 305
63 88 218
63 89 135
63 90 590
63 91 558
63 92 396
63 93 437
63 94 164
63 95 246
63 96 595
63 97 94
63 98 78
63 99 456
63 100 202
63 101 401
63 102 659
63 103 282
63 104 106
63 105 382
63 106 383
63 107 87
63 108 441
63 109 286
63 110 91
63 111 386
63 112 391
63 113 155
63 114 451
63 115 456
63 116 230
63 117 391
63 118 353
63 119 232
63 120 478
63 121 552
63 122 544
63 123 390
63 124 192
63 125 592
63 126 484
63 127 121
63 128 351
63 129 194
63 130 322
64 65 607
64 66 605
64 67 693
64 68 281
64 69 23
64 70 180
64 71 344
64 72 677
64 73 640
64 74 667
64 75 668
64 76 185
64 77 485
64 78 620
64 79 470
64 80 446
64 81 511
64 82 647
64 83 448
64 84 422
64 85 573
64 86 78
64 87 531
64 88 52
64 89 373
64 90 555
64 91 752
64 92 600
64 93 538
64 94 406
64 95 458
64 96 682
64 97 151
64 98 323
64 99 677
64 100 390
64 101 645
64 102 795
64 103 523
64 104 256
64 105 334
64 106 556
64 107 230
64 108 477
64 109 154
64 110 333
64 111 628
64 112 355
64 113 395
64 114 471
64 115 400
64 116 433
64 117 378
64 118 447
64 119 472
64 120 639
64 121 576
64 122 656
64 123 632
64 124 85
64 125 554
64 126 511
64 127 221
64 128 306
64 129 119
64 130 363
65 66 779
65 67 530
65 68 342
65 69 620
65 70 430
65 71 487
65 72 238
65 73 100
65 74 87
65 75 82
65 76 572
65 77 135
65 78 654
65 79 175
65 80 413
65 81 97
65 82 102
65 83 575
65 84 257
65 85 729
65 86 636
65 87 94
65 88 587
65 89 236
65 90 699
65 91 273
65 92 153
65 93 407
65 94 208
65 95 173
65 96 521
65 97 460
65 98 304
65 99 122
65 100 249
65 101 176
65 102 479
65 103 91
65 104 361
65 105 578
65 106 242
65 107 381
65 108 511
65 109 590
65 110 280
65 111 206
65 112 572
65 113 268
65 114 538
65 115 632
65 116 201
65 117 547
65 118 392
65 119 231
65 120 304
65 121 592
65 122 444
65 123 202
65 124 536
65 125 706
65 126 547
65 127 402
65 128 560
65 129 520
65 130 456
66 67 373
66 68 688
66 69 625
66 70 627
66 71 335
66 72 640
66 73 727
66 74 771
66 75 778
66 76 423
66 77 751
66 78 167
66 79 614
66 80 367
66 81 708
66 82 875
66 83 213
66 84 797
66 85 50
66 86 682
66 87 690
66 88 649
66 89 674
66 90 80
66 91 694
66 92 652
66 93 386
66 94 709
66 95 625
66 96 371
66 97 631
66 98 706
66 99 748
66 100 568
66 101 928
66 102 543
66 103 754
66 104 560
66 105 284
66 106 551
66 107 574
66 108 268
66 109 451
66 110 678
66 111 939
66 112 270
66 113 774
66 114 242
66 115 210
66 116 602
66 117 269
66 118 388
66 119 831
66 120 546
66 121 207
66 122 425
66 123 939
66 124 552
66 125 74
66 126 234
66 127 539
66 128 316
66 129 521
66 130 351
67 68 615
67 69 715
67 70 611
67 71 352
67 72 322
67 73 446
67 74 488
67 75 496
67 76 528
67 77 564
67 78 206
67 79 416
67 80 251
67 81 498
67 82 631
67 83 292
67 84 661
67 85 335
67 86 765
67 87 464
67 88 715
67 89 542
67 90 315
67 91 353
67 92 378
67 93 169
67 94 561
67 95 435
67 96 11
67 97 632
67 98 610
67 99 454
67 100 423
67 101 704
67 102 170
67 103 547
67 104 505
67 105 401
67 106 292
67 107 533
67 108 228
67 109 563
67 110 571
67 111 728
67 112 378
67 113 649
67 114 246
67 115 383
67 116 427
67 117 342
67 118 256
67 119 675
67 120 232
67 121 180
67 122 86
67 123 725
67 124 612
67 125 323
67 126 211
67 127 514
67 128 416
67 129 576
67 130 330
68 69 289
68 70 104
68 71 354
68 72 475
68 73 398
68 74 415
68 75 414
68 76 324
68 77 211
68 78 631
68 79 252
68 80 379
68 81 254
68 82 369
68 83 481
68 84 144
68 85 642
68 86 297
68 87 284
68 88 251
68 89 112
68 90 616
68 91 544
68 92 381
68 93 446
68 94 134
68 95 232
68 96 604
68 97 130
68 98 42
68 99 434
68 100 200
68 101 364
68 102 658
68 103 253
68 104 128
68 105 412
68 106 378
68 107 116
68 108 460
68 109 324
68 110 65
68 111 349
68 112 421
68 113 117
68 114 473
68 115 487
68 116 220
68 117 419
68 118 367
68 119 194
68 120 473
68 121 571
68 122 549
68 123 352
68 124 231
68 125 619
68 126 504
68 127 152
68 128 383
68 129 232
68 130 345
69 70 191
69 71 367
69 72 695
69 73 655
69 74 682
69 75 682
69 76 207
69 77 496
69 78 643
69 79 486
69 80 468
69 81 524
69 82 657
69 83 471
69 84 428
69 85 594
69 86 56
69 87 545
69 88 45
69 89 385
69 90 576
69 91 770
69 92 617
69 93 560
69 94 417
69 95 474
69 96 705
69 97 161
69 98 331
69 99 693
69 100 407
69 101 652
69 102 816
69 103 535
69 104 273
69 105 356
69 106 575
69 107 246
69 108 499
69 109 176
69 110 344
69 111 635
69 112 377
69 113 402
69 114 494
69 115 422
69 116 450
69 117 400
69 118 468
69 119 478
69 120 660
69 121 599
69 122 678
69 123 639
69 124 106
69 125 575
69 126 533
69 127 239
69 128 328
69 129 140
69 130 386
70 71 304
70 72 527
70 73 471
70 74 495
70 75 495
70 76 233
70 77 305
70 78 593
70 79 308
70 80 363
70 81 335
70 82 467
70 83 430
70 84 248
70 85 585
70 86 208
70 87 359
70 88 157
70 89 194
70 90 561
70 91 600
70 92 440
70 93 444
70 94 227
70 95 292
70 96 600
70 97 31
70 98 145
70 99 509
70 100 235
70 101 467
70 102 681
70 103 344
70 104 109
70 105 344
70 106 415
70 107 80
70 108 427
70 109 227
70 110 154
70 111 453
70 112 357
70 113 221
70 114 433
70 115 419
70 116 272
70 117 362
70 118 355
70 119 299
70 120 507
70 121 538
70 122 557
70 123 456
70 124 127
70 125 562
70 126 469
70 127 99
70 128 312
70 129 133
70 130 305
71 72 430
71 73 463
71 74 505
71 75 509
71 76 176
71 77 430
71 78 290
71 79 312
71 80 124
71 81 401
71 82 572
71 83 127
71 84 463
71 85 289
71 86 419
71 87 393
71 88 372
71 89 342
71 90 262
71 91 503
71 92 395
71 93 214
71 94 378
71 95 316
71 96 342
71 97 315
71 98 370
71 99 494
71 100 247
71 101 613
71 102 474
71 103 442
71 104 225
71 105 93
71 106 309
71 107 242
71 108 133
71 109 211
71 110 343
71 111 618
71 112 86
71 113 440
71 114 132
71 115 148
71 116 290
71 117 67
71 118 136
71 119 499
71 120 359
71 121 238
71 122 328
71 123 619
71 124 267
71 125 265
71 126 170
71 127 209
71 128 85
71 129 231
71 130 35
72 73 140
72 74 174
72 75 182
72 76 576
72 77 327
72 78 489
72 79 224
72 80 314
72 81 253
72 82 332
72 83 469
72 84 451
72 85 592
72 86 728
72 87 213
72 88 675
72 89 368
72 90 565
72 91 76
72 92 101
72 93 257
72 94 365
72 95 243
72 96 315
72 97 556
72 98 450
72 99 136
72 100 292
72 101 412
72 102 242
72 103 291
72 104 424
72 105 520
72 106 125
72 107 454
72 108 390
72 109 604
72 110 413
72 111 443
72 112 505
72 113 450
72 114 420
72 115 549
72 116 257
72 117 471
72 118 298
72 119 443
72 120 95
72 121 435
72 122 238
72 123 439
72 124 593
72 125 572
72 126 412
72 127 456
72 128 515
72 129 566
72 130 395
73 74 45
73 75 52
73 76 576
73 77 212
73 78 590
73 79 173
73 80 369
73 81 147
73 82 193
73 83 533
73 84 339
73 85 677
73 86 679
73 87 114
73 88 627
73 89 286
73 90 648
73 91 174
73 92 75
73 93 343
73 94 270
73 95 182
73 96 439
73 97 502
73 98 365
73 99 37
73 100 255
73 101 273
73 102 381
73 103 170
73 104 385
73 105 556
73 106 176
73 107 410
73 108 461
73 109 599
73 110 333
73 111 304
73 112 546
73 113 345
73 114 491
73 115 601
73 116 208
73 117 517
73 118 349
73 119 322
73 120 215
73 121 530
73 122 361
73 123 300
73 124 562
73 125 655
73 126 493
73 127 423
73 128 543
73 129 541
73 130 429
74 75 8
74 76 612
74 77 217
74 78 634
74 79 206
74 80 413
74 81 161
74 82 163
74 83 578
74 84 341
74 85 722
74 86 703
74 87 137
74 88 652
74 89 305
74 90 693
74 91 193
74 92 120
74 93 388
74 94 283
74 95 213
74 96 480
74 97 526
74 98 379
74 99 40
74 100 289
74 101 245
74 102 414
74 103 172
74 104 414
74 105 598
74 106 220
74 107 438
74 108 506
74 109 634
74 110 351
74 111 279
74 112 588
74 113 350
74 114 535
74 115 644
74 116 240
74 117 560
74 118 393
74 119 318
74 120 256
74 121 575
74 122 402
74 123 274
74 124 592
74 125 700
74 126 538
74 127 454
74 128 584
74 129 572
74 130 471
75 76 615
75 77 214
75 78 641
75 79 209
75 80 419
75 81 160
75 82 155
75 83 583
75 84 338
75 85 728
75 86 703
75 87 137
75 88 652
75 89 304
75 90 699
75 91 201
75 92 126
75 93 395
75 94 281
75 95 215
75 96 488
75 97 526
75 98 378
75 99 48
75 100 291
75 101 237
75 102 422
75 103 169
75 104 415
75 105 602
75 106 227
75 107 438
75 108 512
75 109 636
75 110 350
75 111 272
75 112 593
75 113 347
75 114 541
75 115 649
75 116 242
75 117 565
75 118 399
75 119 313
75 120 264
75 121 582
75 122 410
75 123 267
75 124 593
75 125 706
75 126 544
75 127 455
75 128 588
75 129 574
75 130 476
76 77 478
76 78 437
76 79 406
76 80 295
76 81 476
76 82 639
76 83 265
76 84 463
76 85 389
76 86 263
76 87 483
76 88 226
76 89 368
76 90 370
76 91 651
76 92 520
76 93 388
76 94 407
76 95 402
76 96 517
76 97 225
76 98 357
76 99 611
76 100 325
76 101 660
76 102 648
76 103 505
76 104 223
76 105 149
76 106 451
76 107 216
76 108 303
76 109 35
76 110 346
76 111 654
76 112 171
76 113 436
76 114 293
76 115 216
76 116 374
76 117 196
76 118 302
76 119 510
76 120 518
76 121 396
76 122 504
76 123 656
76 124 131
76 125 369
76 126 332
76 127 184
76 128 122
76 129 104
76 130 204
77 78 649
77 79 150
77 80 389
77 81 74
77 82 164
77 83 538
77 84 127
77 85 701
77 86 508
77 87 114
77 88 460
77 89 114
77 90 672
77 91 380
77 92 226
77 93 414
77 94 79
77 95 133
77 96 554
77 97 335
77 98 171
77 99 245
77 100 184
77 101 185
77 102 552
77 103 45
77 104 256
77 105 514
77 106 277
77 107 270
77 108 488
77 109 490
77 110 152
77 111 189
77 112 513
77 113 134
77 114 511
77 115 578
77 116 151
77 117 496
77 118 369
77 119 117
77 120 363
77 121 585
77 122 483
77 123 189
77 124 421
77 125 677
77 126 529
77 127 297
77 128 491
77 129 411
77 130 405
78 79 502
78 80 263
78 81 596
78 82 754
78 83 172
78 84 717
78 85 132
78 86 698
78 87 571
78 88 655
78 89 591
78 90 117
78 91 537
78 92 515
78 93 248
78 94 621
78 95 517
78 96 204
78 97 605
78 98 640
78 99 607
78 100 474
78 101 816
78 102 376
78 103 645
78 104 505
78 105 289
78 106 415
78 107 526
78 108 171
78 109 471
78 110 606
78 111 832
78 112 266
78 113 698
78 114 160
78 115 237
78 116 499
78 117 243
78 118 281
78 119 744
78 120 394
78 121 64
78 122 262
78 123 831
78 124 551
78 125 125
78 126 127
78 127 496
78 128 315
78 129 516
78 130 289
79 80 247
79 81 95
79 82 263
79 83 405
79 84 250
79 85 563
79 86 514
79 87 81
79 88 461
79 89 147
79 90 534
79 91 294
79 92 133
79 93 264
79 94 153
79 95 21
79 96 405
79 97 338
79 98 228
79 99 209
79 100 83
79 101 316
79 102 420
79 103 143
79 104 214
79 105 403
79 106 136
79 107 240
79 108 346
79 109 427
79 110 190
79 111 330
79 112 397
79 113 242
79 114 372
79 115 457
79 116 36
79 117 373
79 118 226
79 119 260
79 120 230
79 121 439
79 122 336
79 123 328
79 124 391
79 125 540
79 126 386
79 127 251
79 128 386
79 129 369
79 130 281
80 81 341
80 82 508
80 83 165
80 84 455
80 85 317
80 86 516
80 87 323
80 88 465
80 89 329
80 90 288
80 91 384
80 92 296
80 93 93
80 94 358
80 95 259
80 96 240
80 97 382
80 98 382
80 99 396
80 100 211
80 101 562
80 102 354
80 103 388
80 104 260
80 105 208
80 106 200
80 107 286
80 108 100
80 109 329
80 110 347
80 111 575
80 112 191
80 113 437
80 114 126
80 115 236
80 116 238
80 117 157
80 118 20
80 119 481
80 120 237
80 121 200
80 122 211
80 123 574
80 124 363
80 125 294
80 126 140
80 127 264
80 128 207
80 129 328
80 130 92
81 82 171
81 83 499
81 84 198
81 85 658
81 86 543
81 87 40
81 88 493
81 89 143
81 90 629
81 91 309
81 92 153
81 93 354
81 94 123
81 95 85
81 96 488
81 97 366
81 98 219
81 99 182
81 100 157
81 101 221
81 102 479
81 103 49
81 104 263
81 105 490
81 106 207
81 107 284
81 108 441
81 109 493
81 110 189
81 111 236
81 112 486
81 113 200
81 114 466
81 115 548
81 116 111
81 117 464
81 118 321
81 119 191
81 120 290
81 121 533
81 122 415
81 123 235
81 124 439
81 125 634
81 126 480
81 127 305
81 128 471
81 129 423
81 130 372
82 83 668
82 84 250
82 85 825
82 86 665
82 87 185
82 88 620
82 89 278
82 90 795
82 91 356
82 92 254
82 93 508
82 94 242
82 95 256
82 96 623
82 97 496
82 98 328
82 99 203
82 100 327
82 101 82
82 102 574
82 103 134
82 104 418
82 105 661
82 106 344
82 107 433
82 108 607
82 109 652
82 110 314
82 111 119
82 112 657
82 113 269
82 114 633
82 115 719
82 116 282
82 117 635
82 118 487
82 119 208
82 120 404
82 121 692
82 122 546
82 123 113
82 124 585
82 125 801
82 126 644
82 127 460
82 128 641
82 129 574
82 130 543
83 84 584
83 85 165
83 86 526
83 87 484
83 88 483
83 89 460
83 90 137
83 91 533
83 92 460
83 93 215
83 94 495
83 95 415
83 96 284
83 97 440
83 98 496
83 99 559
83 100 355
83 101 718
83 102 445
83 103 544
83 104 352
83 105 119
83 106 362
83 107 369
83 108 81
83 109 299
83 110 466
83 111 727
83 112 96
83 113 562
83 114 52
83 115 91
83 116 391
83 117 71
83 118 185
83 119 618
83 120 382
83 121 133
83 122 301
83 123 727
83 124 379
83 125 141
83 126 81
83 127 336
83 128 144
83 129 344
83 130 139
84 85 749
84 86 427
84 87 238
84 88 386
84 89 126
84 90 721
84 91 507
84 92 350
84 93 500
84 94 100
84 95 229
84 96 651
84 97 272
84 98 107
84 99 371
84 100 245
84 101 227
84 102 668
84 103 170
84 104 248
84 105 535
84 106 386
84 107 248
84 108 548
84 109 466
84 110 122
84 111 207
84 112 539
84 113 27
84 114 567
84 115 606
84 116 235
84 117 530
84 118 438
84 119 51
84 120 478
84 121 655
84 122 585
84 123 211
84 124 375
84 125 725
84 126 592
84 127 282
84 128 507
84 129 376
84 130 446
85 86 650
85 87 640
85 88 615
85 89 625
85 90 29
85 91 648
85 92 602
85 93 337
85 94 660
85 95 574
85 96 332
85 97 590
85 98 659
85 99 699
85 100 518
85 101 878
85 102 505
85 103 704
85 104 514
85 105 245
85 106 502
85 107 529
85 108 218
85 109 418
85 110 630
85 111 889
85 112 229
85 113 727
85 114 192
85 115 173
85 116 552
85 117 224
85 118 338
85 119 783
85 120 499
85 121 163
85 122 381
85 123 889
85 124 516
85 125 24
85 126 184
85 127 495
85 128 276
85 129 483
85 130 303
86 87 567
86 88 54
86 89 401
86 90 633
86 91 803
86 92 646
86 93 607
86 94 430
86 95 499
86 96 754
86 97 177
86 98 338
86 99 717
86 100 437
86 101 654
86 102 860
86 103 549
86 104 304
86 105 412
86 106 611
86 107 275
86 108 552
86 109 232
86 110 357
86 111 633
86 112 433
86 113 402
86 114 547
86 115 478
86 116 478
86 117 455
86 118 515
86 119 477
86 120 698
86 121 653
86 122 725
86 123 637
86 124 153
86 125 632
86 126 587
86 127 274
86 128 383
86 129 189
86 130 436
87 88 516
87 89 172
87 90 610
87 91 270
87 92 113
87 93 327
87 94 158
87 95 81
87 96 455
87 97 390
87 98 251
87 99 151
87 100 158
87 101 245
87 102 440
87 103 84
87 104 278
87 105 484
87 106 172
87 107 301
87 108 422
87 109 502
87 110 219
87 111 265
87 112 478
87 113 239
87 114 448
87 115 538
87 116 109
87 117 454
87 118 302
87 119 231
87 120 252
87 121 508
87 122 380
87 123 263
87 124 456
87 125 616
87 126 459
87 127 318
87 128 467
87 129 437
87 130 362
88 89 351
88 90 596
88 91 749
88 92 593
88 93 555
88 94 382
88 95 447
88 96 704
88 97 127
88 98 293
88 99 665
88 100 384
88 101 612
88 102 807
88 103 500
88 104 250
88 105 373
88 106 558
88 107 222
88 108 505
88 109 198
88 110 309
88 111 593
88 112 393
88 113 361
88 114 502
88 115 442
88 116 425
88 117 412
88 118 463
88 119 437
88 120 645
88 121 608
88 122 673
88 123 598
88 124 105
88 125 595
88 126 541
88 127 221
88 128 343
88 129 141
88 130 387
89 90 597
89 91 434
89 92 271
89 93 378
89 94 40
89 95 126
89 96 531
89 97 225
89 98 82
89 99 323
89 100 120
89 101 292
89 102 565
89 103 150
89 104 144
89 105 419
89 106 281
89 107 156
89 108 422
89 109 378
89 110 47
89 111 288
89 112 421
89 113 108
89 114 441
89 115 487
89 116 121
89 117 409
89 118 312
89 119 158
89 120 376
89 121 528
89 122 469
89 123 289
89 124 307
89 125 601
89 126 466
89 127 185
89 128 393
89 129 297
89 130 322
90 91 621
90 92 573
90 93 309
90 94 631
90 95 545
90 96 311
90 97 567
90 98 632
90 99 670
90 100 489
90 101 849
90 102 484
90 103 675
90 104 488
90 105 224
90 106 473
90 107 503
90 108 189
90 109 401
90 110 603
90 111 860
90 112 206
90 113 699
90 114 162
90 115 155
90 116 522
90 117 199
90 118 308
90 119 754
90 120 472
90 121 138
90 122 357
90 123 859
90 124 496
90 125 8
90 126 155
90 127 470
90 128 255
90 129 462
90 130 275
91 92 163
91 93 319
91 94 427
91 95 312
91 96 349
91 97 629
91 98 516
91 99 153
91 100 365
91 101 438
91 102 236
91 103 341
91 104 499
91 105 591
91 106 200
91 107 527
91 108 453
91 109 680
91 110 480
91 111 472
91 112 575
91 113 509
91 114 483
91 115 616
91 116 328
91 117 540
91 118 369
91 119 493
91 120 151
91 121 487
91 122 276
91 123 468
91 124 669
91 125 629
91 126 472
91 127 531
91 128 587
91 129 641
91 130 467
92 93 268
92 94 265
92 95 149
92 96 370
92 97 471
92 98 353
92 99 100
92 100 210
92 101 329
92 102 332
92 103 193
92 104 344
92 105 488
92 106 101
92 107 372
92 108 387
92 109 545
92 110 317
92 111 356
92 112 477
92 113 350
92 114 416
92 115 530
92 116 169
92 117 447
92 118 276
92 119 343
92 120 151
92 121 455
92 122 292
92 123 353
92 124 519
92 125 580
92 126 418
92 127 380
92 128 477
92 129 495
92 130 361
93 94 400
93 95 281
93 96 158
93 97 466
93 98 442
93 99 363
93 100 257
93 101 572
93 102 261
93 103 404
93 104 337
93 105 289
93 106 168
93 107 365
93 108 135
93 109 422
93 110 404
93 111 590
93 112 269
93 113 486
93 114 164
93 115 301
93 116 268
93 117 232
93 118 92
93 119 519
93 120 167
93 121 187
93 122 118
93 123 588
93 124 455
93 125 316
93 126 155
93 127 347
93 128 293
93 129 420
93 130 184
94 95 132
94 96 551
94 97 256
94 98 96
94 99 305
94 100 147
94 101 253
94 102 573
94 103 119
94 104 184
94 105 457
94 106 289
94 107 194
94 108 454
94 109 417
94 110 73
94 111 248
94 112 459
94 113 89
94 114 474
94 115 525
94 116 135
94 117 446
94 118 341
94 119 123
94 120 383
94 121 558
94 122 486
94 123 250
94 124 343
94 125 636
94 126 497
94 127 224
94 128 432
94 129 335
94 130 358
95 96 425
95 97 323
95 98 208
95 99 220
95 100 77
95 101 304
95 102 442
95 103 130
95 104 202
95 105 407
95 106 157
95 107 228
95 108 359
95 109 422
95 110 170
95 111 316
95 112 402
95 113 221
95 114 383
95 115 463
95 116 28
95 117 380
95 118 239
95 119 240
95 120 251
95 121 453
95 122 357
95 123 315
95 124 380
95 125 551
95 126 399
95 127 241
95 128 388
95 129 359
95 130 287
96 97 621
96 98 599
96 99 447
96 100 412
96 101 695
96 102 173
96 103 537
96 104 494
96 105 392
96 106 283
96 107 522
96 108 218
96 109 553
96 110 560
96 111 719
96 112 369
96 113 638
96 114 237
96 115 375
96 116 416
96 117 333
96 118 245
96 119 665
96 120 224
96 121 175
96 122 78
96 123 716
96 124 601
96 125 319
96 126 203
96 127 502
96 128 407
96 129 565
96 130 319
97 98 171
97 99 539
97 100 265
97 101 494
97 102 707
97 103 374
97 104 136
97 105 347
97 106 444
97 107 106
97 108 442
97 109 215
97 110 183
97 111 478
97 112 361
97 113 245
97 114 446
97 115 422
97 116 302
97 117 370
97 118 376
97 119 323
97 120 534
97 121 551
97 122 580
97 123 482
97 124 108
97 125 568
97 126 482
97 127 119
97 128 315
97 129 122
97 130 320
98 99 401
98 100 188
98 101 323
98 102 643
98 103 214
98 104 148
98 105 436
98 106 360
98 107 143
98 108 469
98 109 359
98 110 40
98 111 308
98 112 442
98 113 80
98 114 484
98 115 508
98 116 199
98 117 437
98 118 368
98 119 155
98 120 455
98 121 579
98 122 541
98 123 312
98 124 270
98 125 635
98 126 513
98 127 178
98 128 407
98 129 269
98 130 358
99 100 292
99 101 285
99 102 375
99 103 201
99 104 422
99 105 587
99 106 198
99 107 447
99 108 485
99 109 635
99 110 370
99 111 319
99 112 576
99 113 378
99 114 515
99 115 629
99 116 245
99 117 546
99 118 376
99 119 351
99 120 222
99 121 549
99 122 369
99 123 314
99 124 600
99 125 677
99 126 515
99 127 460
99 128 575
99 129 578
99 130 460
100 101 366
100 102 459
100 103 195
100 104 134
100 105 335
100 106 182
100 107 162
100 108 308
100 109 345
100 110 149
100 111 373
100 112 332
100 113 229
100 114 329
100 115 395
100 116 49
100 117 313
100 118 194
100 119 270
100 120 276
100 121 411
100 122 353
100 123 373
100 124 309
100 125 494
100 126 351
100 127 170
100 128 314
100 129 286
100 130 221
101 102 654
101 103 174
101 104 436
101 105 699
101 106 413
101 107 446
101 108 662
101 109 669
101 110 319
101 111 40
101 112 698
101 113 252
101 114 687
101 115 762
101 116 327
101 117 679
101 118 542
101 119 178
101 120 480
101 121 753
101 122 619
101 123 34
101 124 591
101 125 854
101 126 701
101 127 477
101 128 676
101 129 585
101 130 587
102 103 523
102 104 572
102 105 541
102 106 285
102 107 601
102 108 370
102 109 683
102 110 603
102 111 685
102 112 520
102 113 662
102 114 395
102 115 536
102 116 444
102 117 482
102 118 350
102 119 669
102 120 191
102 121 347
102 122 147
102 123 681
102 124 710
102 125 493
102 126 366
102 127 591
102 128 550
102 129 676
102 130 445
103 104 285
103 105 530
103 106 255
103 107 302
103 108 488
103 109 519
103 110 192
103 111 187
103 112 527
103 113 178
103 114 513
103 115 590
103 116 154
103 117 507
103 118 369
103 119 153
103 120 336
103 121 581
103 122 464
103 123 186
103 124 456
103 125 681
103 126 528
103 127 327
103 128 508
103 129 443
103 130 414
104 105 288
104 106 309
104 107 30
104 108 335
104 109 234
104 110 127
104 111 431
104 112 295
104 113 223
104 114 346
104 115 361
104 116 177
104 117 291
104 118 250
104 119 291
104 120 399
104 121 446
104 122 448
104 123 433
104 124 178
104 125 491
104 126 378
104 127 42
104 128 260
104 129 160
104 130 217
105 106 400
105 107 297
105 108 174
105 109 182
105 110 413
105 111 702
105 112 24
105 113 510
105 114 156
105 115 75
105 116 379
105 117 59
105 118 222
105 119 575
105 120 445
105 121 252
105 122 394
105 123 703
105 124 272
105 125 224
105 126 194
105 127 261
105 128 31
105 129 238
105 130 128
106 107 339
106 108 287
106 109 479
106 110 320
106 111 436
106 112 387
106 113 378
106 114 317
106 115 435
106 116 160
106 117 354
106 118 181
106 119 391
106 120 96
106 121 355
106 122 208
106 123 433
106 124 472
106 125 480
106 126 318
106 127 337
106 128 393
106 129 443
106 130 273
107 108 357
107 109 223
107 110 130
107 111 438
107 112 306
107 113 221
107 114 366
107 115 371
107 116 204
107 117 305
107 118 277
107 119 293
107 120 429
107 121 468
107 122 477
107 123 441
107 124 155
107 125 506
107 126 399
107 127 36
107 128 267
107 129 141
107 130 237
108 109 338
108 110 436
108 111 674
108 112 151
108 113 529
108 114 30
108 115 169
108 116 337
108 117 115
108 118 120
108 119 577
108 120 302
108 121 111
108 122 224
108 123 674
108 124 400
108 125 195
108 126 44
108 127 329
108 128 189
108 129 364
108 130 122
109 110 352
109 111 661
109 112 204
109 113 439
109 114 328
109 115 246
109 116 394
109 117 231
109 118 335
109 119 514
109 120 549
109 121 431
109 122 538
109 123 664
109 124 112
109 125 400
109 126 368
109 127 193
109 128 156
109 129 93
109 130 238
110 111 309
110 112 418
110 113 97
110 114 452
110 115 484
110 116 160
110 117 410
110 118 332
110 119 165
110 120 416
110 121 544
110 122 501
110 123 312
110 124 272
110 125 606
110 126 479
110 127 163
110 128 385
110 129 266
110 130 328
111 112 702
111 113 233
111 114 698
111 115 766
111 116 337
111 117 685
111 118 555
111 119 156
111 120 507
111 121 768
111 122 643
111 123 7
111 124 578
111 125 865
111 126 715
111 127 470
111 128 678
111 129 575
111 130 594
112 113 515
112 114 132
112 115 66
112 116 375
112 117 37
112 118 207
112 119 578
112 120 428
112 121 228
112 122 373
112 123 702
112 124 291
112 125 207
112 126 170
112 127 270
112 128 50
112 129 257
112 130 117
113 114 546
113 115 581
113 116 223
113 117 507
113 118 420
113 119 77
113 120 472
113 121 636
113 122 574
113 123 237
113 124 348
113 125 703
113 126 572
113 127 256
113 128 482
113 129 348
113 130 424
114 115 142
114 116 361
114 117 99
114 118 146
114 119 597
114 120 332
114 121 106
114 122 250
114 123 697
114 124 397
114 125 168
114 126 40
114 127 336
114 128 175
114 129 361
114 130 129
115 116 437
115 117 84
115 118 254
115 119 644
115 120 466
115 121 214
115 122 392
115 123 767
115 124 343
115 125 153
115 126 172
115 127 335
115 128 107
115 129 311
115 130 176
116 117 353
116 118 219
116 119 251
116 120 256
116 121 435
116 122 351
116 123 337
116 124 355
116 125 528
116 126 378
116 127 215
116 128 360
116 129 333
116 130 261
117 118 174
117 119 567
117 120 392
117 121 200
117 122 335
117 123 685
117 124 308
117 125 201
117 126 138
117 127 271
117 128 76
117 129 273
117 130 92
118 119 463
118 120 224
118 121 217
118 122 210
118 123 554
118 124 363
118 125 314
118 126 160
118 127 257
118 128 220
118 129 328
118 130 101
119 120 480
119 121 681
119 122 596
119 123 161
119 124 425
119 125 759
119 126 620
119 127 328
119 128 548
119 129 425
119 130 480
120 121 340
120 122 146
120 123 504
120 124 555
120 125 480
120 126 321
120 127 424
120 128 443
120 129 524
120 130 325
121 122 219
121 123 767
121 124 503
121 125 147
121 126 69
121 127 439
121 128 275
121 129 467
121 130 232
122 123 640
122 124 573
122 125 365
122 126 224
122 127 462
122 128 403
122 129 538
122 130 300
123 124 581
123 125 865
123 126 714
123 127 473
123 128 679
123 129 578
123 130 594
124 125 495
124 126 436
124 127 140
124 128 241
124 129 36
124 130 283
125 126 162
125 127 472
125 128 255
125 129 462
125 130 279
126 127 371
126 128 214
126 129 400
126 130 163
127 128 231
127 129 119
127 130 207
128 129 208
128 130 120
129 130 247
