120 7259
1 2 534
1 3 434
1 4 294
1 5 593
1 6 409
1 7 332
1 8 232
1 9 464
1 10 566
1 11 552
1 12 802
1 13 633
1 14 257
1 15 187
1 16 91
1 17 412
1 18 400
1 19 472
1 20 389
1 21 610
1 22 340
1 23 510
1 24 153
1 25 511
1 26 269
1 27 525
1 28 150
1 29 80
1 30 130
1 31 401
1 32 134
1 33 666
1 34 259
1 35 505
1 36 453
1 37 627
1 38 339
1 39 710
1 40 243
1 41 376
1 42 449
1 43 505
1 44 322
1 45 185
1 46 353
1 47 324
1 48 388
1 49 447
1 50 360
1 51 605
1 52 656
1 53 573
1 54 293
1 55 372
1 56 330
1 57 610
1 58 598
1 59 214
1 60 154
1 61 70
1 62 606
1 63 631
1 64 642
1 65 503
1 66 372
1 67 641
1 68 561
1 69 478
1 70 247
1 71 317
1 72 272
1 73 575
1 74 219
1 75 293
1 76 54
1 77 648
1 78 211
1 79 568
1 80 497
1 81 290
1 82 475
1 83 654
1 84 445
1 85 375
1 86 268
1 87 261
1 88 710
1 89 396
1 90 295
1 91 651
1 92 175
1 93 585
1 94 250
1 95 717
1 96 246
1 97 788
1 98 426
1 99 596
1 100 634
1 101 507
1 102 463
1 103 408
1 104 529
1 105 192
1 106 529
1 107 434
1 108 535
1 109 630
1 110 446
1 111 166
1 112 471
1 113 442
1 114 523
1 115 566
1 116 235
1 117 432
1 118 435
1 119 369
1 120 121
2 3 107
2 4 241
2 5 190
2 6 351
2 7 320
2 8 354
2 9 124
2 10 508
2 11 80
2 12 316
2 13 432
2 14 641
2 15 577
2 16 450
2 17 624
2 18 752
2 19 805
2 20 665
2 21 76
2 22 730
2 23 152
2 24 447
2 25 844
2 26 283
2 27 157
2 28 539
2 29 507
2 30 520
2 31 791
2 32 524
2 33 942
2 34 281
2 35 447
2 36 358
2 37 334
2 38 275
2 39 283
2 40 353
2 41 520
2 42 594
2 43 781
2 44 611
2 45 575
2 46 638
2 47 314
2 48 234
2 49 664
2 50 606
2 51 133
2 52 932
2 53 113
2 54 384
2 55 283
2 56 479
2 57 297
2 58 874
2 59 604
2 60 401
2 61 464
2 62 349
2 63 228
2 64 129
2 65 779
2 66 762
2 67 348
2 68 837
2 69 754
2 70 316
2 71 336
2 72 382
2 73 276
2 74 479
2 75 683
2 76 529
2 77 188
2 78 601
2 79 844
2 80 150
2 81 680
2 82 65
2 83 341
2 84 387
2 85 765
2 86 658
2 87 519
2 88 184
2 89 291
2 90 424
2 91 927
2 92 565
2 93 67
2 94 640
2 95 221
2 96 454
2 97 302
2 98 596
2 99 575
2 100 910
2 101 209
2 102 186
2 103 169
2 104 389
2 105 412
2 106 286
2 107 710
2 108 811
2 109 108
2 110 252
2 111 518
2 112 313
2 113 718
2 114 230
2 115 45
2 116 313
2 117 822
2 118 653
2 119 167
2 120 511
3 4 148
3 5 137
3 6 240
3 7 232
3 8 261
3 9 88
3 10 397
3 11 127
3 12 336
3 13 479
3 14 541
3 15 477
3 16 357
3 17 531
3 18 659
3 19 712
3 20 572
3 21 183
3 22 630
3 23 134
3 24 354
3 25 751
3 26 190
3 27 95
3 28 446
3 29 414
3 30 427
3 31 691
3 32 431
3 33 849
3 34 188
3 35 336
3 36 247
3 37 251
3 38 187
3 39 254
3 40 260
3 41 427
3 42 501
3 43 688
3 44 518
3 45 482
3 46 545
3 47 191
3 48 127
3 49 571
3 50 513
3 51 180
3 52 839
3 53 101
3 54 274
3 55 199
3 56 386
3 57 234
3 58 781
3 59 504
3 60 308
3 61 371
3 62 266
3 63 175
3 64 176
3 65 686
3 66 662
3 67 265
3 68 744
3 69 661
3 70 223
3 71 212
3 72 289
3 73 199
3 74 386
3 75 583
3 76 429
3 77 182
3 78 501
3 79 751
3 80 67
3 81 580
3 82 42
3 83 278
3 84 276
3 85 665
3 86 558
3 87 426
3 88 271
3 89 180
3 90 278
3 91 834
3 92 472
3 93 146
3 94 540
3 95 251
3 96 361
3 97 322
3 98 503
3 99 330
3 100 817
3 101 111
3 102 79
3 103 105
3 104 278
3 105 319
3 106 231
3 107 617
3 108 718
3 109 191
3 110 145
3 111 425
3 112 202
3 113 625
3 114 147
3 115 139
3 116 220
3 117 722
3 118 560
3 119 79
3 120 418
4 5 374
4 6 190
4 7 139
4 8 113
4 9 171
4 10 347
4 11 259
4 12 509
4 13 552
4 14 407
4 15 337
4 16 210
4 17 384
4 18 512
4 19 565
4 20 425
4 21 317
4 22 490
4 23 217
4 24 207
4 25 604
4 26 42
4 27 232
4 28 299
4 29 267
4 30 280
4 31 551
4 32 284
4 33 702
4 34 40
4 35 286
4 36 234
4 37 408
4 38 94
4 39 491
4 40 113
4 41 280
4 42 354
4 43 541
4 44 371
4 45 335
4 46 398
4 47 106
4 48 124
4 49 424
4 50 366
4 51 312
4 52 692
4 53 280
4 54 143
4 55 153
4 56 239
4 57 391
4 58 634
4 59 364
4 60 161
4 61 224
4 62 387
4 63 412
4 64 349
4 65 539
4 66 522
4 67 422
4 68 597
4 69 514
4 70 76
4 71 95
4 72 142
4 73 356
4 74 239
4 75 443
4 76 289
4 77 355
4 78 361
4 79 604
4 80 204
4 81 440
4 82 182
4 83 435
4 84 226
4 85 525
4 86 418
4 87 279
4 88 417
4 89 177
4 90 183
4 91 687
4 92 325
4 93 292
4 94 400
4 95 424
4 96 213
4 97 495
4 98 356
4 99 377
4 100 670
4 101 201
4 102 155
4 103 116
4 104 310
4 105 172
4 106 310
4 107 470
4 108 571
4 109 337
4 110 227
4 111 277
4 112 252
4 113 478
4 114 304
4 115 273
4 116 73
4 117 582
4 118 413
4 119 77
4 120 271
5 6 258
5 7 494
5 8 372
5 9 202
5 10 331
5 11 234
5 12 222
5 13 586
5 14 706
5 15 636
5 16 509
5 17 690
5 18 818
5 19 871
5 20 731
5 21 192
5 22 789
5 23 248
5 24 470
5 25 910
5 26 332
5 27 42
5 28 598
5 29 566
5 30 579
5 31 850
5 32 583
5 33 1008
5 34 364
5 35 354
5 36 265
5 37 168
5 38 313
5 39 117
5 40 419
5 41 586
5 42 660
5 43 847
5 44 677
5 45 634
5 46 704
5 47 275
5 48 219
5 49 730
5 50 672
5 51 287
5 52 998
5 53 79
5 54 319
5 55 229
5 56 545
5 57 107
5 58 940
5 59 663
5 60 460
5 61 523
5 62 183
5 63 38
5 64 121
5 65 845
5 66 821
5 67 152
5 68 903
5 69 820
5 70 360
5 71 289
5 72 448
5 73 86
5 74 545
5 75 742
5 76 588
5 77 68
5 78 660
5 79 910
5 80 70
5 81 739
5 82 137
5 83 151
5 84 294
5 85 824
5 86 717
5 87 585
5 88 239
5 89 198
5 90 308
5 91 993
5 92 624
5 93 135
5 94 699
5 95 137
5 96 373
5 97 208
5 98 662
5 99 237
5 100 976
5 101 139
5 102 157
5 103 242
5 104 236
5 105 477
5 106 177
5 107 776
5 108 877
5 109 165
5 110 162
5 111 437
5 112 166
5 113 784
5 114 81
5 115 228
5 116 371
5 117 881
5 118 719
5 119 205
5 120 570
6 7 310
6 8 188
6 9 328
6 10 171
6 11 365
6 12 470
6 13 723
6 14 522
6 15 452
6 16 325
6 17 506
6 18 634
6 19 687
6 20 547
6 21 442
6 22 605
6 23 370
6 24 280
6 25 726
6 26 148
6 27 257
6 28 414
6 29 382
6 30 395
6 31 666
6 32 399
6 33 824
6 34 180
6 35 110
6 36 59
6 37 239
6 38 281
6 39 375
6 40 235
6 41 402
6 42 476
6 43 663
6 44 493
6 45 450
6 46 520
6 47 91
6 48 113
6 49 546
6 50 488
6 51 418
6 52 814
6 53 329
6 54 129
6 55 39
6 56 361
6 57 275
6 58 756
6 59 479
6 60 276
6 61 339
6 62 216
6 63 296
6 64 369
6 65 661
6 66 637
6 67 262
6 68 719
6 69 636
6 70 176
6 71 105
6 72 264
6 73 240
6 74 361
6 75 558
6 76 404
6 77 316
6 78 476
6 79 726
6 80 257
6 81 555
6 82 282
6 83 319
6 84 50
6 85 640
6 86 533
6 87 401
6 88 487
6 89 53
6 90 118
6 91 809
6 92 440
6 93 385
6 94 515
6 95 385
6 96 183
6 97 456
6 98 478
6 99 179
6 100 792
6 101 172
6 102 161
6 103 298
6 104 127
6 105 293
6 106 165
6 107 592
6 108 693
6 109 424
6 110 111
6 111 247
6 112 99
6 113 600
6 114 188
6 115 383
6 116 187
6 117 697
6 118 535
6 119 259
6 120 386
7 8 208
7 9 188
7 10 467
7 11 249
7 12 588
7 13 417
7 14 184
7 15 375
7 16 248
7 17 210
7 18 338
7 19 391
7 20 251
7 21 396
7 22 394
7 23 175
7 24 246
7 25 430
7 26 169
7 27 316
7 28 279
7 29 305
7 30 318
7 31 474
7 32 314
7 33 528
7 34 142
7 35 406
7 36 354
7 37 528
7 38 45
7 39 611
7 40 89
7 41 106
7 42 180
7 43 367
7 44 197
7 45 231
7 46 224
7 47 225
7 48 289
7 49 250
7 50 192
7 51 264
7 52 518
7 53 359
7 54 262
7 55 273
7 56 65
7 57 511
7 58 460
7 59 402
7 60 199
7 61 262
7 62 507
7 63 532
7 64 428
7 65 365
7 66 456
7 67 542
7 68 423
7 69 340
7 70 170
7 71 218
7 72 84
7 73 476
7 74 167
7 75 238
7 76 327
7 77 434
7 78 231
7 79 430
7 80 288
7 81 317
7 82 261
7 83 555
7 84 346
7 85 384
7 86 231
7 87 141
7 88 496
7 89 297
7 90 302
7 91 513
7 92 311
7 93 371
7 94 277
7 95 503
7 96 332
7 97 574
7 98 182
7 99 497
7 100 496
7 101 408
7 102 251
7 103 131
7 104 430
7 105 160
7 106 430
7 107 296
7 108 397
7 109 416
7 110 347
7 111 336
7 112 372
7 113 304
7 114 424
7 115 352
7 116 168
7 117 441
7 118 239
7 119 153
7 120 309
8 9 284
8 10 345
8 11 372
8 12 584
8 13 621
8 14 391
8 15 321
8 16 141
8 17 408
8 18 536
8 19 589
8 20 449
8 21 430
8 22 474
8 23 330
8 24 113
8 25 628
8 26 63
8 27 355
8 28 283
8 29 251
8 30 264
8 31 535
8 32 268
8 33 726
8 34 72
8 35 284
8 36 232
8 37 406
8 38 184
8 39 489
8 40 133
8 41 300
8 42 378
8 43 565
8 44 395
8 45 319
8 46 422
8 47 104
8 48 168
8 49 448
8 50 390
8 51 425
8 52 716
8 53 403
8 54 60
8 55 151
8 56 259
8 57 389
8 58 658
8 59 348
8 60 78
8 61 208
8 62 385
8 63 410
8 64 472
8 65 563
8 66 506
8 67 420
8 68 621
8 69 538
8 70 39
8 71 79
8 72 162
8 73 354
8 74 259
8 75 427
8 76 273
8 77 430
8 78 345
8 79 628
8 80 327
8 81 424
8 82 295
8 83 433
8 84 224
8 85 509
8 86 402
8 87 299
8 88 530
8 89 175
8 90 100
8 91 711
8 92 309
8 93 405
8 94 384
8 95 499
8 96 130
8 97 570
8 98 380
8 99 375
8 100 694
8 101 286
8 102 216
8 103 229
8 104 308
8 105 154
8 106 308
8 107 494
8 108 595
8 109 450
8 110 225
8 111 114
8 112 250
8 113 502
8 114 302
8 115 386
8 116 43
8 117 566
8 118 437
8 119 190
8 120 255
9 10 485
9 11 61
9 12 392
9 13 411
9 14 372
9 15 507
9 16 380
9 17 398
9 18 526
9 19 579
9 20 439
9 21 202
9 22 582
9 23 46
9 24 377
9 25 618
9 26 213
9 27 160
9 28 469
9 29 437
9 30 450
9 31 662
9 32 454
9 33 716
9 34 211
9 35 424
9 36 335
9 37 300
9 38 143
9 39 319
9 40 283
9 41 294
9 42 368
9 43 555
9 44 372
9 45 419
9 46 412
9 47 244
9 48 215
9 49 438
9 50 380
9 51 112
9 52 706
9 53 163
9 54 314
9 55 324
9 56 253
9 57 322
9 58 648
9 59 534
9 60 331
9 61 394
9 62 354
9 63 240
9 64 232
9 65 553
9 66 644
9 67 314
9 68 611
9 69 528
9 70 246
9 71 266
9 72 234
9 73 287
9 74 317
9 75 426
9 76 459
9 77 238
9 78 479
9 79 618
9 80 155
9 81 505
9 82 65
9 83 366
9 84 364
9 85 572
9 86 419
9 87 329
9 88 300
9 89 268
9 90 354
9 91 701
9 92 495
9 93 175
9 94 465
9 95 307
9 96 384
9 97 378
9 98 370
9 99 552
9 100 684
9 101 213
9 102 167
9 103 57
9 104 366
9 105 342
9 106 319
9 107 484
9 108 585
9 109 220
9 110 233
9 111 448
9 112 290
9 113 492
9 114 235
9 115 121
9 116 243
9 117 629
9 118 427
9 119 97
9 120 441
10 11 522
10 12 502
10 13 874
10 14 679
10 15 609
10 16 482
10 17 663
10 18 791
10 19 844
10 20 704
10 21 515
10 22 762
10 23 527
10 24 437
10 25 883
10 26 305
10 27 330
10 28 571
10 29 539
10 30 552
10 31 823
10 32 556
10 33 981
10 34 337
10 35 70
10 36 182
10 37 166
10 38 438
10 39 354
10 40 392
10 41 559
10 42 633
10 43 820
10 44 650
10 45 607
10 46 677
10 47 248
10 48 270
10 49 703
10 50 645
10 51 575
10 52 971
10 53 402
10 54 286
10 55 196
10 56 518
10 57 248
10 58 913
10 59 636
10 60 433
10 61 496
10 62 147
10 63 306
10 64 428
10 65 818
10 66 794
10 67 189
10 68 876
10 69 793
10 70 333
10 71 262
10 72 421
10 73 250
10 74 518
10 75 715
10 76 561
10 77 362
10 78 633
10 79 883
10 80 335
10 81 712
10 82 439
10 83 266
10 84 125
10 85 797
10 86 690
10 87 558
10 88 546
10 89 218
10 90 275
10 91 966
10 92 597
10 93 458
10 94 672
10 95 417
10 96 340
10 97 488
10 98 635
10 99 100
10 100 949
10 101 329
10 102 318
10 103 455
10 104 125
10 105 450
10 106 182
10 107 749
10 108 850
10 109 483
10 110 268
10 111 404
10 112 210
10 113 757
10 114 255
10 115 540
10 116 344
10 117 854
10 118 692
10 119 416
10 120 543
11 12 386
11 13 354
11 14 433
11 15 595
11 16 468
11 17 459
11 18 587
11 19 640
11 20 500
11 21 141
11 22 643
11 23 72
11 24 465
11 25 679
11 26 301
11 27 167
11 28 557
11 29 525
11 30 538
11 31 723
11 32 542
11 33 777
11 34 299
11 35 461
11 36 372
11 37 348
11 38 204
11 39 351
11 40 368
11 41 355
11 42 429
11 43 616
11 44 446
11 45 480
11 46 473
11 47 332
11 48 254
11 49 499
11 50 441
11 51 55
11 52 767
11 53 157
11 54 402
11 55 324
11 56 314
11 57 331
11 58 709
11 59 622
11 60 419
11 61 482
11 62 363
11 63 272
11 64 226
11 65 614
11 66 705
11 67 362
11 68 672
11 69 589
11 70 334
11 71 354
11 72 295
11 73 296
11 74 378
11 75 487
11 76 547
11 77 232
11 78 480
11 79 679
11 80 164
11 81 566
11 82 85
11 83 375
11 84 410
11 85 633
11 86 480
11 87 390
11 88 249
11 89 305
11 90 442
11 91 762
11 92 583
11 93 147
11 94 526
11 95 301
11 96 472
11 97 372
11 98 431
11 99 589
11 100 745
11 101 223
11 102 206
11 103 118
11 104 403
11 105 430
11 106 328
11 107 545
11 108 646
11 109 188
11 110 272
11 111 536
11 112 358
11 113 553
11 114 174
11 115 60
11 116 331
11 117 690
11 118 488
11 119 185
11 120 529
12 13 738
12 14 915
12 15 845
12 16 718
12 17 892
12 18 1020
12 19 1073
12 20 933
12 21 233
12 22 998
12 23 438
12 24 715
12 25 1112
12 26 544
12 27 254
12 28 807
12 29 775
12 30 788
12 31 1059
12 32 792
12 33 1210
12 34 549
12 35 566
12 36 477
12 37 331
12 38 543
12 39 202
12 40 621
12 41 788
12 42 862
12 43 1049
12 44 879
12 45 843
12 46 906
12 47 487
12 48 431
12 49 932
12 50 874
12 51 439
12 52 1200
12 53 235
12 54 531
12 55 441
12 56 747
12 57 254
12 58 1142
12 59 872
12 60 669
12 61 732
12 62 357
12 63 210
12 64 187
12 65 1047
12 66 1030
12 67 313
12 68 1105
12 69 1022
12 70 572
12 71 501
12 72 650
12 73 266
12 74 747
12 75 951
12 76 797
12 77 154
12 78 869
12 79 1112
12 80 282
12 81 948
12 82 321
12 83 298
12 84 506
12 85 1033
12 86 926
12 87 787
12 88 168
12 89 410
12 90 520
12 91 1195
12 92 833
12 93 249
12 94 908
12 95 95
12 96 585
12 97 23
12 98 864
12 99 407
12 100 1178
12 101 351
12 102 369
12 103 437
12 104 447
12 105 680
12 106 379
12 107 978
12 108 1079
12 109 190
12 110 374
12 111 649
12 112 378
12 113 986
12 114 293
12 115 314
12 116 583
12 117 1090
12 118 921
12 119 435
12 120 779
13 14 390
13 15 572
13 16 661
13 17 227
13 18 524
13 19 413
13 20 274
13 21 492
13 22 444
13 23 380
13 24 659
13 25 407
13 26 582
13 27 521
13 28 488
13 29 572
13 30 543
13 31 524
13 32 530
13 33 446
13 34 555
13 35 819
13 36 767
13 37 700
13 38 458
13 39 679
13 40 502
13 41 340
13 42 256
13 43 289
13 44 359
13 45 462
13 46 282
13 47 638
13 48 606
13 49 188
13 50 273
13 51 313
13 52 444
13 53 509
13 54 675
13 55 686
13 56 378
13 57 693
13 58 370
13 59 599
13 60 612
13 61 567
13 62 715
13 63 640
13 64 578
13 65 245
13 66 506
13 67 714
13 68 311
13 69 261
13 70 583
13 71 631
13 72 497
13 73 672
13 74 474
13 75 352
13 76 595
13 77 584
13 78 466
13 79 348
13 80 516
13 81 506
13 82 437
13 83 755
13 84 759
13 85 434
13 86 420
13 87 422
13 88 616
13 89 710
13 90 715
13 91 407
13 92 504
13 93 499
13 94 466
13 95 653
13 96 745
13 97 724
13 98 253
13 99 941
13 100 414
13 101 575
13 102 558
13 103 468
13 104 755
13 105 573
13 106 680
13 107 346
13 108 336
13 109 540
13 110 624
13 111 749
13 112 679
13 113 300
13 114 596
13 115 411
13 116 581
13 117 491
13 118 220
13 119 537
13 120 518
14 15 196
14 16 228
14 17 169
14 18 151
14 19 257
14 20 146
14 21 723
14 22 125
14 23 359
14 24 345
14 25 296
14 26 382
14 27 638
14 28 112
14 29 196
14 30 167
14 31 238
14 32 154
14 33 423
14 34 372
14 35 618
14 36 566
14 37 740
14 38 229
14 39 823
14 40 209
14 41 146
14 42 206
14 43 262
14 44 69
14 45 86
14 46 110
14 47 437
14 48 501
14 49 204
14 50 117
14 51 448
14 52 413
14 53 686
14 54 451
14 55 485
14 56 119
14 57 723
14 58 355
14 59 223
14 60 298
14 61 191
14 62 719
14 63 744
14 64 755
14 65 260
14 66 209
14 67 754
14 68 318
14 69 235
14 70 360
14 71 430
14 72 180
14 73 688
14 74 83
14 75 50
14 76 219
14 77 761
14 78 74
14 79 325
14 80 610
14 81 139
14 82 588
14 83 767
14 84 558
14 85 160
14 86 53
14 87 43
14 88 823
14 89 509
14 90 491
14 91 408
14 92 128
14 93 698
14 94 99
14 95 830
14 96 472
14 97 901
14 98 183
14 99 709
14 100 391
14 101 620
14 102 576
14 103 315
14 104 642
14 105 228
14 106 642
14 107 191
14 108 292
14 109 743
14 110 559
14 111 435
14 112 584
14 113 199
14 114 636
14 115 679
14 116 348
14 117 217
14 118 192
14 119 482
14 120 142
15 16 158
15 17 351
15 18 270
15 19 342
15 20 328
15 21 653
15 22 185
15 23 553
15 24 275
15 25 381
15 26 312
15 27 568
15 28 96
15 29 88
15 30 59
15 31 238
15 32 63
15 33 605
15 34 302
15 35 548
15 36 496
15 37 670
15 38 382
15 39 753
15 40 286
15 41 322
15 42 388
15 43 444
15 44 261
15 45 124
15 46 292
15 47 367
15 48 431
15 49 386
15 50 299
15 51 648
15 52 595
15 53 616
15 54 381
15 55 415
15 56 276
15 57 653
15 58 537
15 59 49
15 60 228
15 61 121
15 62 649
15 63 674
15 64 685
15 65 442
15 66 209
15 67 684
15 68 500
15 69 417
15 70 290
15 71 360
15 72 315
15 73 618
15 74 172
15 75 232
15 76 92
15 77 691
15 78 81
15 79 507
15 80 540
15 81 98
15 82 518
15 83 697
15 84 488
15 85 245
15 86 138
15 87 200
15 88 753
15 89 439
15 90 421
15 91 590
15 92 76
15 93 628
15 94 89
15 95 760
15 96 402
15 97 831
15 98 365
15 99 639
15 100 573
15 101 550
15 102 506
15 103 451
15 104 572
15 105 235
15 106 572
15 107 373
15 108 474
15 109 673
15 110 489
15 111 365
15 112 514
15 113 381
15 114 566
15 115 609
15 116 278
15 117 302
15 118 374
15 119 412
15 120 99
16 17 383
16 18 371
16 19 443
16 20 360
16 21 526
16 22 311
16 23 426
16 24 98
16 25 482
16 26 185
16 27 441
16 28 120
16 29 77
16 30 101
16 31 372
16 32 105
16 33 637
16 34 175
16 35 421
16 36 369
16 37 504
16 38 250
16 39 626
16 40 159
16 41 306
16 42 420
16 43 476
16 44 293
16 45 156
16 46 324
16 47 240
16 48 304
16 49 418
16 50 331
16 51 520
16 52 627
16 53 489
16 54 201
16 55 288
16 56 260
16 57 526
16 58 569
16 59 185
16 60 63
16 61 27
16 62 522
16 63 547
16 64 558
16 65 474
16 66 343
16 67 557
16 68 532
16 69 449
16 70 163
16 71 233
16 72 188
16 73 491
16 74 149
16 75 264
16 76 82
16 77 564
16 78 182
16 79 539
16 80 413
16 81 261
16 82 391
16 83 570
16 84 361
16 85 346
16 86 239
16 87 232
16 88 626
16 89 312
16 90 241
16 91 622
16 92 146
16 93 501
16 94 221
16 95 633
16 96 237
16 97 704
16 98 397
16 99 512
16 100 605
16 101 423
16 102 379
16 103 325
16 104 445
16 105 108
16 106 445
16 107 405
16 108 506
16 109 546
16 110 362
16 111 150
16 112 387
16 113 413
16 114 439
16 115 482
16 116 151
16 117 403
16 118 406
16 119 286
16 120 84
17 18 167
17 19 220
17 20 53
17 21 700
17 22 223
17 23 385
17 24 500
17 25 259
17 26 365
17 27 615
17 28 267
17 29 351
17 30 322
17 31 303
17 32 309
17 33 357
17 34 338
17 35 602
17 36 550
17 37 724
17 38 255
17 39 807
17 40 285
17 41 112
17 42 45
17 43 196
17 44 94
17 45 241
17 46 61
17 47 421
17 48 485
17 49 36
17 50 46
17 51 474
17 52 347
17 53 663
17 54 458
17 55 469
17 56 150
17 57 707
17 58 289
17 59 378
17 60 453
17 61 346
17 62 703
17 63 728
17 64 732
17 65 141
17 66 285
17 67 738
17 68 252
17 69 116
17 70 366
17 71 414
17 72 280
17 73 672
17 74 253
17 75 131
17 76 374
17 77 738
17 78 243
17 79 259
17 80 587
17 81 285
17 82 565
17 83 751
17 84 542
17 85 213
17 86 199
17 87 211
17 88 800
17 89 493
17 90 498
17 91 342
17 92 283
17 93 675
17 94 245
17 95 807
17 96 528
17 97 818
17 98 27
17 99 693
17 100 325
17 101 604
17 102 553
17 103 341
17 104 626
17 105 383
17 106 626
17 107 125
17 108 226
17 109 720
17 110 543
17 111 590
17 112 568
17 113 81
17 114 620
17 115 656
17 116 364
17 117 270
17 118 29
17 119 459
17 120 297
18 19 57
18 20 112
18 21 828
18 22 67
18 23 513
18 24 488
18 25 96
18 26 493
18 27 743
18 28 255
18 29 339
18 30 310
18 31 138
18 32 297
18 33 280
18 34 466
18 35 730
18 36 678
18 37 852
18 38 350
18 39 935
18 40 413
18 41 240
18 42 204
18 43 119
18 44 142
18 45 226
18 46 125
18 47 549
18 48 613
18 49 202
18 50 150
18 51 602
18 52 270
18 53 791
18 54 586
18 55 597
18 56 278
18 57 835
18 58 212
18 59 319
18 60 441
18 61 334
18 62 831
18 63 856
18 64 860
18 65 151
18 66 120
18 67 866
18 68 175
18 69 132
18 70 494
18 71 542
18 72 408
18 73 800
18 74 235
18 75 101
18 76 362
18 77 866
18 78 189
18 79 182
18 80 715
18 81 155
18 82 693
18 83 879
18 84 670
18 85 48
18 86 132
18 87 183
18 88 928
18 89 621
18 90 626
18 91 265
18 92 271
18 93 803
18 94 178
18 95 935
18 96 656
18 97 1006
18 98 181
18 99 821
18 100 248
18 101 732
18 102 681
18 103 469
18 104 754
18 105 371
18 106 754
18 107 82
18 108 94
18 109 848
18 110 671
18 111 578
18 112 696
18 113 137
18 114 748
18 115 784
18 116 492
18 117 105
18 118 190
18 119 587
18 120 285
19 20 165
19 21 881
19 22 139
19 23 566
19 24 560
19 25 39
19 26 546
19 27 796
19 28 327
19 29 411
19 30 382
19 31 126
19 32 369
19 33 217
19 34 519
19 35 783
19 36 731
19 37 905
19 38 436
19 39 988
19 40 466
19 41 293
19 42 257
19 43 136
19 44 224
19 45 298
19 46 178
19 47 602
19 48 666
19 49 255
19 50 203
19 51 655
19 52 200
19 53 844
19 54 639
19 55 650
19 56 331
19 57 888
19 58 197
19 59 391
19 60 513
19 61 406
19 62 884
19 63 909
19 64 913
19 65 168
19 66 108
19 67 919
19 68 192
19 69 149
19 70 547
19 71 595
19 72 461
19 73 853
19 74 339
19 75 174
19 76 434
19 77 919
19 78 261
19 79 150
19 80 768
19 81 227
19 82 746
19 83 932
19 84 723
19 85 59
19 86 204
19 87 294
19 88 981
19 89 674
19 90 679
19 91 282
19 92 343
19 93 856
19 94 250
19 95 988
19 96 709
19 97 1059
19 98 234
19 99 874
19 100 185
19 101 785
19 102 734
19 103 522
19 104 807
19 105 443
19 106 807
19 107 142
19 108 76
19 109 901
19 110 724
19 111 650
19 112 749
19 113 184
19 114 801
19 115 837
19 116 545
19 117 69
19 118 243
19 119 640
19 120 357
20 21 741
20 22 168
20 23 426
20 24 477
20 25 204
20 26 406
20 27 656
20 28 244
20 29 328
20 30 299
20 31 248
20 32 286
20 33 279
20 34 379
20 35 643
20 36 591
20 37 765
20 38 296
20 39 848
20 40 326
20 41 153
20 42 101
20 43 118
20 44 84
20 45 218
20 46 38
20 47 462
20 48 526
20 49 88
20 50 63
20 51 515
20 52 269
20 53 704
20 54 499
20 55 510
20 56 191
20 57 748
20 58 211
20 59 355
20 60 430
20 61 323
20 62 744
20 63 769
20 64 773
20 65 116
20 66 230
20 67 779
20 68 174
20 69 91
20 70 407
20 71 455
20 72 321
20 73 713
20 74 230
20 75 108
20 76 351
20 77 779
20 78 220
20 79 181
20 80 628
20 81 229
20 82 606
20 83 792
20 84 583
20 85 158
20 86 202
20 87 178
20 88 841
20 89 534
20 90 539
20 91 264
20 92 260
20 93 716
20 94 220
20 95 848
20 96 569
20 97 919
20 98 82
20 99 734
20 100 247
20 101 645
20 102 594
20 103 382
20 104 667
20 105 360
20 106 667
20 107 47
20 108 129
20 109 761
20 110 584
20 111 567
20 112 609
20 113 53
20 114 661
20 115 697
20 116 405
20 117 215
20 118 64
20 119 500
20 120 274
21 22 806
21 23 213
21 24 523
21 25 920
21 26 359
21 27 188
21 28 615
21 29 583
21 30 596
21 31 867
21 32 600
21 33 1018
21 34 357
21 35 538
21 36 449
21 37 360
21 38 351
21 39 272
21 40 429
21 41 596
21 42 670
21 43 857
21 44 687
21 45 651
21 46 714
21 47 390
21 48 310
21 49 740
21 50 682
21 51 193
21 52 1008
21 53 131
21 54 460
21 55 413
21 56 555
21 57 302
21 58 950
21 59 680
21 60 477
21 61 540
21 62 375
21 63 233
21 64 98
21 65 855
21 66 838
21 67 344
21 68 913
21 69 830
21 70 392
21 71 412
21 72 458
21 73 289
21 74 555
21 75 759
21 76 605
21 77 177
21 78 677
21 79 920
21 80 216
21 81 756
21 82 141
21 83 346
21 84 478
21 85 841
21 86 734
21 87 595
21 88 108
21 89 382
21 90 500
21 91 1003
21 92 641
21 93 57
21 94 716
21 95 190
21 96 530
21 97 203
21 98 672
21 99 421
21 100 986
21 101 275
21 102 262
21 103 245
21 104 420
21 105 488
21 106 344
21 107 786
21 108 887
21 109 43
21 110 346
21 111 594
21 112 350
21 113 794
21 114 265
21 115 81
21 116 389
21 117 898
21 118 729
21 119 243
21 120 587
22 23 569
22 24 428
22 25 178
22 26 465
22 27 721
22 28 195
22 29 279
22 30 250
22 31 101
22 32 237
22 33 336
22 34 455
22 35 701
22 36 649
22 37 823
22 38 439
22 39 906
22 40 439
22 41 296
22 42 260
22 43 175
22 44 146
22 45 166
22 46 181
22 47 520
22 48 584
22 49 258
22 50 206
22 51 658
22 52 326
22 53 769
22 54 534
22 55 568
22 56 334
22 57 806
22 58 268
22 59 234
22 60 381
22 61 274
22 62 802
22 63 827
22 64 838
22 65 207
22 66 72
22 67 837
22 68 231
22 69 188
22 70 443
22 71 513
22 72 464
22 73 771
22 74 228
22 75 105
22 76 302
22 77 844
22 78 129
22 79 238
22 80 693
22 81 88
22 82 671
22 83 850
22 84 641
22 85 42
22 86 72
22 87 162
22 88 906
22 89 592
22 90 574
22 91 321
22 92 211
22 93 781
22 94 96
22 95 913
22 96 555
22 97 984
22 98 237
22 99 792
22 100 304
22 101 703
22 102 659
22 103 525
22 104 725
22 105 311
22 106 725
22 107 145
22 108 154
22 109 826
22 110 642
22 111 518
22 112 667
22 113 209
22 114 719
22 115 762
22 116 431
22 117 99
22 118 246
22 119 555
22 120 225
23 24 423
23 25 605
23 26 259
23 27 206
23 28 515
23 29 483
23 30 496
23 31 649
23 32 500
23 33 703
23 34 257
23 35 466
23 36 377
23 37 346
23 38 130
23 39 365
23 40 226
23 41 281
23 42 355
23 43 542
23 44 372
23 45 406
23 46 399
23 47 290
23 48 232
23 49 425
23 50 367
23 51 89
23 52 693
23 53 209
23 54 360
23 55 370
23 56 240
23 57 368
23 58 635
23 59 580
23 60 377
23 61 440
23 62 400
23 63 286
23 64 278
23 65 540
23 66 631
23 67 360
23 68 598
23 69 515
23 70 292
23 71 312
23 72 221
23 73 333
23 74 304
23 75 413
23 76 505
23 77 284
23 78 406
23 79 605
23 80 201
23 81 492
23 82 111
23 83 412
23 84 406
23 85 559
23 86 406
23 87 316
23 88 321
23 89 310
23 90 400
23 91 688
23 92 541
23 93 221
23 94 452
23 95 353
23 96 430
23 97 424
23 98 357
23 99 460
23 100 671
23 101 259
23 102 213
23 103 72
23 104 408
23 105 388
23 106 365
23 107 471
23 108 572
23 109 266
23 110 279
23 111 494
23 112 332
23 113 479
23 114 281
23 115 132
23 116 289
23 117 616
23 118 414
23 119 111
23 120 487
24 25 599
24 26 170
24 27 438
24 28 237
24 29 205
24 30 218
24 31 489
24 32 222
24 33 754
24 34 172
24 35 376
24 36 324
24 37 504
24 38 248
24 39 587
24 40 157
24 41 338
24 42 537
24 43 593
24 44 410
24 45 273
24 46 441
24 47 238
24 48 302
24 49 535
24 50 448
24 51 517
24 52 744
24 53 486
24 54 151
24 55 241
24 56 297
24 57 487
24 58 686
24 59 302
24 60 47
24 61 162
24 62 483
24 63 508
24 64 555
24 65 591
24 66 460
24 67 518
24 68 649
24 69 566
24 70 133
24 71 213
24 72 186
24 73 452
24 74 263
24 75 381
24 76 227
24 77 561
24 78 299
24 79 656
24 80 410
24 81 378
24 82 388
24 83 531
24 84 316
24 85 463
24 86 356
24 87 342
24 88 623
24 89 273
24 90 191
24 91 739
24 92 263
24 93 498
24 94 338
24 95 631
24 96 167
24 97 701
24 98 514
24 99 467
24 100 722
24 101 384
24 102 376
24 103 322
24 104 400
24 105 167
24 106 406
24 107 522
24 108 623
24 109 543
24 110 323
24 111 90
24 112 348
24 113 530
24 114 400
24 115 479
24 116 137
24 117 520
24 118 523
24 119 283
24 120 209
25 26 585
25 27 835
25 28 366
25 29 450
25 30 412
25 31 165
25 32 408
25 33 194
25 34 558
25 35 822
25 36 770
25 37 944
25 38 475
25 39 1027
25 40 505
25 41 332
25 42 296
25 43 129
25 44 263
25 45 337
25 46 217
25 47 641
25 48 705
25 49 294
25 50 242
25 51 694
25 52 177
25 53 883
25 54 678
25 55 689
25 56 370
25 57 927
25 58 157
25 59 430
25 60 552
25 61 445
25 62 923
25 63 948
25 64 952
25 65 162
25 66 147
25 67 958
25 68 186
25 69 159
25 70 586
25 71 634
25 72 500
25 73 892
25 74 378
25 75 213
25 76 473
25 77 958
25 78 300
25 79 127
25 80 807
25 81 266
25 82 785
25 83 971
25 84 762
25 85 98
25 86 243
25 87 333
25 88 1020
25 89 713
25 90 718
25 91 276
25 92 382
25 93 895
25 94 289
25 95 1027
25 96 748
25 97 1098
25 98 273
25 99 913
25 100 162
25 101 824
25 102 773
25 103 561
25 104 846
25 105 482
25 106 846
25 107 145
25 108 75
25 109 940
25 110 763
25 111 689
25 112 788
25 113 194
25 114 840
25 115 876
25 116 584
25 117 108
25 118 282
25 119 679
25 120 396
26 27 274
26 28 274
26 29 242
26 30 255
26 31 526
26 32 259
26 33 683
26 34 27
26 35 244
26 36 192
26 37 366
26 38 136
26 39 449
26 40 94
26 41 261
26 42 335
26 43 522
26 44 352
26 45 310
26 46 379
26 47 64
26 48 128
26 49 405
26 50 347
26 51 354
26 52 673
26 53 322
26 54 101
26 55 111
26 56 220
26 57 349
26 58 615
26 59 339
26 60 136
26 61 199
26 62 345
26 63 370
26 64 391
26 65 520
26 66 497
26 67 380
26 68 578
26 69 495
26 70 37
26 71 53
26 72 123
26 73 314
26 74 220
26 75 418
26 76 264
26 77 390
26 78 336
26 79 585
26 80 246
26 81 415
26 82 224
26 83 393
26 84 184
26 85 500
26 86 393
26 87 260
26 88 459
26 89 135
26 90 141
26 91 668
26 92 300
26 93 334
26 94 375
26 95 459
26 96 171
26 97 530
26 98 337
26 99 335
26 100 651
26 101 202
26 102 176
26 103 158
26 104 268
26 105 153
26 106 268
26 107 451
26 108 552
26 109 379
26 110 185
26 111 235
26 112 210
26 113 459
26 114 262
26 115 315
26 116 48
26 117 557
26 118 394
26 119 119
26 120 246
27 28 530
27 29 498
27 30 511
27 31 782
27 32 515
27 33 933
27 34 272
27 35 353
27 36 264
27 37 179
27 38 271
27 39 159
27 40 344
27 41 511
27 42 585
27 43 772
27 44 602
27 45 566
27 46 629
27 47 227
27 48 163
27 49 655
27 50 597
27 51 220
27 52 923
27 53 57
27 54 318
27 55 228
27 56 470
27 57 149
27 58 865
27 59 595
27 60 392
27 61 455
27 62 194
27 63 80
27 64 132
27 65 770
27 66 753
27 67 193
27 68 828
27 69 745
27 70 307
27 71 248
27 72 373
27 73 127
27 74 470
27 75 674
27 76 520
27 77 100
27 78 592
27 79 835
27 80 28
27 81 671
27 82 95
27 83 193
27 84 293
27 85 756
27 86 649
27 87 510
27 88 241
27 89 197
27 90 307
27 91 918
27 92 556
27 93 131
27 94 631
27 95 169
27 96 372
27 97 240
27 98 587
27 99 236
27 100 901
27 101 87
27 102 115
27 103 200
27 104 235
27 105 403
27 106 159
27 107 701
27 108 802
27 109 161
27 110 161
27 111 436
27 112 165
27 113 709
27 114 75
27 115 189
27 116 304
27 117 813
27 118 644
27 119 163
27 120 502
28 29 63
28 30 56
28 31 256
28 32 34
28 33 521
28 34 264
28 35 509
28 36 458
28 37 632
28 38 286
28 39 715
28 40 190
28 41 220
28 42 304
28 43 360
28 44 177
28 45 40
28 46 208
28 47 329
28 48 393
28 49 302
28 50 215
28 51 610
28 52 511
28 53 578
28 54 343
28 55 377
28 56 174
28 57 615
28 58 453
28 59 123
28 60 190
28 61 83
28 62 611
28 63 636
28 64 647
28 65 358
28 66 227
28 67 646
28 68 416
28 69 333
28 70 252
28 71 397
28 72 193
28 73 580
28 74 79
28 75 148
28 76 119
28 77 653
28 78 105
28 79 423
28 80 502
28 81 144
28 82 480
28 83 659
28 84 450
28 85 230
28 86 123
28 87 98
28 88 715
28 89 401
28 90 383
28 91 506
28 92 32
28 93 590
28 94 105
28 95 722
28 96 364
28 97 793
28 98 281
28 99 601
28 100 489
28 101 512
28 102 468
28 103 413
28 104 534
28 105 119
28 106 534
28 107 289
28 108 390
28 109 635
28 110 451
28 111 402
28 112 476
28 113 297
28 114 528
28 115 571
28 116 240
28 117 287
28 118 290
28 119 375
28 120 35
29 30 25
29 31 340
29 32 29
29 33 605
29 34 232
29 35 478
29 36 426
29 37 600
29 38 312
29 39 683
29 40 216
29 41 322
29 42 388
29 43 444
29 44 261
29 45 124
29 46 292
29 47 297
29 48 361
29 49 386
29 50 299
29 51 577
29 52 595
29 53 546
29 54 311
29 55 345
29 56 276
29 57 583
29 58 537
29 59 115
29 60 158
29 61 47
29 62 579
29 63 604
29 64 615
29 65 442
29 66 311
29 67 614
29 68 500
29 69 417
29 70 220
29 71 290
29 72 245
29 73 548
29 74 139
29 75 232
29 76 31
29 77 621
29 78 150
29 79 507
29 80 470
29 81 176
29 82 448
29 83 627
29 84 418
29 85 314
29 86 207
29 87 200
29 88 683
29 89 369
29 90 351
29 91 590
29 92 76
29 93 558
29 94 189
29 95 690
29 96 332
29 97 761
29 98 365
29 99 569
29 100 573
29 101 480
29 102 436
29 103 382
29 104 502
29 105 165
29 106 502
29 107 373
29 108 474
29 109 603
29 110 419
29 111 295
29 112 444
29 113 381
29 114 496
29 115 539
29 116 208
29 117 371
29 118 374
29 119 343
29 120 29
30 31 311
30 32 22
30 33 576
30 34 245
30 35 491
30 36 439
30 37 613
30 38 325
30 39 696
30 40 229
30 41 293
30 42 359
30 43 415
30 44 232
30 45 95
30 46 263
30 47 310
30 48 374
30 49 357
30 50 270
30 51 591
30 52 566
30 53 559
30 54 324
30 55 358
30 56 247
30 57 596
30 58 508
30 59 86
30 60 171
30 61 64
30 62 592
30 63 617
30 64 628
30 65 413
30 66 282
30 67 627
30 68 471
30 69 388
30 70 233
30 71 378
30 72 258
30 73 561
30 74 134
30 75 203
30 76 43
30 77 634
30 78 121
30 79 478
30 80 483
30 81 164
30 82 461
30 83 640
30 84 431
30 85 285
30 86 178
30 87 171
30 88 696
30 89 382
30 90 364
30 91 561
30 92 47
30 93 571
30 94 160
30 95 703
30 96 345
30 97 774
30 98 336
30 99 582
30 100 544
30 101 493
30 102 449
30 103 394
30 104 515
30 105 178
30 106 515
30 107 344
30 108 445
30 109 616
30 110 432
30 111 383
30 112 457
30 113 352
30 114 509
30 115 552
30 116 221
30 117 342
30 118 345
30 119 356
30 120 42
31 32 298
31 33 416
31 34 516
31 35 762
31 36 710
31 37 884
31 38 519
31 39 967
31 40 500
31 41 376
31 42 340
31 43 255
31 44 247
31 45 227
31 46 261
31 47 581
31 48 645
31 49 338
31 50 286
31 51 738
31 52 406
31 53 830
31 54 595
31 55 629
31 56 414
31 57 867
31 58 348
31 59 287
31 60 442
31 61 335
31 62 863
31 63 888
31 64 899
31 65 287
31 66 29
31 67 898
31 68 311
31 69 268
31 70 504
31 71 574
31 72 544
31 73 832
31 74 289
31 75 206
31 76 363
31 77 905
31 78 190
31 79 318
31 80 754
31 81 140
31 82 732
31 83 911
31 84 702
31 85 90
31 86 185
31 87 275
31 88 967
31 89 653
31 90 635
31 91 401
31 92 272
31 93 842
31 94 151
31 95 974
31 96 616
31 97 1045
31 98 317
31 99 853
31 100 384
31 101 764
31 102 720
31 103 605
31 104 786
31 105 372
31 106 786
31 107 225
31 108 202
31 109 887
31 110 703
31 111 579
31 112 728
31 113 285
31 114 780
31 115 823
31 116 492
31 117 77
31 118 326
31 119 626
31 120 286
32 33 563
32 34 249
32 35 494
32 36 443
32 37 617
32 38 321
32 39 700
32 40 225
32 41 253
32 42 346
32 43 402
32 44 219
32 45 82
32 46 250
32 47 314
32 48 378
32 49 344
32 50 257
32 51 595
32 52 553
32 53 563
32 54 328
32 55 362
32 56 207
32 57 600
32 58 495
32 59 90
32 60 175
32 61 68
32 62 596
32 63 621
32 64 632
32 65 400
32 66 269
32 67 631
32 68 458
32 69 375
32 70 237
32 71 382
32 72 228
32 73 565
32 74 112
32 75 190
32 76 58
32 77 638
32 78 108
32 79 465
32 80 487
32 81 136
32 82 465
32 83 644
32 84 435
32 85 272
32 86 165
32 87 131
32 88 700
32 89 386
32 90 368
32 91 548
32 92 30
32 93 575
32 94 147
32 95 707
32 96 349
32 97 778
32 98 323
32 99 586
32 100 531
32 101 497
32 102 453
32 103 398
32 104 519
32 105 154
32 106 519
32 107 331
32 108 432
32 109 620
32 110 436
32 111 387
32 112 461
32 113 339
32 114 513
32 115 556
32 116 225
32 117 329
32 118 332
32 119 360
32 120 36
33 34 656
33 35 920
33 36 868
33 37 1042
33 38 573
33 39 1125
33 40 603
33 41 430
33 42 394
33 43 161
33 44 361
33 45 495
33 46 315
33 47 739
33 48 803
33 49 392
33 50 340
33 51 792
33 52 42
33 53 981
33 54 776
33 55 787
33 56 468
33 57 1025
33 58 84
33 59 632
33 60 707
33 61 600
33 62 1021
33 63 1046
33 64 1050
33 65 201
33 66 398
33 67 1056
33 68 154
33 69 226
33 70 684
33 71 732
33 72 598
33 73 990
33 74 507
33 75 385
33 76 628
33 77 1056
33 78 497
33 79 98
33 80 905
33 81 424
33 82 883
33 83 1069
33 84 860
33 85 326
33 86 401
33 87 455
33 88 1118
33 89 811
33 90 816
33 91 174
33 92 537
33 93 993
33 94 447
33 95 1125
33 96 846
33 97 1196
33 98 371
33 99 1011
33 100 32
33 101 922
33 102 871
33 103 659
33 104 944
33 105 637
33 106 944
33 107 238
33 108 175
33 109 1038
33 110 861
33 111 844
33 112 886
33 113 261
33 114 938
33 115 974
33 116 682
33 117 383
33 118 380
33 119 777
33 120 551
34 35 276
34 36 224
34 37 398
34 38 102
34 39 481
34 40 67
34 41 234
34 42 308
34 43 495
34 44 325
34 45 300
34 46 352
34 47 95
34 48 159
34 49 378
34 50 320
34 51 352
34 52 646
34 53 320
34 54 132
34 55 143
34 56 193
34 57 381
34 58 588
34 59 329
34 60 126
34 61 189
34 62 377
34 63 402
34 64 389
34 65 493
34 66 487
34 67 412
34 68 551
34 69 468
34 70 34
34 71 88
34 72 96
34 73 346
34 74 193
34 75 408
34 76 254
34 77 395
34 78 326
34 79 558
34 80 244
34 81 405
34 82 222
34 83 425
34 84 216
34 85 490
34 86 383
34 87 233
34 88 457
34 89 167
34 90 172
34 91 641
34 92 290
34 93 332
34 94 365
34 95 464
34 96 202
34 97 535
34 98 310
34 99 367
34 100 624
34 101 278
34 102 210
34 103 155
34 104 300
34 105 126
34 106 300
34 107 424
34 108 525
34 109 877
34 110 217
34 111 189
34 112 242
34 113 432
34 114 294
34 115 313
34 116 32
34 117 547
34 118 367
34 119 116
34 120 236
35 36 95
35 37 162
35 38 377
35 39 345
35 40 331
35 41 498
35 42 572
35 43 759
35 44 589
35 45 546
35 46 616
35 47 187
35 48 209
35 49 642
35 50 584
35 51 514
35 52 910
35 53 425
35 54 225
35 55 135
35 56 457
35 57 239
35 58 852
35 59 575
35 60 372
35 61 435
35 62 139
35 63 293
35 64 465
35 65 757
35 66 733
35 67 185
35 68 815
35 69 732
35 70 272
35 71 201
35 72 360
35 73 237
35 74 457
35 75 654
35 76 500
35 77 412
35 78 572
35 79 822
35 80 353
35 81 651
35 82 378
35 83 262
35 84 64
35 85 736
35 86 629
35 87 497
35 88 583
35 89 157
35 90 214
35 91 905
35 92 536
35 93 481
35 94 611
35 95 481
35 96 279
35 97 552
35 98 574
35 99 91
35 100 888
35 101 268
35 102 257
35 103 394
35 104 80
35 105 389
35 106 137
35 107 688
35 108 789
35 109 520
35 110 207
35 111 343
35 112 156
35 113 696
35 114 284
35 115 479
35 116 283
35 117 793
35 118 631
35 119 355
35 120 482
36 37 177
36 38 325
36 39 337
36 40 279
36 41 446
36 42 520
36 43 707
36 44 537
36 45 494
36 46 564
36 47 135
36 48 120
36 49 590
36 50 532
36 51 425
36 52 858
36 53 336
36 54 173
36 55 83
36 56 405
36 57 231
36 58 800
36 59 523
36 60 320
36 61 383
36 62 154
36 63 261
36 64 376
36 65 705
36 66 681
36 67 200
36 68 763
36 69 680
36 70 220
36 71 149
36 72 308
36 73 205
36 74 405
36 75 602
36 76 448
36 77 323
36 78 520
36 79 770
36 80 264
36 81 599
36 82 289
36 83 254
36 84 57
36 85 684
36 86 577
36 87 445
36 88 494
36 89 67
36 90 162
36 91 853
36 92 484
36 93 392
36 94 559
36 95 392
36 96 227
36 97 463
36 98 522
36 99 117
36 100 836
36 101 141
36 102 168
36 103 305
36 104 68
36 105 337
36 106 106
36 107 636
36 108 737
36 109 431
36 110 141
36 111 291
36 112 61
36 113 644
36 114 195
36 115 390
36 116 231
36 117 741
36 118 579
36 119 266
36 120 430
37 38 425
37 39 183
37 40 453
37 41 620
37 42 694
37 43 881
37 44 711
37 45 668
37 46 738
37 47 309
37 48 219
37 49 764
37 50 706
37 51 401
37 52 1032
37 53 236
37 54 353
37 55 263
37 56 579
37 57 77
37 58 974
37 59 697
37 60 494
37 61 557
37 62 22
37 63 138
37 64 260
37 65 879
37 66 855
37 67 23
37 68 937
37 69 854
37 70 394
37 71 323
37 72 482
37 73 82
37 74 579
37 75 776
37 76 622
37 77 194
37 78 694
37 79 944
37 80 184
37 81 773
37 82 272
37 83 100
37 84 193
37 85 858
37 86 751
37 87 619
37 88 378
37 89 215
37 90 342
37 91 1027
37 92 658
37 93 303
37 94 733
37 95 246
37 96 407
37 97 317
37 98 696
37 99 72
37 100 1010
37 101 173
37 102 219
37 103 344
37 104 112
37 105 511
37 106 75
37 107 810
37 108 911
37 109 315
37 110 162
37 111 471
37 112 135
37 113 818
37 114 104
37 115 366
37 116 405
37 117 915
37 118 753
37 119 305
37 120 604
38 39 430
38 40 96
38 41 151
38 42 225
38 43 412
38 44 242
38 45 276
38 46 269
38 47 196
38 48 229
38 49 295
38 50 237
38 51 219
38 52 563
38 53 314
38 54 233
38 55 244
38 56 110
38 57 408
38 58 505
38 59 409
38 60 201
38 61 269
38 62 447
38 63 351
38 64 383
38 65 410
38 66 501
38 67 439
38 68 468
38 69 385
38 70 146
38 71 189
38 72 91
38 73 373
38 74 174
38 75 283
38 76 334
38 77 389
38 78 276
38 79 475
38 80 243
38 81 362
38 82 216
38 83 452
38 84 317
38 85 429
38 86 276
38 87 186
38 88 451
38 89 268
38 90 273
38 91 558
38 92 318
38 93 326
38 94 322
38 95 458
38 96 303
38 97 529
38 98 227
38 99 468
38 100 541
38 101 252
38 102 206
38 103 86
38 104 401
38 105 162
38 106 370
38 107 341
38 108 442
38 109 371
38 110 272
38 111 295
38 112 311
38 113 349
38 114 321
38 115 307
38 116 144
38 117 486
38 118 284
38 119 108
38 120 316
39 40 536
39 41 703
39 42 777
39 43 964
39 44 794
39 45 751
39 46 821
39 47 392
39 48 336
39 49 847
39 50 789
39 51 404
39 52 1115
39 53 176
39 54 436
39 55 346
39 56 662
39 57 106
39 58 1057
39 59 780
39 60 577
39 61 640
39 62 209
39 63 79
39 64 161
39 65 962
39 66 938
39 67 165
39 68 1020
39 69 937
39 70 477
39 71 406
39 72 565
39 73 141
39 74 662
39 75 859
39 76 705
39 77 95
39 78 777
39 79 1027
39 80 187
39 81 856
39 82 254
39 83 103
39 84 411
39 85 941
39 86 834
39 87 702
39 88 279
39 89 315
39 90 425
39 91 1110
39 92 741
39 93 215
39 94 816
39 95 117
39 96 490
39 97 188
39 98 779
39 99 259
39 100 1093
39 101 256
39 102 274
39 103 359
39 104 299
39 105 594
39 106 231
39 107 893
39 108 994
39 109 216
39 110 279
39 111 554
39 112 276
39 113 901
39 114 193
39 115 308
39 116 488
39 117 998
39 118 836
39 119 322
39 120 687
40 41 181
40 42 255
40 43 442
40 44 272
40 45 207
40 46 299
40 47 150
40 48 214
40 49 325
40 50 267
40 51 421
40 52 593
40 53 392
40 54 187
40 55 198
40 56 140
40 57 436
40 58 535
40 59 313
40 60 110
40 61 173
40 62 432
40 63 457
40 64 461
40 65 440
40 66 471
40 67 467
40 68 498
40 69 415
40 70 95
40 71 143
40 72 29
40 73 401
40 74 126
40 75 248
40 76 238
40 77 467
40 78 310
40 79 505
40 80 316
40 81 389
40 82 294
40 83 480
40 84 271
40 85 474
40 86 367
40 87 166
40 88 529
40 89 222
40 90 227
40 91 588
40 92 222
40 93 404
40 94 349
40 95 536
40 96 257
40 97 607
40 98 257
40 99 422
40 100 571
40 101 333
40 102 282
40 103 228
40 104 355
40 105 71
40 106 355
40 107 371
40 108 472
40 109 449
40 110 272
40 111 247
40 112 297
40 113 379
40 114 349
40 115 385
40 116 93
40 117 531
40 118 314
40 119 189
40 120 220
41 42 82
41 43 269
41 44 99
41 45 212
41 46 126
41 47 317
41 48 381
41 49 152
41 50 94
41 51 370
41 52 420
41 53 559
41 54 354
41 55 365
41 56 46
41 57 603
41 58 362
41 59 349
41 60 291
41 61 295
41 62 599
41 63 624
41 64 628
41 65 267
41 66 354
41 67 634
41 68 325
41 69 242
41 70 262
41 71 310
41 72 142
41 73 568
41 74 154
41 75 140
41 76 327
41 77 634
41 78 204
41 79 332
41 80 483
41 81 290
41 82 461
41 83 647
41 84 438
41 85 286
41 86 204
41 87 114
41 88 696
41 89 389
41 90 394
41 91 415
41 92 256
41 93 571
41 94 250
41 95 703
41 96 424
41 97 774
41 98 84
41 99 589
41 100 398
41 101 500
41 102 449
41 103 237
41 104 522
41 105 207
41 106 522
41 107 198
41 108 299
41 109 616
41 110 439
41 111 428
41 112 464
41 113 206
41 114 516
41 115 552
41 116 260
41 117 343
41 118 141
41 119 356
41 120 268
42 43 233
42 44 106
42 45 278
42 46 82
42 47 391
42 48 455
42 49 68
42 50 58
42 51 444
42 52 384
42 53 633
42 54 428
42 55 439
42 56 120
42 57 677
42 58 326
42 59 415
42 60 490
42 61 383
42 62 673
42 63 698
42 64 702
42 65 231
42 66 322
42 67 708
42 68 289
42 69 206
42 70 336
42 71 384
42 72 250
42 73 642
42 74 290
42 75 168
42 76 411
42 77 708
42 78 280
42 79 296
42 80 557
42 81 322
42 82 535
42 83 721
42 84 512
42 85 250
42 86 236
42 87 248
42 88 770
42 89 463
42 90 468
42 91 379
42 92 320
42 93 645
42 94 282
42 95 777
42 96 498
42 97 848
42 98 19
42 99 663
42 100 362
42 101 574
42 102 523
42 103 311
42 104 596
42 105 420
42 106 596
42 107 162
42 108 263
42 109 690
42 110 513
42 111 627
42 112 538
42 113 126
42 114 590
42 115 626
42 116 334
42 117 307
42 118 78
42 119 429
42 120 334
43 44 200
43 45 334
43 46 154
43 47 578
43 48 642
43 49 231
43 50 179
43 51 631
43 52 151
43 53 820
43 54 615
43 55 626
43 56 307
43 57 864
43 58 93
43 59 471
43 60 546
43 61 439
43 62 860
43 63 885
43 64 889
43 65 44
43 66 237
43 67 895
43 68 65
43 69 55
43 70 523
43 71 571
43 72 437
43 73 829
43 74 346
43 75 224
43 76 467
43 77 895
43 78 336
43 79 63
43 80 744
43 81 263
43 82 722
43 83 908
43 84 699
43 85 165
43 86 240
43 87 294
43 88 957
43 89 650
43 90 655
43 91 155
43 92 376
43 93 832
43 94 286
43 95 964
43 96 685
43 97 1035
43 98 210
43 99 850
43 100 129
43 101 761
43 102 710
43 103 498
43 104 783
43 105 476
43 106 783
43 107 77
43 108 58
43 109 877
43 110 700
43 111 683
43 112 725
43 113 90
43 114 777
43 115 813
43 116 521
43 117 222
43 118 219
43 119 616
43 120 390
44 45 151
44 46 46
44 47 408
44 48 472
44 49 130
44 50 48
44 51 461
44 52 351
44 53 650
44 54 445
44 55 456
44 56 126
44 57 694
44 58 293
44 59 288
44 60 363
44 61 256
44 62 690
44 63 715
44 64 719
44 65 198
44 66 218
44 67 725
44 68 256
44 69 173
44 70 353
44 71 401
44 72 267
44 73 659
44 74 136
44 75 41
44 76 284
44 77 725
44 78 143
44 79 263
44 80 574
44 81 195
44 82 552
44 83 738
44 84 529
44 85 169
44 86 109
44 87 67
44 88 787
44 89 480
44 90 485
44 91 346
44 92 193
44 93 662
44 94 155
44 95 794
44 96 515
44 97 865
44 98 83
44 99 680
44 100 329
44 101 591
44 102 540
44 103 328
44 104 613
44 105 232
44 106 613
44 107 129
44 108 230
44 109 707
44 110 530
44 111 500
44 112 555
44 113 137
44 114 607
44 115 643
44 116 351
44 117 226
44 118 123
44 119 446
44 120 207
45 46 182
45 47 365
45 48 429
45 49 276
45 50 189
45 51 495
45 52 485
45 53 614
45 54 379
45 55 413
45 56 166
45 57 651
45 58 427
45 59 151
45 60 226
45 61 119
45 62 647
45 63 672
45 64 683
45 65 332
45 66 198
45 67 682
45 68 390
45 69 307
45 70 288
45 71 358
45 72 159
45 73 616
45 74 621
45 75 122
45 76 147
45 77 689
45 78 37
45 79 397
45 80 538
45 81 116
45 82 516
45 83 695
45 84 486
45 85 201
45 86 86
45 87 90
45 88 751
45 89 437
45 90 419
45 91 480
45 92 56
45 93 626
45 94 76
45 95 758
45 96 400
45 97 829
45 98 255
45 99 637
45 100 463
45 101 548
45 102 504
45 103 362
45 104 570
45 105 136
45 106 570
45 107 263
45 108 364
45 109 671
45 110 487
45 111 363
45 112 512
45 113 271
45 114 564
45 115 607
45 116 276
45 117 258
45 118 264
45 119 411
45 120 70
46 47 435
46 48 499
46 49 96
46 50 31
46 51 488
46 52 305
46 53 677
46 54 472
46 55 483
46 56 164
46 57 721
46 58 247
46 59 319
46 60 396
46 61 287
46 62 717
46 63 742
46 64 746
46 65 152
46 66 243
46 67 752
46 68 210
46 69 127
46 70 380
46 71 428
46 72 294
46 73 686
46 74 194
46 75 72
46 76 315
46 77 752
46 78 184
46 79 217
46 80 601
46 81 226
46 82 579
46 83 765
46 84 556
46 85 171
46 86 140
46 87 142
46 88 814
46 89 507
46 90 512
46 91 300
46 92 224
46 93 689
46 94 186
46 95 821
46 96 542
46 97 892
46 98 67
46 99 707
46 100 283
46 101 618
46 102 567
46 103 355
46 104 640
46 105 324
46 106 640
46 107 83
46 108 184
46 109 734
46 110 557
46 111 531
46 112 582
46 113 91
46 114 634
46 115 670
46 116 378
46 117 228
46 118 84
46 119 473
46 120 238
47 48 64
47 49 461
47 50 403
47 51 385
47 52 729
47 53 353
47 54 83
47 55 54
47 56 276
47 57 292
47 58 671
47 59 394
47 60 191
47 61 254
47 62 288
47 63 313
47 64 422
47 65 576
47 66 552
47 67 323
47 68 634
47 69 551
47 70 92
47 71 21
47 72 179
47 73 257
47 74 276
47 75 473
47 76 319
47 77 333
47 78 391
47 79 641
47 80 199
47 81 470
47 82 255
47 83 336
47 84 127
47 85 555
47 86 448
47 87 316
47 88 490
47 89 78
47 90 114
47 91 724
47 92 355
47 93 365
47 94 430
47 95 402
47 96 157
47 97 473
47 98 393
47 99 278
47 100 707
47 101 138
47 102 112
47 103 188
47 104 211
47 105 209
47 106 211
47 107 507
47 108 608
47 109 410
47 110 128
47 111 221
47 112 153
47 113 515
47 114 205
47 115 346
47 116 103
47 117 612
47 118 450
47 119 149
47 120 301
48 49 525
48 50 467
48 51 307
48 52 793
48 53 220
48 54 147
48 55 72
48 56 340
48 57 236
48 58 735
48 59 458
48 60 255
48 61 378
48 62 232
48 63 257
48 64 330
48 65 640
48 66 616
48 67 233
48 68 698
48 69 615
48 70 156
48 71 85
48 72 243
48 73 201
48 74 340
48 75 537
48 76 383
48 77 277
48 78 455
48 79 705
48 80 135
48 81 534
48 82 169
48 83 280
48 84 149
48 85 619
48 86 512
48 87 380
48 88 448
48 89 53
48 90 151
48 91 788
48 92 419
48 93 261
48 94 494
48 95 346
48 96 221
48 97 417
48 98 457
48 99 221
48 100 771
48 101 74
48 102 48
48 103 160
48 104 169
48 105 273
48 106 155
48 107 571
48 108 672
48 109 306
48 110 50
48 111 285
48 112 93
48 113 579
48 114 149
48 115 266
48 116 167
48 117 676
48 118 514
48 119 121
48 120 365
49 50 82
49 51 514
49 52 382
49 53 603
49 54 498
49 55 509
49 56 190
49 57 747
49 58 324
49 59 413
49 60 488
49 61 381
49 62 743
49 63 768
49 64 772
49 65 174
49 66 320
49 67 778
49 68 287
49 69 149
49 70 406
49 71 454
49 72 320
49 73 712
49 74 288
49 75 166
49 76 409
49 77 778
49 78 278
49 79 294
49 80 627
49 81 320
49 82 605
49 83 791
49 84 582
49 85 248
49 86 234
49 87 246
49 88 840
49 89 533
49 90 538
49 91 377
49 92 318
49 93 715
49 94 280
49 95 847
49 96 568
49 97 918
49 98 65
49 99 733
49 100 360
49 101 644
49 102 593
49 103 381
49 104 666
49 105 418
49 106 666
49 107 160
49 108 261
49 109 760
49 110 583
49 111 625
49 112 608
49 113 111
49 114 660
49 115 696
49 116 404
49 117 305
49 118 34
49 119 499
49 120 332
50 51 456
50 52 330
50 53 645
50 54 440
50 55 451
50 56 132
50 57 689
50 58 272
50 59 326
50 60 401
50 61 294
50 62 685
50 63 710
50 64 714
50 65 177
50 66 268
50 67 720
50 68 235
50 69 152
50 70 348
50 71 396
50 72 262
50 73 654
50 74 201
50 75 89
50 76 322
50 77 720
50 78 191
50 79 242
50 80 569
50 81 243
50 82 547
50 83 733
50 84 524
50 85 196
50 86 157
50 87 159
50 88 782
50 89 475
50 90 480
50 91 325
50 92 231
50 93 657
50 94 203
50 95 789
50 96 510
50 97 860
50 98 35
50 99 675
50 100 308
50 101 586
50 102 535
50 103 323
50 104 608
50 105 331
50 106 608
50 107 108
50 108 209
50 109 702
50 110 525
50 111 538
50 112 550
50 113 116
50 114 602
50 115 638
50 116 346
50 117 253
50 118 75
50 119 441
50 120 245
51 52 782
51 53 210
51 54 455
51 55 377
51 56 329
51 57 384
51 58 724
51 59 675
51 60 471
51 61 534
51 62 416
51 63 325
51 64 279
51 65 629
51 66 720
51 67 415
51 68 687
51 69 604
51 70 387
51 71 407
51 72 310
51 73 349
51 74 393
51 75 502
51 76 600
51 77 285
51 78 495
51 79 694
51 80 217
51 81 581
51 82 138
51 83 428
51 84 454
51 85 648
51 86 495
51 87 405
51 88 310
51 89 358
51 90 495
51 91 777
51 92 636
51 93 200
51 94 541
51 95 354
51 96 525
51 97 425
51 98 446
51 99 642
51 100 760
51 101 276
51 102 259
51 103 169
51 104 456
51 105 482
51 106 381
51 107 560
51 108 661
51 109 241
51 110 325
51 111 589
51 112 380
51 113 568
51 114 297
51 115 112
51 116 384
51 117 705
51 118 503
51 119 238
51 120 581
52 53 971
52 54 766
52 55 777
52 56 458
52 57 1015
52 58 85
52 59 622
52 60 697
52 61 590
52 62 1011
52 63 1036
52 64 1040
52 65 199
52 66 388
52 67 1046
52 68 152
52 69 224
52 70 674
52 71 722
52 72 588
52 73 980
52 74 497
52 75 375
52 76 618
52 77 1046
52 78 487
52 79 96
52 80 895
52 81 414
52 82 873
52 83 1059
52 84 850
52 85 316
52 86 391
52 87 445
52 88 1108
52 89 801
52 90 806
52 91 173
52 92 527
52 93 983
52 94 437
52 95 1115
52 96 836
52 97 1186
52 98 361
52 99 1001
52 100 33
52 101 912
52 102 861
52 103 649
52 104 934
52 105 627
52 106 934
52 107 228
52 108 160
52 109 1028
52 110 851
52 111 834
52 112 876
52 113 259
52 114 928
52 115 964
52 116 672
52 117 373
52 118 370
52 119 767
52 120 541
53 54 375
53 55 300
53 56 518
53 57 186
53 58 913
53 59 643
53 60 440
53 61 503
53 62 262
53 63 117
53 64 75
53 65 818
53 66 801
53 67 231
53 68 876
53 69 793
53 70 355
53 71 375
53 72 421
53 73 165
53 74 518
53 75 722
53 76 568
53 77 81
53 78 640
53 79 883
53 80 85
53 81 719
53 82 92
53 83 230
53 84 365
53 85 804
53 86 697
53 87 558
53 88 184
53 89 269
53 90 364
53 91 966
53 92 604
53 93 74
53 94 679
53 95 150
53 96 429
53 97 221
53 98 635
53 99 308
53 100 949
53 101 144
53 102 172
53 103 208
53 104 307
53 105 451
53 106 231
53 107 749
53 108 850
53 109 104
53 110 233
53 111 493
53 112 237
53 113 757
53 114 147
53 115 158
53 116 352
53 117 861
53 118 692
53 119 206
53 120 550
54 55 90
54 56 313
54 57 336
54 58 708
54 59 408
54 60 138
54 61 268
54 62 332
54 63 357
54 64 430
54 65 613
54 66 566
54 67 367
54 68 671
54 69 588
54 70 83
54 71 62
54 72 216
54 73 301
54 74 313
54 75 487
54 76 333
54 77 377
54 78 405
54 79 678
54 80 292
54 81 484
54 82 325
54 83 380
54 84 165
54 85 569
54 86 462
54 87 353
54 88 560
54 89 122
54 90 40
54 91 761
54 92 369
54 93 435
54 94 444
54 95 446
54 96 70
54 97 517
54 98 430
54 99 316
54 100 744
54 101 233
54 102 195
54 103 259
54 104 249
54 105 246
54 106 255
54 107 544
54 108 645
54 109 480
54 110 172
54 111 134
54 112 197
54 113 552
54 114 249
54 115 416
54 116 95
54 117 626
54 118 487
54 119 220
54 120 315
55 56 324
55 57 246
55 58 719
55 59 442
55 60 239
55 61 302
55 62 242
55 63 267
55 64 340
55 65 624
55 66 600
55 67 277
55 68 682
55 69 599
55 70 139
55 71 68
55 72 227
55 73 211
55 74 324
55 75 521
55 76 367
55 77 287
55 78 439
55 79 689
55 80 228
55 81 518
55 82 241
55 83 290
55 84 75
55 85 603
55 86 496
55 87 364
55 88 458
55 89 32
55 90 79
55 91 772
55 92 403
55 93 356
55 94 478
55 95 356
55 96 144
55 97 427
55 98 441
55 99 212
55 100 755
55 101 143
55 102 120
55 103 269
55 104 225
55 105 256
55 106 165
55 107 555
55 108 656
55 109 395
55 110 82
55 111 208
55 112 107
55 113 563
55 114 159
55 115 342
55 116 150
55 117 660
55 118 498
55 119 230
55 120 349
56 57 562
56 58 400
56 59 303
56 60 250
56 61 249
56 62 558
56 63 583
56 64 587
56 65 305
56 66 396
56 67 593
56 68 363
56 69 280
56 70 221
56 71 269
56 72 96
56 73 527
56 74 108
56 75 167
56 76 281
56 77 593
56 78 166
56 79 370
56 80 442
56 81 252
56 82 420
56 83 606
56 84 397
56 85 324
56 86 166
56 87 76
56 88 655
56 89 348
56 90 353
56 91 453
56 92 210
56 93 530
56 94 212
56 95 662
56 96 383
56 97 733
56 98 122
56 99 548
56 100 436
56 101 459
56 102 408
56 103 196
56 104 481
56 105 161
56 106 481
56 107 236
56 108 337
56 109 575
56 110 398
56 111 372
56 112 423
56 113 244
56 114 475
56 115 511
56 116 219
56 117 381
56 118 179
56 119 315
56 120 222
57 58 957
57 59 680
57 60 477
57 61 540
57 62 103
57 63 69
57 64 191
57 65 862
57 66 838
57 67 59
57 68 920
57 69 837
57 70 377
57 71 306
57 72 465
57 73 35
57 74 562
57 75 759
57 76 605
57 77 125
57 78 677
57 79 927
57 80 167
57 81 756
57 82 255
57 83 44
57 84 311
57 85 841
57 86 734
57 87 602
57 88 309
57 89 215
57 90 325
57 91 1010
57 92 641
57 93 245
57 94 716
57 95 169
57 96 390
57 97 240
57 98 679
57 99 153
57 100 983
57 101 156
57 102 202
57 103 327
57 104 193
57 105 494
57 106 125
57 107 793
57 108 894
57 109 246
57 110 179
57 111 454
57 112 170
57 113 801
57 114 87
57 115 335
57 116 388
57 117 898
57 118 736
57 119 288
57 120 587
58 59 564
58 60 639
58 61 532
58 62 953
58 63 978
58 64 982
58 65 125
58 66 330
58 67 988
58 68 77
58 69 150
58 70 616
58 71 664
58 72 530
58 73 922
58 74 439
58 75 317
58 76 560
58 77 988
58 78 429
58 79 30
58 80 837
58 81 356
58 82 815
58 83 1001
58 84 792
58 85 258
58 86 333
58 87 387
58 88 1050
58 89 743
58 90 748
58 91 90
58 92 469
58 93 925
58 94 379
58 95 1057
58 96 778
58 97 1128
58 98 303
58 99 943
58 100 52
58 101 854
58 102 803
58 103 591
58 104 876
58 105 569
58 106 876
58 107 170
58 108 140
58 109 970
58 110 793
58 111 776
58 112 818
58 113 185
58 114 870
58 115 906
58 116 614
58 117 315
58 118 312
58 119 709
58 120 483
59 60 255
59 61 148
59 62 676
59 63 701
59 64 712
59 65 469
59 66 258
59 67 711
59 68 527
59 69 444
59 70 317
59 71 387
59 72 342
59 73 645
59 74 199
59 75 259
59 76 84
59 77 718
59 78 160
59 79 534
59 80 567
59 81 147
59 82 545
59 83 724
59 84 515
59 85 294
59 86 187
59 87 227
59 88 780
59 89 466
59 90 448
59 91 617
59 92 103
59 93 655
59 94 138
59 95 787
59 96 429
59 97 858
59 98 392
59 99 666
59 100 600
59 101 577
59 102 533
59 103 478
59 104 599
59 105 262
59 106 599
59 107 400
59 108 501
59 109 700
59 110 516
59 111 392
59 112 541
59 113 408
59 114 593
59 115 636
59 116 305
59 117 351
59 118 401
59 119 439
59 120 126
60 61 115
60 62 473
60 63 498
60 64 509
60 65 544
60 66 413
60 67 508
60 68 602
60 69 519
60 70 92
60 71 184
60 72 139
60 73 442
60 74 216
60 75 334
60 76 180
60 77 515
60 78 252
60 79 609
60 80 364
60 81 331
60 82 342
60 83 521
60 84 312
60 85 416
60 86 309
60 87 295
60 88 577
60 89 263
60 90 178
60 91 692
60 92 216
60 93 452
60 94 291
60 95 584
60 96 174
60 97 655
60 98 467
60 99 463
60 100 675
60 101 374
60 102 330
60 103 276
60 104 396
60 105 120
60 106 396
60 107 475
60 108 576
60 109 497
60 110 313
60 111 137
60 112 338
60 113 483
60 114 390
60 115 433
60 116 94
60 117 473
60 118 476
60 119 237
60 120 162
61 62 536
61 63 561
61 64 572
61 65 437
61 66 306
61 67 571
61 68 495
61 69 412
61 70 177
61 71 247
61 72 209
61 73 505
61 74 153
61 75 227
61 76 53
61 77 578
61 78 145
61 79 502
61 80 427
61 81 224
61 82 405
61 83 584
61 84 375
61 85 309
61 86 202
61 87 195
61 88 640
61 89 326
61 90 308
61 91 585
61 92 109
61 93 515
61 94 184
61 95 647
61 96 289
61 97 718
61 98 360
61 99 526
61 100 568
61 101 437
61 102 393
61 103 339
61 104 459
61 105 110
61 106 459
61 107 368
61 108 469
61 109 560
61 110 376
61 111 252
61 112 401
61 113 376
61 114 453
61 115 496
61 116 165
61 117 366
61 118 369
61 119 300
61 120 55
62 63 153
62 64 275
62 65 858
62 66 834
62 67 45
62 68 916
62 69 833
62 70 373
62 71 302
62 72 461
62 73 97
62 74 558
62 75 755
62 76 601
62 77 209
62 78 673
62 79 923
62 80 199
62 81 752
62 82 287
62 83 122
62 84 170
62 85 837
62 86 730
62 87 598
62 88 393
62 89 206
62 90 321
62 91 1006
62 92 637
62 93 318
62 94 712
62 95 272
62 96 386
62 97 343
62 98 675
62 99 47
62 100 989
62 101 208
62 102 254
62 103 391
62 104 89
62 105 490
62 106 77
62 107 789
62 108 890
62 109 348
62 110 175
62 111 450
62 112 147
62 113 797
62 114 119
62 115 381
62 116 384
62 117 894
62 118 732
62 119 352
62 120 583
63 64 122
63 65 883
63 66 859
63 67 122
63 68 941
63 69 858
63 70 398
63 71 327
63 72 486
63 73 56
63 74 583
63 75 780
63 76 626
63 77 56
63 78 698
63 79 948
63 80 108
63 81 777
63 82 175
63 83 113
63 84 332
63 85 862
63 86 755
63 87 623
63 88 240
63 89 236
63 90 346
63 91 1031
63 92 662
63 93 176
63 94 737
63 95 125
63 96 411
63 97 196
63 98 700
63 99 212
63 100 1014
63 101 177
63 102 195
63 103 280
63 104 231
63 105 515
63 106 155
63 107 814
63 108 915
63 109 177
63 110 200
63 111 475
63 112 191
63 113 822
63 114 108
63 115 266
63 116 409
63 117 919
63 118 757
63 119 243
63 120 608
64 65 887
64 66 870
64 67 244
64 68 945
64 69 862
64 70 424
64 71 444
64 72 490
64 73 178
64 74 587
64 75 791
64 76 637
64 77 66
64 78 709
64 79 952
64 80 160
64 81 788
64 82 161
64 83 235
64 84 405
64 85 873
64 86 766
64 87 627
64 88 118
64 89 309
64 90 419
64 91 1035
64 92 673
64 93 62
64 94 748
64 95 92
64 96 484
64 97 173
64 98 704
64 99 334
64 100 1018
64 101 219
64 102 247
64 103 277
64 104 353
64 105 590
64 106 247
64 107 818
64 108 919
64 109 55
64 110 273
64 111 548
64 112 277
64 113 826
64 114 192
64 115 155
64 116 421
64 117 930
64 118 761
64 119 275
64 120 619
65 66 269
65 67 893
65 68 66
65 69 25
65 70 521
65 71 569
65 72 435
65 73 827
65 74 344
65 75 222
65 76 465
65 77 893
65 78 334
65 79 103
65 80 742
65 81 295
65 82 720
65 83 906
65 84 697
65 85 197
65 86 272
65 87 292
65 88 955
65 89 648
65 90 653
65 91 162
65 92 374
65 93 830
65 94 318
65 95 962
65 96 683
65 97 1033
65 98 208
65 99 848
65 100 169
65 101 759
65 102 708
65 103 496
65 104 781
65 105 474
65 106 781
65 107 76
65 108 91
65 109 875
65 110 698
65 111 681
65 112 723
65 113 60
65 114 775
65 115 811
65 116 519
65 117 254
65 118 137
65 119 614
65 120 388
66 67 869
66 68 293
66 69 250
66 70 475
66 71 545
66 72 526
66 73 803
66 74 260
66 75 177
66 76 334
66 77 876
66 78 161
66 79 300
66 80 725
66 81 111
66 82 703
66 83 882
66 84 673
66 85 72
66 86 156
66 87 246
66 88 938
66 89 624
66 90 606
66 91 383
66 92 243
66 93 813
66 94 122
66 95 945
66 96 587
66 97 1016
66 98 299
66 99 824
66 100 366
66 101 735
66 102 691
66 103 587
66 104 757
66 105 343
66 106 757
66 107 207
66 108 184
66 109 858
66 110 674
66 111 550
66 112 699
66 113 267
66 114 751
66 115 794
66 116 463
66 117 66
66 118 308
66 119 587
66 120 257
67 68 951
67 69 868
67 70 408
67 71 337
67 72 496
67 73 66
67 74 593
67 75 790
67 76 636
67 77 178
67 78 708
67 79 958
67 80 198
67 81 787
67 82 286
67 83 77
67 84 216
67 85 872
67 86 765
67 87 633
67 88 362
67 89 238
67 90 356
67 91 1041
67 92 672
67 93 287
67 94 747
67 95 228
67 96 421
67 97 299
67 98 710
67 99 95
67 100 1024
67 101 187
67 102 233
67 103 358
67 104 135
67 105 525
67 106 89
67 107 824
67 108 925
67 109 299
67 110 176
67 111 485
67 112 149
67 113 832
67 114 118
67 115 380
67 116 419
67 117 929
67 118 767
67 119 319
67 120 618
68 69 91
68 70 579
68 71 627
68 72 493
68 73 885
68 74 402
68 75 280
68 76 523
68 77 951
68 78 392
68 79 56
68 80 800
68 81 319
68 82 778
68 83 964
68 84 755
68 85 221
68 86 296
68 87 350
68 88 1013
68 89 706
68 90 711
68 91 96
68 92 432
68 93 888
68 94 342
68 95 1020
68 96 741
68 97 1091
68 98 266
68 99 906
68 100 122
68 101 817
68 102 766
68 103 554
68 104 839
68 105 532
68 106 839
68 107 133
68 108 113
68 109 933
68 110 756
68 111 739
68 112 781
68 113 126
68 114 833
68 115 869
68 116 577
68 117 278
68 118 275
68 119 672
68 120 446
69 70 496
69 71 544
69 72 410
69 73 802
69 74 319
69 75 197
69 76 440
69 77 868
69 78 309
69 79 120
69 80 717
69 81 276
69 82 695
69 83 881
69 84 672
69 85 178
69 86 253
69 87 267
69 88 930
69 89 623
69 90 628
69 91 187
69 92 349
69 93 805
69 94 299
69 95 937
69 96 658
69 97 1008
69 98 183
69 99 823
69 100 194
69 101 734
69 102 683
69 103 471
69 104 756
69 105 449
69 106 756
69 107 51
69 108 88
69 109 850
69 110 673
69 111 656
69 112 698
69 113 35
69 114 750
69 115 786
69 116 494
69 117 235
69 118 112
69 119 589
69 120 363
70 71 70
70 72 124
70 73 342
70 74 221
70 75 396
70 76 242
70 77 418
70 78 314
70 79 586
70 80 279
70 81 393
70 82 257
70 83 421
70 84 212
70 85 478
70 86 371
70 87 261
70 88 492
70 89 163
70 90 123
70 91 669
70 92 278
70 93 367
70 94 353
70 95 487
70 96 153
70 97 558
70 98 338
70 99 363
70 100 652
70 101 274
70 102 204
70 103 191
70 104 296
70 105 127
70 106 296
70 107 452
70 108 553
70 109 412
70 110 213
70 111 150
70 112 238
70 113 460
70 114 290
70 115 348
70 116 12
70 117 535
70 118 395
70 119 152
70 120 224
71 72 172
71 73 271
71 74 269
71 75 466
71 76 312
71 77 347
71 78 384
71 79 634
71 80 220
71 81 463
71 82 277
71 83 350
71 84 141
71 85 548
71 86 441
71 87 309
71 88 512
71 89 92
71 90 93
71 91 717
71 92 423
71 93 387
71 94 423
71 95 416
71 96 132
71 97 487
71 98 386
71 99 292
71 100 700
71 101 159
71 102 133
71 103 211
71 104 225
71 105 202
71 106 225
71 107 500
71 108 601
71 109 432
71 110 142
71 111 196
71 112 167
71 113 508
71 114 219
71 115 368
71 116 92
71 117 605
71 118 443
71 119 172
71 120 294
72 73 430
72 74 97
72 75 219
72 76 267
72 77 496
72 78 196
72 79 500
72 80 345
72 81 275
72 82 323
72 83 509
72 84 300
72 85 454
72 86 227
72 87 137
72 88 558
72 89 251
72 90 256
72 91 583
72 92 225
72 93 433
72 94 235
72 95 565
72 96 286
72 97 636
72 98 252
72 99 451
72 100 566
72 101 362
72 102 311
72 103 177
72 104 384
72 105 74
72 106 384
72 107 366
72 108 467
72 109 478
72 110 301
72 111 276
72 112 326
72 113 374
72 114 378
72 115 414
72 116 122
72 117 511
72 118 309
72 119 218
72 120 249
73 74 527
73 75 724
73 76 570
73 77 112
73 78 642
73 79 892
73 80 132
73 81 721
73 82 220
73 83 79
73 84 276
73 85 832
73 86 699
73 87 567
73 88 296
73 89 180
73 90 290
73 91 975
73 92 606
73 93 232
73 94 681
73 95 181
73 96 355
73 97 252
73 98 644
73 99 156
73 100 958
73 101 121
73 102 167
73 103 292
73 104 175
73 105 459
73 106 99
73 107 758
73 108 859
73 109 233
73 110 144
73 111 419
73 112 135
73 113 766
73 114 52
73 115 314
73 116 353
73 117 863
73 118 701
73 119 253
73 120 552
74 75 134
74 76 170
74 77 593
74 78 99
74 79 409
74 80 442
74 81 178
74 82 420
74 83 606
74 84 397
74 85 263
74 86 130
74 87 69
74 88 655
74 89 348
74 90 353
74 91 492
74 92 104
74 93 530
74 94 138
74 95 662
74 96 383
74 97 733
74 98 267
74 99 548
74 100 475
74 101 459
74 102 408
74 103 260
74 104 481
74 105 96
74 106 481
74 107 275
74 108 376
74 109 575
74 110 398
74 111 353
74 112 423
74 113 283
74 114 475
74 115 511
74 116 219
74 117 320
74 118 276
74 119 315
74 120 104
75 76 255
75 77 797
75 78 125
75 79 287
75 80 646
75 81 154
75 82 624
75 83 803
75 84 594
75 85 128
75 86 68
75 87 82
75 88 859
75 89 545
75 90 527
75 91 370
75 92 164
75 93 734
75 94 114
75 95 866
75 96 508
75 97 937
75 98 145
75 99 745
75 100 353
75 101 656
75 102 612
75 103 369
75 104 678
75 105 264
75 106 678
75 107 153
75 108 176
75 109 779
75 110 595
75 111 471
75 112 620
75 113 161
75 114 672
75 115 715
75 116 384
75 117 185
75 118 154
75 119 518
75 120 178
76 77 643
76 78 173
76 79 530
76 80 492
76 81 190
76 82 470
76 83 649
76 84 440
76 85 337
76 86 230
76 87 223
76 88 705
76 89 391
76 90 373
76 91 613
76 92 99
76 93 580
76 94 212
76 95 712
76 96 354
76 97 783
76 98 388
76 99 591
76 100 596
76 101 502
76 102 458
76 103 403
76 104 524
76 105 187
76 106 524
76 107 396
76 108 497
76 109 625
76 110 441
76 111 317
76 112 466
76 113 404
76 114 518
76 115 561
76 116 230
76 117 394
76 118 397
76 119 364
76 120 60
77 78 715
77 79 958
77 80 128
77 81 794
77 82 167
77 83 169
77 84 352
77 85 879
77 86 772
77 87 633
77 88 179
77 89 256
77 90 366
77 91 1041
77 92 679
77 93 120
77 94 754
77 95 69
77 96 431
77 97 154
77 98 710
77 99 268
77 100 1024
77 101 197
77 102 215
77 103 283
77 104 287
77 105 526
77 106 211
77 107 824
77 108 925
77 109 121
77 110 220
77 111 495
77 112 224
77 113 832
77 114 139
77 115 213
77 116 429
77 117 936
77 118 767
77 119 281
77 120 625
78 79 399
78 80 564
78 81 79
78 82 542
78 83 721
78 84 512
78 85 164
78 86 57
78 87 90
78 88 777
78 89 463
78 90 445
78 91 482
78 92 57
78 93 652
78 94 39
78 95 784
78 96 426
78 97 855
78 98 257
78 99 663
78 100 465
78 101 574
78 102 530
78 103 362
78 104 596
78 105 182
78 106 596
78 107 265
78 108 276
78 109 697
78 110 513
78 111 389
78 112 538
78 113 273
78 114 590
78 115 633
78 116 302
78 117 221
78 118 266
78 119 436
78 120 96
79 80 807
79 81 326
79 82 785
79 83 971
79 84 762
79 85 228
79 86 303
79 87 357
79 88 1020
79 89 713
79 90 718
79 91 112
79 92 439
79 93 895
79 94 349
79 95 1027
79 96 748
79 97 1098
79 98 273
79 99 913
79 100 66
79 101 824
79 102 773
79 103 561
79 104 846
79 105 539
79 106 846
79 107 140
79 108 110
79 109 940
79 110 763
79 111 746
79 112 788
79 113 155
79 114 840
79 115 876
79 116 584
79 117 285
79 118 282
79 119 679
79 120 453
80 81 643
80 82 88
80 83 211
80 84 293
80 85 728
80 86 627
80 87 482
80 88 269
80 89 197
80 90 281
80 91 890
80 92 528
80 93 159
80 94 603
80 95 197
80 96 346
80 97 268
80 98 559
80 99 241
80 100 873
80 101 59
80 102 87
80 103 172
80 104 240
80 105 375
80 106 164
80 107 673
80 108 774
80 109 189
80 110 108
80 111 410
80 112 139
80 113 681
80 114 80
80 115 182
80 116 276
80 117 785
80 118 616
80 119 135
80 120 474
81 82 621
81 83 800
81 84 591
81 85 130
81 86 86
81 87 176
81 88 856
81 89 542
81 90 524
81 91 409
81 92 112
81 93 731
81 94 40
81 95 863
81 96 505
81 97 934
81 98 299
81 99 742
81 100 392
81 101 653
81 102 609
81 103 448
81 104 675
81 105 261
81 106 675
81 107 233
81 108 242
81 109 776
81 110 592
81 111 468
81 112 617
81 113 293
81 114 669
81 115 712
81 116 381
81 117 177
81 118 308
81 119 515
81 120 175
82 83 299
82 84 318
82 85 706
82 86 599
82 87 460
82 88 229
82 89 222
82 90 365
82 91 868
82 92 506
82 93 104
82 94 581
82 95 236
82 96 395
82 97 307
82 98 537
82 99 506
82 100 851
82 101 147
82 102 121
82 103 110
82 104 320
82 105 353
82 106 252
82 107 651
82 108 752
82 109 149
82 110 187
82 111 459
82 112 244
82 113 659
82 114 168
82 115 97
82 116 254
82 117 763
82 118 594
82 119 108
82 120 452
83 84 355
83 85 885
83 86 778
83 87 646
83 88 353
83 89 259
83 90 369
83 91 1054
83 92 685
83 93 289
83 94 760
83 95 213
83 96 434
83 97 284
83 98 723
83 99 172
83 100 1037
83 101 200
83 102 246
83 103 371
83 104 212
83 105 538
83 106 148
83 107 837
83 108 938
83 109 290
83 110 223
83 111 498
83 112 214
83 113 845
83 114 131
83 115 379
83 116 432
83 117 942
83 118 780
83 119 332
83 120 631
84 85 676
84 86 569
84 87 437
84 88 523
84 89 97
84 90 154
84 91 845
84 92 476
84 93 421
84 94 551
84 95 421
84 96 219
84 97 492
84 98 514
84 99 133
84 100 828
84 101 208
84 102 197
84 103 334
84 104 84
84 105 329
84 106 168
84 107 628
84 108 729
84 109 460
84 110 147
84 111 283
84 112 118
84 113 636
84 114 224
84 115 419
84 116 223
84 117 733
84 118 571
84 119 295
84 120 422
85 86 107
85 87 197
85 88 941
85 89 627
85 90 609
85 91 311
85 92 246
85 93 816
85 94 138
85 95 948
85 96 590
85 97 1019
85 98 227
85 99 827
85 100 294
85 101 738
85 102 694
85 103 515
85 104 760
85 105 346
85 106 760
85 107 135
85 108 123
85 109 861
85 110 677
85 111 553
85 112 702
85 113 195
85 114 754
85 115 797
85 116 466
85 117 57
85 118 236
85 119 600
85 120 260
86 87 90
86 88 834
86 89 520
86 90 502
86 91 386
86 92 114
86 93 709
86 94 46
86 95 841
86 96 483
86 97 912
86 98 213
86 99 720
86 100 369
86 101 631
86 102 587
86 103 362
86 104 653
86 105 239
86 106 653
86 107 210
86 108 219
86 109 754
86 110 570
86 111 446
86 112 595
86 113 270
86 114 647
86 115 690
86 116 359
86 117 164
86 118 222
86 119 493
86 120 153
87 88 695
87 89 388
87 90 393
87 91 440
87 92 134
87 93 570
87 94 136
87 95 702
87 96 423
87 97 773
87 98 225
87 99 588
87 100 423
87 101 499
87 102 448
87 103 272
87 104 521
87 105 165
87 106 521
87 107 223
87 108 324
87 109 615
87 110 438
87 111 432
87 112 462
87 113 231
87 114 515
87 115 551
87 116 259
87 117 254
87 118 234
87 119 355
87 120 146
88 89 427
88 90 537
88 91 1103
88 92 741
88 93 121
88 94 816
88 95 162
88 96 630
88 97 138
88 98 772
88 99 452
88 100 1086
88 101 328
88 102 350
88 103 345
88 104 471
88 105 588
88 106 365
88 107 886
88 108 987
88 109 80
88 110 391
88 111 694
88 112 395
88 113 894
88 114 310
88 115 189
88 116 489
88 117 998
88 118 829
88 119 343
88 120 687
89 90 111
89 91 796
89 92 427
89 93 325
89 94 502
89 95 325
89 96 176
89 97 396
89 98 465
89 99 185
89 100 779
89 101 112
89 102 101
89 103 238
89 104 133
89 105 280
89 106 137
89 107 579
89 108 680
89 109 364
89 110 51
89 111 240
89 112 67
89 113 587
89 114 128
89 115 323
89 116 174
89 117 684
89 118 522
89 119 199
89 120 373
90 91 801
90 92 409
90 93 438
90 94 484
90 95 435
90 96 65
90 97 506
90 98 470
90 99 305
90 100 784
90 101 222
90 102 199
90 103 299
90 104 238
90 105 286
90 106 244
90 107 584
90 108 685
90 109 474
90 110 161
90 111 129
90 112 186
90 113 592
90 114 238
90 115 456
90 116 135
90 117 666
90 118 527
90 119 260
90 120 355
91 92 522
91 93 978
91 94 432
91 95 1110
91 96 831
91 97 1181
91 98 355
91 99 996
91 100 142
91 101 907
91 102 856
91 103 644
91 104 929
91 105 622
91 106 929
91 107 223
91 108 205
91 109 1023
91 110 846
91 111 829
91 112 871
91 113 222
91 114 923
91 115 959
91 116 667
91 117 368
91 118 365
91 119 762
91 120 536
92 93 616
92 94 96
92 95 748
92 96 390
92 97 819
92 98 297
92 99 627
92 100 505
92 101 538
92 102 494
92 103 439
92 104 560
92 105 151
92 106 560
92 107 305
92 108 406
92 109 661
92 110 477
92 111 353
92 112 502
92 113 313
92 114 554
92 115 597
92 116 266
92 117 303
92 118 306
92 119 401
92 120 47
93 94 691
93 95 154
93 96 505
93 97 235
93 98 647
93 99 364
93 100 961
93 101 218
93 102 225
93 103 220
93 104 363
93 105 463
93 106 287
93 107 761
93 108 862
93 109 41
93 110 289
93 111 569
93 112 293
93 113 769
93 114 208
93 115 93
93 116 364
93 117 873
93 118 704
93 119 218
93 120 562
94 95 823
94 96 465
94 97 894
94 98 259
94 99 702
94 100 415
94 101 613
94 102 569
94 103 408
94 104 635
94 105 221
94 106 635
94 107 241
94 108 265
94 109 736
94 110 552
94 111 428
94 112 577
94 113 301
94 114 629
94 115 672
94 116 341
94 117 195
94 118 268
94 119 475
94 120 135
95 96 500
95 97 81
95 98 779
95 99 322
95 100 1003
95 101 266
95 102 284
95 103 352
95 104 362
95 105 595
95 106 294
95 107 893
95 108 994
95 109 147
95 110 289
95 111 564
95 112 293
95 113 901
95 114 208
95 115 247
95 116 498
95 117 1005
95 118 836
95 119 350
95 120 694
96 97 571
96 98 500
96 99 370
96 100 814
96 101 287
96 102 269
96 103 329
96 104 303
96 105 294
96 106 309
96 107 614
96 108 715
96 109 550
96 110 226
96 111 80
96 112 251
96 113 622
96 114 303
96 115 486
96 116 165
96 117 647
96 118 557
96 119 290
96 120 336
97 98 850
97 99 393
97 100 1164
97 101 337
97 102 355
97 103 423
97 104 433
97 105 666
97 106 365
97 107 964
97 108 1065
97 109 160
97 110 360
97 111 635
97 112 364
97 113 972
97 114 279
97 115 284
97 116 569
97 117 1076
97 118 907
97 119 421
97 120 765
98 99 665
98 100 339
98 101 576
98 102 525
98 103 313
98 104 598
98 105 397
98 106 598
98 107 139
98 108 240
98 109 692
98 110 515
98 111 604
98 112 540
98 113 108
98 114 592
98 115 628
98 116 336
98 117 284
98 118 56
98 119 431
98 120 311
99 100 979
99 101 208
99 102 251
99 103 388
99 104 52
99 105 480
99 106 80
99 107 779
99 108 880
99 109 394
99 110 167
99 111 434
99 112 128
99 113 787
99 114 161
99 115 607
99 116 374
99 117 884
99 118 722
99 119 349
99 120 573
100 101 890
100 102 839
100 103 627
100 104 912
100 105 605
100 106 912
100 107 206
100 108 143
100 109 1006
100 110 829
100 111 812
100 112 854
100 113 229
100 114 906
100 115 942
100 116 650
100 117 351
100 118 348
100 119 745
100 120 519
101 102 46
101 103 183
101 104 156
101 105 391
101 106 131
101 107 690
101 108 791
101 109 248
101 110 49
101 111 351
101 112 80
101 113 698
101 114 69
101 115 244
101 116 285
101 117 795
101 118 633
101 119 144
101 120 484
102 103 137
102 104 199
102 105 341
102 106 177
102 107 639
102 108 740
102 109 270
102 110 66
102 111 333
102 112 123
102 113 647
102 114 115
102 115 218
102 116 215
102 117 751
102 118 582
102 119 98
102 120 440
103 104 336
103 105 287
103 106 314
103 107 427
103 108 528
103 109 265
103 110 203
103 111 393
103 112 260
103 113 435
103 114 240
103 115 178
103 116 188
103 117 572
103 118 370
103 119 39
103 120 386
104 105 413
104 106 87
104 107 712
104 108 813
104 109 393
104 110 115
104 111 367
104 112 76
104 113 720
104 114 160
104 115 421
104 116 307
104 117 817
104 118 655
104 119 297
104 120 506
105 106 413
105 107 405
105 108 506
105 109 508
105 110 330
105 111 257
105 112 355
105 113 413
105 114 407
105 115 444
105 116 115
105 117 403
105 118 406
105 119 248
105 120 169
106 107 712
106 108 813
106 109 317
106 110 98
106 111 373
106 112 70
106 113 720
106 114 84
106 115 346
106 116 307
106 117 817
106 118 655
106 119 275
106 120 506
107 108 82
107 109 806
107 110 629
107 111 612
107 112 654
107 113 55
107 114 706
107 115 742
107 116 450
107 117 192
107 118 148
107 119 545
107 120 319
108 109 907
108 110 730
108 111 713
108 112 755
108 113 123
108 114 807
108 115 843
108 116 551
108 117 145
108 118 249
108 119 646
108 120 520
109 110 319
109 111 614
109 112 323
109 113 814
109 114 238
109 115 124
109 116 409
109 117 819
109 118 749
109 119 263
109 120 607
110 111 290
110 112 39
110 113 637
110 114 92
110 115 284
110 116 224
110 117 734
110 118 572
110 119 164
110 120 423
111 112 315
111 113 620
111 114 367
111 115 550
111 116 154
111 117 610
111 118 613
111 119 354
111 120 299
112 113 662
112 114 87
112 115 345
112 116 249
112 117 759
112 118 597
112 119 221
112 120 448
113 114 714
113 115 750
113 116 458
113 117 252
113 118 77
113 119 553
113 120 327
114 115 262
114 116 301
114 117 811
114 118 649
114 119 201
114 120 500
115 116 345
115 117 854
115 118 685
115 119 199
115 120 543
116 117 523
116 118 393
116 119 149
116 120 212
117 118 293
117 119 657
117 120 317
118 119 488
118 120 320
119 120 347
