100 5049
1 2 1693
1 3 2252
1 4 1104
1 5 2523
1 6 397
1 7 1447
1 8 425
1 9 1424
1 10 749
1 11 902
1 12 1547
1 13 2554
1 14 2378
1 15 1015
1 16 1259
1 17 1018
1 18 1167
1 19 814
1 20 1405
1 21 885
1 22 1330
1 23 882
1 24 1206
1 25 1194
1 26 1511
1 27 1572
1 28 416
1 29 2081
1 30 2145
1 31 887
1 32 790
1 33 2641
1 34 1804
1 35 1576
1 36 1173
1 37 2518
1 38 1225
1 39 2102
1 40 1358
1 41 2698
1 42 661
1 43 2251
1 44 1668
1 45 923
1 46 2115
1 47 429
1 48 2523
1 49 442
1 50 1707
1 51 1129
1 52 2474
1 53 1010
1 54 1394
1 55 1708
1 56 795
1 57 1360
1 58 718
1 59 1031
1 60 1152
1 61 1043
1 62 1260
1 63 288
1 64 1366
1 65 1250
1 66 1286
1 67 593
1 68 1618
1 69 1241
1 70 1387
1 71 2635
1 72 802
1 73 1531
1 74 942
1 75 628
1 76 2649
1 77 1048
1 78 2442
1 79 1008
1 80 863
1 81 1220
1 82 2186
1 83 1716
1 84 888
1 85 1734
1 86 1508
1 87 1255
1 88 1219
1 89 806
1 90 644
1 91 753
1 92 303
1 93 413
1 94 1359
1 95 2431
1 96 2377
1 97 815
1 98 783
1 99 1468
1 100 2643
2 3 1708
2 4 2403
2 5 1186
2 6 2057
2 7 1392
2 8 1620
2 9 1343
2 10 2442
2 11 2359
2 12 1606
2 13 970
2 14 1662
2 15 2446
2 16 2831
2 17 2455
2 18 2837
2 19 2310
2 20 1603
2 21 2502
2 22 2897
2 23 1921
2 24 2895
2 25 893
2 26 2671
2 27 1737
2 28 1363
2 29 1501
2 30 1191
2 31 1592
2 32 2166
2 33 1069
2 34 1451
2 35 1893
2 36 2858
2 37 1143
2 38 2917
2 39 961
2 40 337
2 41 1984
2 42 1536
2 43 1835
2 44 257
2 45 2124
2 46 1636
2 47 1933
2 48 1596
2 49 2094
2 50 416
2 51 1147
2 52 1302
2 53 2577
2 54 331
2 55 1529
2 56 1903
2 57 1400
2 58 1161
2 59 2626
2 60 1851
2 61 1006
2 62 1803
2 63 1979
2 64 332
2 65 2527
2 66 2618
2 67 1103
2 68 711
2 69 573
2 70 2887
2 71 1902
2 72 2459
2 73 462
2 74 2544
2 75 2076
2 76 1045
2 77 1664
2 78 1262
2 79 2647
2 80 1670
2 81 843
2 82 570
2 83 1513
2 84 2581
2 85 832
2 86 1752
2 87 1219
2 88 2806
2 89 1420
2 90 2302
2 91 1978
2 92 1769
2 93 1400
2 94 2963
2 95 794
2 96 1201
2 97 2093
2 98 1911
2 99 3156
2 100 1831
3 4 3333
3 5 1074
3 6 2623
3 7 811
3 8 2502
3 9 829
3 10 2794
3 11 2265
3 12 782
3 13 1533
3 14 221
3 15 2280
3 16 3482
3 17 2293
3 18 3286
3 19 3066
3 20 934
3 21 2582
3 22 3552
3 23 1703
3 24 3246
3 25 1184
3 26 3717
3 27 846
3 28 1856
3 29 214
3 30 592
3 31 2770
3 32 2087
3 33 1533
3 34 448
3 35 983
3 36 3047
3 37 1133
3 38 3216
3 39 851
3 40 1731
3 41 451
3 42 2592
3 43 171
3 44 1452
3 45 1896
3 46 139
3 47 2139
3 48 507
3 49 2670
3 50 1293
3 51 1138
3 52 823
3 53 3246
3 54 1828
3 55 567
3 56 2917
3 57 903
3 58 1572
3 59 2626
3 60 1378
3 61 1275
3 62 1228
3 63 2474
3 64 1651
3 65 3480
3 66 3529
3 67 1872
3 68 1021
3 69 1424
3 70 3631
3 71 401
3 72 2640
3 73 1287
3 74 2583
3 75 2870
3 76 1615
3 77 1333
3 78 833
3 79 3193
3 80 2812
3 81 1193
3 82 1531
3 83 553
3 84 2913
3 85 881
3 86 927
3 87 1001
3 88 3435
3 89 2587
3 90 2842
3 91 1885
3 92 2515
3 93 1846
3 94 3554
3 95 1633
3 96 826
3 97 3018
3 98 1786
3 99 3315
3 100 454
4 5 3447
4 6 822
4 7 2538
4 8 851
4 9 2512
4 10 1030
4 11 1695
4 12 2649
4 13 3362
4 14 3442
4 15 1794
4 16 625
4 17 1789
4 18 929
4 19 372
4 20 2508
4 21 1445
4 22 661
4 23 1928
4 24 1101
4 25 2204
4 26 417
4 27 2675
4 28 1478
4 29 3150
4 30 3152
4 31 844
4 32 1697
4 33 3459
4 34 2887
4 35 2674
4 36 1336
4 37 3428
4 38 1190
4 39 3061
4 40 2087
4 41 3771
4 42 868
4 43 3343
4 44 2479
4 45 1895
4 46 3198
4 47 1395
4 48 3556
4 49 785
4 50 2569
4 51 2196
4 52 3448
4 53 498
4 54 2072
4 55 2802
4 56 500
4 57 2454
4 58 1763
4 59 1573
4 60 2235
4 61 2076
4 62 2353
4 63 974
4 64 2131
4 65 147
4 66 216
4 67 1502
4 68 2575
4 69 2133
4 70 554
4 71 3704
4 72 1293
4 73 2416
4 74 1508
4 75 477
4 76 3444
4 77 2148
4 78 3412
4 79 718
4 80 758
4 81 2216
4 82 2965
4 83 2808
4 84 1061
4 85 2713
4 86 2611
4 87 2332
4 88 644
4 89 992
4 90 747
4 91 1760
4 92 819
4 93 1491
4 94 785
4 95 3196
4 96 3344
4 97 324
4 98 1821
4 99 1499
4 100 3701
5 6 2919
5 7 1424
5 8 2606
5 9 1400
5 10 3218
5 11 2883
5 12 1553
5 13 502
5 14 891
5 15 2934
5 16 3770
5 17 2947
5 18 3681
5 19 3277
5 20 1656
5 21 3135
5 22 3840
5 23 2329
5 24 3692
5 25 1344
5 26 3765
5 27 1676
5 28 2114
5 29 973
5 30 553
5 31 2701
5 32 2683
5 33 475
5 34 1178
5 35 1851
5 36 3569
5 37 69
5 38 3689
5 39 437
5 40 1413
5 41 1079
5 42 2594
5 43 1245
5 44 1007
5 45 2548
5 46 1107
5 47 2592
5 48 652
5 49 2964
5 50 887
5 51 1498
5 52 259
5 53 3516
5 54 1468
5 55 1343
5 56 2962
5 57 1500
5 58 1818
5 59 3222
5 60 2088
5 61 1506
5 62 1965
5 63 2800
5 64 1350
5 65 3584
5 66 3661
5 67 1971
5 68 906
5 69 1317
5 70 3869
5 71 1007
5 72 3145
5 73 1031
5 74 3157
5 75 3049
5 76 564
5 77 1958
5 78 242
5 79 3531
5 80 2768
5 81 1310
5 82 704
5 83 1319
5 84 3355
5 85 805
5 86 1738
5 87 1442
5 88 3735
5 89 2516
5 90 3166
5 91 2468
5 92 2701
5 93 2129
5 94 3879
5 95 671
5 96 253
5 97 3124
5 98 2374
5 99 3863
5 100 894
6 7 1812
6 8 534
6 9 1794
6 10 436
6 11 907
6 12 1892
6 13 2941
6 14 2758
6 15 1015
6 16 867
6 17 1012
6 18 782
6 19 474
6 20 1744
6 21 737
6 22 937
6 23 1111
6 24 843
6 25 1590
6 26 1239
6 27 1900
6 28 811
6 29 2458
6 30 2539
6 31 944
6 32 881
6 33 3029
6 34 2175
6 35 1880
6 36 877
6 37 2914
6 38 878
6 39 2499
6 40 1720
6 41 3071
6 42 764
6 43 2610
6 44 2051
6 45 1074
6 46 2484
6 47 574
6 48 2911
6 49 47
6 50 2096
6 51 1514
6 52 2870
6 53 624
6 54 1745
6 55 2068
6 56 698
6 57 1722
6 58 1113
6 59 886
6 60 1429
6 61 1438
6 62 1556
6 63 157
6 64 1736
6 65 960
6 66 970
6 67 974
6 68 2014
6 69 1631
6 70 1008
6 71 3011
6 72 604
6 73 1923
6 74 803
6 75 374
6 76 3034
6 77 1361
6 78 2839
6 79 612
6 80 886
6 81 1616
6 82 2567
6 83 2078
6 84 561
6 85 2131
6 86 1830
6 87 1634
6 88 825
6 89 943
6 90 249
6 91 939
6 92 329
6 93 804
6 94 962
6 95 2811
6 96 2773
6 97 610
6 98 1003
6 99 1154
6 100 3025
7 8 1725
7 9 50
7 10 1989
7 11 1511
7 12 216
7 13 1709
7 14 963
7 15 1545
7 16 2671
7 17 1558
7 18 2481
7 19 2260
7 20 242
7 21 1806
7 22 2740
7 23 942
7 24 2448
7 25 556
7 26 2931
7 27 346
7 28 1062
7 29 663
7 30 895
7 31 2041
7 32 1320
7 33 1756
7 34 367
7 35 509
7 36 2266
7 37 1454
7 38 2423
7 39 1006
7 40 1259
7 41 1261
7 42 1844
7 43 805
7 44 1165
7 45 1154
7 46 672
7 47 1333
7 48 1165
7 49 1859
7 50 1052
7 51 383
7 52 1263
7 53 2435
7 54 1362
7 55 264
7 56 2145
7 57 93
7 58 800
7 59 1867
7 60 666
7 61 562
7 62 542
7 63 1663
7 64 1187
7 65 2686
7 66 2730
7 67 1131
7 68 741
7 69 895
7 70 2820
7 71 1205
7 72 1851
7 73 935
7 74 1814
7 75 2070
7 76 1811
7 77 560
7 78 1246
7 79 2383
7 80 2071
7 81 594
7 82 1509
7 83 270
7 84 2112
7 85 714
7 86 369
7 87 238
7 88 2624
7 89 1867
7 90 2031
7 91 1109
7 92 1719
7 93 1047
7 94 2744
7 95 1707
7 96 1196
7 97 2230
7 98 1010
7 99 2544
7 100 1231
8 9 1693
8 10 970
8 11 1307
8 12 1859
8 13 2554
8 14 2600
8 15 1421
8 16 1211
8 17 1422
8 18 1257
8 19 691
8 20 1729
8 21 1228
8 22 1277
8 23 1295
8 24 1351
8 25 1355
8 26 1216
8 27 1905
8 28 671
8 29 2313
8 30 2302
8 31 465
8 32 1211
8 33 2648
8 34 2060
8 35 1934
8 36 1410
8 37 2590
8 38 1397
8 39 2213
8 40 1289
8 41 2934
8 42 248
8 43 2524
8 44 1661
8 45 1347
8 46 2369
8 47 850
8 48 2707
8 49 553
8 50 1737
8 51 1365
8 52 2599
8 53 958
8 54 1293
8 55 1989
8 56 421
8 57 1647
8 58 930
8 59 1379
8 60 1539
8 61 1233
8 62 1631
8 63 554
8 64 1321
8 65 994
8 66 1061
8 67 651
8 68 1726
8 69 1289
8 70 1276
8 71 2865
8 72 1114
8 73 1577
8 74 1291
8 75 457
8 76 2641
8 77 1412
8 78 2563
8 79 1048
8 80 439
8 81 1366
8 82 2164
8 83 1993
8 84 1092
8 85 1862
8 86 1850
8 87 1506
8 88 1188
8 89 416
8 90 739
8 91 1176
8 92 206
8 93 697
8 94 1346
8 95 2403
8 96 2496
8 97 527
8 98 1200
8 99 1684
8 100 2857
9 10 1981
9 11 1519
9 12 266
9 13 1674
9 14 972
9 15 1556
9 16 2655
9 17 1569
9 18 2471
9 19 2238
9 20 281
9 21 1808
9 22 2724
9 23 951
9 24 2442
9 25 506
9 26 2902
9 27 395
9 28 1034
9 29 671
9 30 878
9 31 2003
9 32 1325
9 33 1723
9 34 381
9 35 556
9 36 2266
9 37 1428
9 38 2419
9 39 977
9 40 1209
9 41 1277
9 42 1808
9 43 832
9 44 1117
9 45 1165
9 46 691
9 47 1325
9 48 1164
9 49 1841
9 50 1006
9 51 342
9 52 1247
9 53 2417
9 54 1312
9 55 298
9 56 2113
9 57 100
9 58 766
9 59 1872
9 60 688
9 61 517
9 62 570
9 63 1645
9 64 1137
9 65 2659
9 66 2705
9 67 1092
9 68 697
9 69 845
9 70 2801
9 71 1219
9 72 1848
9 73 886
9 74 1818
9 75 2045
9 76 1776
9 77 570
9 78 1228
9 79 2369
9 80 2035
9 81 544
9 82 1467
9 83 300
9 84 2106
9 85 676
9 86 415
9 87 195
9 88 2609
9 89 1828
9 90 2016
9 91 1113
9 92 1693
9 93 1021
9 94 2731
9 95 1668
9 96 1176
9 97 2201
9 98 1014
9 99 2546
9 100 1240
10 11 721
10 12 2025
10 13 3287
10 14 2952
10 15 802
10 16 770
10 17 795
10 18 493
10 19 664
10 20 1871
10 21 420
10 22 830
10 23 1137
10 24 474
10 25 1875
10 26 1416
10 27 2003
10 28 1118
10 29 2652
10 30 2793
10 31 1366
10 32 796
10 33 3371
10 34 2356
10 35 1945
10 36 441
10 37 3220
10 38 478
10 39 2787
10 40 2107
10 41 3244
10 42 1198
10 43 2756
10 44 2410
10 45 1017
10 46 2654
10 47 656
10 48 3136
10 49 421
10 50 2437
10 51 1750
10 52 3142
10 53 617
10 54 2142
10 55 2227
10 56 1079
10 57 1896
10 58 1402
10 59 543
10 60 1481
10 61 1713
10 62 1626
10 63 465
10 64 2114
10 65 1137
10 66 1102
10 67 1341
10 68 2315
10 69 1973
10 70 970
10 71 3192
10 72 270
10 73 2259
10 74 481
10 75 712
10 76 3384
10 77 1470
10 78 3113
10 79 454
10 80 1302
10 81 1909
10 82 2927
10 83 2241
10 84 140
10 85 2415
10 86 1926
10 87 1848
10 88 713
10 89 1377
10 90 300
10 91 945
10 92 765
10 93 1096
10 94 792
10 95 3173
10 96 3050
10 97 934
10 98 1036
10 99 726
10 100 3220
11 12 1483
11 13 3056
11 14 2450
11 15 113
11 16 1488
11 17 115
11 18 1161
11 19 1324
11 20 1334
11 21 349
11 22 1545
11 23 569
11 24 1060
11 25 1592
11 26 2102
11 27 1427
11 28 1026
11 29 2159
11 30 2391
11 31 1771
11 32 202
11 33 3127
11 34 1859
11 35 1329
11 36 804
11 37 2900
11 38 1005
11 39 2447
11 40 2053
11 41 2705
11 42 1554
11 43 2196
11 44 2253
11 45 370
11 46 2130
11 47 485
11 48 2673
11 49 931
11 50 2232
11 51 1392
11 52 2757
11 53 1334
11 54 2118
11 55 1707
11 56 1592
11 57 1422
11 58 1200
11 59 361
11 60 888
11 61 1432
11 62 1039
11 63 792
11 64 2032
11 65 1819
11 66 1801
11 67 1325
11 68 2027
11 69 1808
11 70 1691
11 71 2665
11 72 467
11 73 2055
11 74 329
11 75 1280
11 76 3158
11 77 951
11 78 2735
11 79 1173
11 80 1734
11 81 1638
11 82 2746
11 83 1725
11 84 781
11 85 2089
11 86 1346
11 87 1442
11 88 1430
11 89 1707
11 90 954
11 91 415
11 92 1128
11 93 982
11 94 1491
11 95 2985
11 96 2679
11 97 1516
11 98 510
11 99 1053
11 100 2713
12 13 1876
12 14 969
12 15 1501
12 16 2736
12 17 1514
12 18 2518
12 19 2352
12 20 154
12 21 1800
12 22 2804
12 23 921
12 24 2470
12 25 768
12 26 3050
12 27 136
12 28 1188
12 29 686
12 30 1005
12 31 2201
12 32 1304
12 33 1916
12 34 395
12 35 312
12 36 2265
12 37 1589
12 38 2437
12 39 1155
12 40 1474
12 41 1228
12 42 1996
12 43 731
12 44 1377
12 45 1115
12 46 647
12 47 1375
12 48 1207
12 49 1938
12 50 1259
12 51 571
12 52 1367
12 53 2509
12 54 1577
12 55 230
12 56 2279
12 57 241
12 58 955
12 59 1844
12 60 599
12 61 756
12 62 452
12 63 1738
12 64 1403
12 65 2796
12 66 2833
12 67 1296
12 68 943
12 69 1110
12 70 2896
12 71 1183
12 72 1861
12 73 1148
12 74 1800
12 75 2175
12 76 1976
12 77 556
12 78 1355
12 79 2438
12 80 2226
12 81 807
12 82 1700
12 83 251
12 84 2140
12 85 900
12 86 186
12 87 436
12 88 2686
12 89 2033
12 90 2097
12 91 1104
12 92 1833
12 93 1166
12 94 2798
12 95 1890
12 96 1312
12 97 2349
12 98 1006
12 99 2532
12 100 1230
13 14 1370
13 15 3122
13 16 3756
13 17 3134
13 18 3720
13 19 3243
13 20 1951
13 21 3268
13 22 3824
13 23 2532
13 24 3755
13 25 1464
13 26 3640
13 27 2009
13 28 2170
13 29 1397
13 30 957
13 31 2561
13 32 2854
13 33 101
13 34 1543
13 35 2187
13 36 3673
13 37 433
13 38 3765
13 39 733
13 40 1275
13 41 1580
13 42 2494
13 43 1701
13 44 895
13 45 2752
13 46 1542
13 47 2703
13 48 1151
13 49 2982
13 50 850
13 51 1675
13 52 755
13 53 3501
13 54 1296
13 55 1694
13 56 2864
13 57 1768
13 58 1900
13 59 3372
13 60 2343
13 61 1626
13 62 2240
13 63 2841
13 64 1234
13 65 3489
13 66 3578
13 67 1967
13 68 1033
13 69 1314
13 70 3829
13 71 1507
13 72 3255
13 73 1028
13 74 3298
13 75 3010
13 76 103
13 77 2187
13 78 730
13 79 3548
13 80 2638
13 81 1419
13 82 400
13 83 1671
13 84 3427
13 85 1003
13 86 2060
13 87 1661
13 88 3728
13 89 2386
13 90 3190
13 91 2644
13 92 2682
13 93 2195
13 94 3880
13 95 216
13 96 715
13 97 3047
13 98 2558
13 99 3972
13 100 1396
14 15 2471
14 16 3623
14 17 2484
14 18 3443
14 19 3190
14 20 1116
14 21 2760
14 22 3692
14 23 1884
14 24 3411
14 25 1255
14 26 3816
14 27 1047
14 28 1972
14 29 301
14 30 482
14 31 2839
14 32 2267
14 33 1361
14 34 598
14 35 1193
14 36 3223
14 37 955
14 38 3385
14 39 741
14 40 1727
14 41 344
14 42 2672
14 43 379
14 44 1410
14 45 2083
14 46 330
14 47 2296
14 48 288
14 49 2805
14 50 1248
14 51 1251
14 52 634
14 53 3382
14 54 1819
14 55 743
14 56 3009
14 57 1056
14 58 1679
14 59 2810
14 60 1568
14 61 1367
14 62 1420
14 63 2613
14 64 1648
14 65 3588
14 66 3643
14 67 1958
14 68 1014
14 69 1451
14 70 3763
14 71 268
14 72 2811
14 73 1274
14 74 2764
14 75 2987
14 76 1446
14 77 1507
14 78 649
14 79 3340
14 80 2886
14 81 1255
14 82 1415
14 83 726
14 84 3076
14 85 863
14 86 1126
14 87 1124
14 88 3577
14 89 2653
14 90 2985
14 91 2061
14 92 2629
14 93 1967
14 94 3701
14 95 1491
14 96 655
14 97 3123
14 98 1962
14 99 3496
14 100 268
15 16 1561
15 17 13
15 18 1219
15 19 1422
15 20 1356
15 21 402
15 22 1615
15 23 607
15 24 1106
15 25 1661
15 26 2198
15 27 1436
15 28 1125
15 29 2183
15 30 2432
15 31 1884
15 32 280
15 33 3191
15 34 1885
15 35 1326
15 36 831
15 37 2953
15 38 1043
15 39 2499
15 40 2144
15 41 2716
15 42 1667
15 43 2203
15 44 2332
15 45 391
15 46 2147
15 47 595
15 48 2701
15 49 1037
15 50 2305
15 51 1451
15 52 2800
15 53 1419
15 54 2212
15 55 1728
15 56 1703
15 57 1458
15 58 1285
15 59 370
15 60 903
15 61 1503
15 62 1052
15 63 903
15 64 2121
15 65 1915
15 66 1893
15 67 1425
15 68 2091
15 69 1889
15 70 1767
15 71 2678
15 72 538
15 73 2130
15 74 365
15 75 1386
15 76 3225
15 77 986
15 78 2779
15 79 1249
15 80 1846
15 81 1708
15 82 2820
15 83 1747
15 84 848
15 85 2146
15 86 1355
15 87 1492
15 88 1503
15 89 1820
15 90 1049
15 91 479
15 92 1240
15 93 1081
15 94 1555
15 95 3057
15 96 2725
15 97 1623
15 98 565
15 99 1058
15 100 2731
16 17 1552
16 18 399
16 19 523
16 20 2585
16 21 1162
16 22 70
16 23 1886
16 24 578
16 25 2452
16 26 840
16 27 2730
16 28 1675
16 29 3322
16 30 3404
16 31 1388
16 32 1563
16 33 3849
16 34 3036
16 35 2688
16 36 877
16 37 3761
16 38 674
16 39 3356
16 40 2499
16 41 3932
16 42 1334
16 43 3462
16 44 2862
16 45 1784
16 46 3343
16 47 1367
16 48 3779
16 49 820
16 50 2925
16 51 2381
16 52 3731
16 53 256
16 54 2504
16 55 2923
16 56 1021
16 57 2580
16 58 1978
16 59 1248
16 60 2226
16 61 2303
16 62 2365
16 63 1010
16 64 2528
16 65 631
16 66 534
16 67 1803
16 68 2869
16 69 2464
16 70 215
16 71 3874
16 72 1023
16 73 2757
16 74 1211
16 75 756
16 76 3846
16 77 2190
16 78 3699
16 79 316
16 80 1301
16 81 2476
16 82 3371
16 83 2934
16 84 715
16 85 2990
16 86 2657
16 87 2499
16 88 58
16 89 1495
16 90 640
16 91 1697
16 92 1075
16 93 1670
16 94 161
16 95 3611
16 96 3633
16 97 805
16 98 1781
16 99 951
16 100 3890
17 18 1209
17 19 1417
17 20 1369
17 21 393
17 22 1606
17 23 619
17 24 1095
17 25 1672
17 26 2193
17 27 1449
17 28 1133
17 29 2196
17 30 2445
17 31 1885
17 32 289
17 33 3202
17 34 1898
17 35 1339
17 36 819
17 37 2965
17 38 1031
17 39 2511
17 40 2153
17 41 2729
17 42 1668
17 43 2216
17 44 2342
17 45 404
17 46 2160
17 47 599
17 48 2714
17 49 1034
17 50 2316
17 51 1463
17 52 2813
17 53 1412
17 54 2221
17 55 1741
17 56 1701
17 57 1470
17 58 1295
17 59 358
17 60 916
17 61 1514
17 62 1065
17 63 902
17 64 2130
17 65 1910
17 66 1887
17 67 1432
17 68 2102
17 69 1899
17 70 1759
17 71 2691
17 72 530
17 73 2140
17 74 354
17 75 1384
17 76 3236
17 77 999
17 78 2792
17 79 1241
17 80 1847
17 81 1719
17 82 2831
17 83 1760
17 84 839
17 85 2158
17 86 1368
17 87 1504
17 88 1494
17 89 1822
17 90 1044
17 91 490
17 92 1241
17 93 1088
17 94 1546
17 95 3068
17 96 2737
17 97 1620
17 98 577
17 99 1045
17 100 2744
18 19 671
18 20 2365
18 21 818
18 22 432
18 23 1625
18 24 181
18 25 2341
18 26 1218
18 27 2496
18 28 1568
18 29 3143
18 30 3272
18 31 1549
18 32 1270
18 33 3808
18 34 2848
18 35 2433
18 36 479
18 37 3679
18 38 277
18 39 3254
18 40 2500
18 41 3737
18 42 1438
18 43 3249
18 44 2832
18 45 1491
18 46 3147
18 47 1148
18 48 3623
18 49 743
18 50 2874
18 51 2231
18 52 3616
18 53 433
18 54 2522
18 55 2720
18 56 1198
18 57 2388
18 58 1863
18 59 880
18 60 1970
18 61 2181
18 62 2116
18 63 883
18 64 2517
18 65 978
18 66 899
18 67 1754
18 68 2775
18 69 2408
18 70 612
18 71 3685
18 72 697
18 73 2699
18 74 857
18 75 854
18 76 3815
18 77 1963
18 78 3586
18 79 230
18 80 1469
18 81 2371
18 82 3349
18 83 2733
18 84 387
18 85 2883
18 86 2418
18 87 2334
18 88 346
18 89 1615
18 90 535
18 91 1433
18 92 1077
18 93 1552
18 94 342
18 95 3593
18 96 3522
18 97 997
18 98 1526
18 99 573
18 100 3712
19 20 2206
19 21 1075
19 22 588
19 23 1584
19 24 819
19 25 1982
19 26 780
19 27 2366
19 28 1219
19 29 2893
19 30 2937
19 31 889
19 32 1332
19 33 3337
19 34 2618
19 35 2351
19 36 1008
19 37 3265
19 38 896
19 39 2872
19 40 1980
19 41 3511
19 42 813
19 43 3063
19 44 2349
19 45 1536
19 46 2928
19 47 1046
19 48 3326
19 49 432
19 50 2419
19 51 1939
19 52 3253
19 53 280
19 54 1982
19 55 2520
19 56 530
19 57 2172
19 58 1518
19 59 1206
19 60 1902
19 61 1841
19 62 2028
19 63 631
19 64 2012
19 65 497
19 66 497
19 67 1306
19 68 2383
19 69 1963
19 70 592
19 71 3448
19 72 924
19 73 2255
19 74 1138
19 75 234
19 76 3331
19 77 1830
19 78 3219
19 79 441
19 80 806
19 81 2001
19 82 2855
19 83 2528
19 84 711
19 85 2511
19 86 2298
19 87 2068
19 88 507
19 89 980
19 90 376
19 91 1409
19 92 577
19 93 1223
19 94 667
19 95 3094
19 96 3152
19 97 326
19 98 1476
19 99 1210
19 100 3454
20 21 1648
20 22 2653
20 23 770
20 24 2316
20 25 730
20 26 2912
20 27 181
20 28 1058
20 29 827
20 30 1117
20 31 2086
20 32 1153
20 33 1997
20 34 530
20 35 293
20 36 2113
20 37 1688
20 38 2284
20 39 1244
20 40 1440
20 41 1381
20 42 1876
20 43 885
20 44 1387
20 45 967
20 46 798
20 47 1222
20 48 1346
20 49 1790
20 50 1282
20 51 502
20 52 1483
20 53 2359
20 54 1542
20 55 373
20 56 2149
20 57 204
20 58 844
20 59 1695
20 60 456
20 61 687
20 62 316
20 63 1589
20 64 1374
20 65 2655
20 66 2690
20 67 1188
20 68 977
20 69 1077
20 70 2746
20 71 1335
20 72 1708
20 73 1154
20 74 1649
20 75 2033
20 76 2052
20 77 402
20 78 1468
20 79 2286
20 80 2107
20 81 775
20 82 1748
20 83 391
20 84 1987
20 85 956
20 86 155
20 87 390
20 88 2535
20 89 1922
20 90 1946
20 91 951
20 92 1694
20 93 1033
20 94 2645
20 95 1949
20 96 1422
20 97 2211
20 98 853
20 99 2382
20 100 1379
21 22 1215
21 23 879
21 24 711
21 25 1810
21 26 1836
21 27 1754
21 28 1139
21 29 2464
21 30 2665
21 31 1671
21 32 497
21 33 3344
21 34 2164
21 35 1667
21 36 466
21 37 3146
21 38 657
21 39 2698
21 40 2179
21 41 3027
21 42 1474
21 43 2522
21 44 2427
21 45 705
21 46 2446
21 47 571
21 48 2971
21 49 745
21 50 2427
21 51 1638
21 52 3027
21 53 1035
21 54 2232
21 55 2019
21 56 1432
21 57 1714
21 58 1372
21 59 151
21 60 1216
21 61 1646
21 62 1366
21 63 674
21 64 2170
21 65 1556
21 66 1523
21 67 1416
21 68 2254
21 69 1979
21 70 1371
21 71 2983
21 72 152
21 73 2247
21 74 66
21 75 1084
21 76 3368
21 77 1253
21 78 3003
21 79 853
21 80 1619
21 81 1852
21 82 2935
21 83 2035
21 84 448
21 85 2332
21 86 1674
21 87 1709
21 88 1104
21 89 1644
21 90 700
21 91 699
21 92 1027
21 93 1102
21 94 1153
21 95 3178
21 96 2944
21 97 1317
21 98 798
21 99 738
21 100 3025
22 23 1951
22 24 605
22 25 2523
22 26 842
22 27 2798
22 28 1745
22 29 3392
22 30 3474
22 31 1443
22 32 1624
22 33 3917
22 34 3105
22 35 2754
22 36 911
22 37 3831
22 38 700
22 39 3426
22 40 2565
22 41 4001
22 42 1395
22 43 3531
22 44 2930
22 45 1845
22 46 3412
22 47 1434
22 48 3849
22 49 890
22 50 2994
22 51 2451
22 52 3802
22 53 325
22 54 2570
22 55 2991
22 56 1076
22 57 2649
22 58 2048
22 59 1296
22 60 2292
22 61 2373
22 62 2432
22 63 1080
22 64 2595
22 65 652
22 66 549
22 67 1872
22 68 2939
22 69 2533
22 70 186
22 71 3943
22 72 1079
22 73 2826
22 74 1262
22 75 821
22 76 3914
22 77 2257
22 78 3769
22 79 377
22 80 1356
22 81 2546
22 82 3438
22 83 3003
22 84 768
22 85 3060
22 86 2724
22 87 2569
22 88 119
22 89 1554
22 90 709
22 91 1761
22 92 1144
22 93 1741
22 94 134
22 95 3678
22 96 3703
22 97 860
22 98 1846
22 99 964
22 100 3960
23 24 1560
23 25 1083
23 26 2345
23 27 878
23 28 749
23 29 1591
23 30 1826
23 31 1740
23 32 383
23 33 2597
23 34 1291
23 35 808
23 36 1345
23 37 2348
23 38 1522
23 39 1894
23 40 1648
23 41 2148
23 42 1511
23 43 1644
23 44 1778
23 45 221
23 46 1567
23 47 538
23 48 2104
23 49 1152
23 50 1734
23 51 857
23 52 2193
23 53 1683
23 54 1729
23 55 1141
23 56 1677
23 57 853
23 58 785
23 59 927
23 60 345
23 61 934
23 62 493
23 63 956
23 64 1611
23 65 2069
23 66 2081
23 67 1030
23 68 1499
23 69 1350
23 70 2067
23 71 2104
23 72 947
23 73 1564
23 74 880
23 75 1459
23 76 2634
23 77 382
23 78 2172
23 79 1575
23 80 1729
23 81 1133
23 82 2247
23 83 1159
23 84 1240
23 85 1545
23 86 799
23 87 887
23 88 1832
23 89 1622
23 90 1267
23 91 192
23 92 1181
23 93 702
23 94 1926
23 95 2478
23 96 2118
23 97 1674
23 98 108
23 99 1612
23 100 2148
24 25 2348
24 26 1399
24 27 2438
24 28 1588
24 29 3111
24 30 3264
24 31 1677
24 32 1191
24 33 3841
24 34 2813
24 35 2364
24 36 313
24 37 3694
24 38 96
24 39 3260
24 40 2558
24 41 3695
24 42 1549
24 43 3199
24 44 2874
24 45 1408
24 46 3107
24 47 1120
24 48 3601
24 49 811
24 50 2906
24 51 2221
24 52 3614
24 53 604
24 54 2587
24 55 2679
24 56 1337
24 57 2355
24 58 1875
24 59 749
24 60 1905
24 61 2186
24 62 2053
24 63 918
24 64 2570
24 65 1156
24 66 1080
24 67 1799
24 68 2789
24 69 2441
24 70 788
24 71 3646
24 72 614
24 73 2729
24 74 741
24 75 979
24 76 3852
24 77 1914
24 78 3586
24 79 386
24 80 1600
24 81 2382
24 82 3392
24 83 2693
24 84 339
24 85 2889
24 86 2359
24 87 2316
24 88 526
24 89 1729
24 90 612
24 91 1371
24 92 1159
24 93 1568
24 94 501
24 95 3637
24 96 3523
24 97 1144
24 98 1467
24 99 397
24 100 3679
25 26 2567
25 27 885
25 28 779
25 29 980
25 30 955
25 31 1588
25 32 1391
25 33 1537
25 34 774
25 35 1023
25 36 2232
25 37 1347
25 38 2346
25 39 914
25 40 711
25 41 1594
25 42 1417
25 43 1242
25 44 708
25 45 1300
25 46 1062
25 47 1254
25 48 1352
25 49 1636
25 50 651
25 51 254
25 52 1280
25 53 2201
25 54 813
25 55 771
25 56 1757
25 57 536
25 58 478
25 59 1909
25 60 964
25 61 165
25 62 909
25 63 1463
25 64 644
25 65 2348
25 66 2410
25 67 706
25 68 445
25 69 347
25 70 2569
25 71 1522
25 72 1809
25 73 484
25 74 1838
25 75 1765
25 76 1566
25 77 781
25 78 1249
25 79 2198
25 80 1632
25 81 51
25 82 1164
25 83 764
25 84 2011
25 85 542
25 86 884
25 87 340
25 88 2413
25 89 1404
25 90 1834
25 91 1182
25 92 1408
25 93 790
25 94 2552
25 95 1397
25 96 1184
25 97 1881
25 98 1099
25 99 2528
25 100 1506
26 27 3081
26 28 1869
26 29 3529
26 30 3505
26 31 1079
26 32 2111
26 33 3739
26 34 3273
26 35 3085
26 36 1670
26 37 3741
26 38 1494
26 39 3396
26 40 2373
26 41 4150
26 42 1173
26 43 3735
26 44 2776
26 45 2312
26 46 3583
26 47 1812
26 48 3916
26 49 1202
26 50 2879
26 51 2579
26 52 3784
26 53 825
26 54 2344
26 55 3195
26 56 813
26 57 2849
26 58 2144
26 59 1956
26 60 2650
26 61 2449
26 62 2766
26 63 1391
26 64 2426
26 65 283
26 66 323
26 67 1861
26 68 2916
26 69 2463
26 70 669
26 71 4081
26 72 1685
26 73 2738
26 74 1897
26 75 890
26 76 3716
26 77 2558
26 78 3748
26 79 1043
26 80 1003
26 81 2575
26 82 3240
26 83 3201
26 84 1427
26 85 3059
26 86 3019
26 87 2719
26 88 882
26 89 1256
26 90 1149
26 91 2177
26 92 1218
26 93 1887
26 94 976
26 95 3462
26 96 3679
26 97 702
26 98 2238
26 99 1786
26 100 4072
27 28 1235
27 29 778
27 30 1125
27 31 2266
27 32 1258
27 33 2047
27 34 504
27 35 178
27 36 2220
27 37 1714
27 38 2400
27 39 1284
27 40 1595
27 41 1280
27 42 2055
27 43 769
27 44 1510
27 45 1057
27 46 718
27 47 1364
27 48 1299
27 49 1945
27 50 1394
27 51 671
27 52 1482
27 53 2510
27 54 1697
27 55 335
27 56 2324
27 57 350
27 58 1025
27 59 1788
27 60 539
27 61 857
27 62 388
27 63 1744
27 64 1526
27 65 2821
27 66 2853
27 67 1369
27 68 1079
27 69 1230
27 70 2897
27 71 1242
27 72 1825
27 73 1280
27 74 1750
27 75 2199
27 76 2108
27 77 541
27 78 1472
27 79 2428
27 80 2286
27 81 927
27 82 1837
27 83 358
27 84 2114
27 85 1036
27 86 81
27 87 547
27 88 2680
27 89 2102
27 90 2095
27 91 1067
27 92 1864
27 93 1208
27 94 2785
27 95 2025
27 96 1432
27 97 2381
27 98 971
27 99 2480
27 100 1300
28 29 1677
28 30 1729
28 31 1050
28 32 851
28 33 2254
28 34 1409
28 35 1273
28 36 1508
28 37 2112
28 38 1595
28 39 1690
28 40 1042
28 41 2297
28 42 829
28 43 1866
28 44 1301
28 45 885
28 46 1720
28 47 571
28 48 2109
28 49 857
28 50 1320
28 51 722
28 52 2059
28 53 1426
28 54 1099
28 55 1326
28 56 1091
28 57 980
28 58 303
28 59 1265
28 60 911
28 61 628
28 62 982
28 63 686
28 64 1032
28 65 1625
28 66 1673
28 67 301
28 68 1208
28 69 859
28 70 1799
28 71 2232
28 72 1099
28 73 1142
28 74 1182
28 75 1015
28 76 2267
28 77 760
28 78 2028
28 79 1420
28 80 1060
28 81 806
28 82 1816
28 83 1332
28 84 1257
28 85 1320
28 86 1182
28 87 855
28 88 1635
28 89 905
28 90 1055
28 91 710
28 92 660
28 93 48
28 94 1773
28 95 2061
28 96 1963
28 97 1168
28 98 684
28 99 1808
28 100 2236
29 30 441
29 31 2568
29 32 1973
29 33 1409
29 34 301
29 35 938
29 36 2926
29 37 1025
29 38 3086
29 39 684
29 40 1517
29 41 621
29 42 2394
29 43 338
29 44 1244
29 45 1794
29 46 148
29 47 1995
29 48 522
29 49 2506
29 50 1086
29 51 955
29 52 743
29 53 3082
29 54 1614
29 55 456
29 56 2724
29 57 756
29 58 1387
29 59 2518
29 60 1283
29 61 1081
29 62 1138
29 63 2312
29 64 1437
29 65 3296
29 66 3349
29 67 1676
29 68 808
29 69 1211
29 70 3464
29 71 555
29 72 2513
29 73 1075
29 74 2470
29 75 2692
29 76 1486
29 77 1212
29 78 742
29 79 3039
29 80 2612
29 81 986
29 82 1355
29 83 436
29 84 2775
29 85 670
29 86 854
29 87 826
29 88 3277
29 89 2384
29 90 2684
29 91 1766
29 92 2335
29 93 1670
29 94 3401
29 95 1477
29 96 720
29 97 2833
29 98 1666
29 99 3201
29 100 569
30 31 2482
30 32 2194
30 33 970
30 34 625
30 35 1300
30 36 3114
30 37 598
30 38 3251
30 39 261
30 40 1291
30 41 794
30 42 2338
30 43 755
30 44 944
30 45 2042
30 46 586
30 47 2147
30 48 427
30 49 2585
30 50 784
30 51 1043
30 52 369
30 53 3154
30 54 1376
30 55 791
30 56 2692
30 57 978
30 58 1426
30 59 2740
30 60 1561
30 61 1101
30 62 1431
30 63 2405
30 64 1213
30 65 3295
30 66 3361
30 67 1650
30 68 602
30 69 1062
30 70 3524
30 71 711
30 72 2691
30 73 839
30 74 2681
30 75 2720
30 76 1046
30 77 1447
30 78 352
30 79 3142
30 80 2538
30 81 938
30 82 942
30 83 768
30 84 2925
30 85 451
30 86 1190
30 87 957
30 88 3363
30 89 2295
30 90 2779
30 91 1979
30 92 2363
30 93 1734
30 94 3499
30 95 1043
30 96 307
30 97 2829
30 98 1882
30 99 3401
30 100 644
31 32 1675
31 33 2660
31 34 2345
31 35 2318
31 36 1794
31 37 2673
31 38 1740
31 39 2349
31 40 1298
31 41 3180
31 42 229
31 43 2816
31 44 1703
31 45 1806
31 46 2645
31 47 1314
31 48 2904
31 49 949
31 50 1814
31 51 1662
31 52 2737
31 53 1165
31 54 1265
31 55 2300
31 56 367
31 57 1973
31 58 1246
31 59 1822
31 60 1956
31 61 1501
31 62 2032
31 63 1001
31 64 1354
31 65 951
31 66 1053
31 67 910
31 68 1883
31 69 1423
31 70 1381
31 71 3106
31 72 1546
31 73 1682
31 74 1736
31 75 697
31 76 2637
31 77 1810
31 78 2699
31 79 1321
31 80 87
31 81 1584
31 82 2162
31 83 2300
31 84 1472
31 85 2032
31 86 2220
31 87 1808
31 88 1383
31 89 188
31 90 1092
31 91 1632
31 92 649
31 93 1087
31 94 1543
31 95 2384
31 96 2631
31 97 583
31 98 1649
31 99 2044
31 100 3082
32 33 2925
32 34 1673
32 35 1174
32 36 963
32 37 2699
32 38 1146
32 39 2246
32 40 1864
32 41 2531
32 42 1452
32 43 2026
32 44 2055
32 45 222
32 46 1951
32 47 361
32 48 2484
32 49 913
32 50 2031
32 51 1190
32 52 2560
32 53 1383
32 54 1933
32 55 1525
32 56 1534
32 57 1229
32 58 1005
32 59 547
32 60 719
32 61 1230
32 62 870
32 63 743
32 64 1841
32 65 1829
32 66 1823
32 67 1152
32 68 1825
32 69 1611
32 70 1756
32 71 2488
32 72 577
32 73 1855
32 74 496
32 75 1253
32 76 2956
32 77 762
32 78 2537
32 79 1248
32 80 1646
32 81 1437
32 82 2546
32 83 1542
32 84 883
32 85 1888
32 86 1177
32 87 1243
32 88 1507
32 89 1594
32 90 979
32 91 215
32 92 1049
32 93 805
32 94 1586
32 95 2784
32 96 2481
32 97 1485
32 98 312
32 99 1229
32 100 2532
33 34 1572
33 35 2226
33 36 3753
33 37 408
33 38 3849
33 39 764
33 40 1372
33 41 1552
33 42 2591
33 43 1703
33 44 988
33 45 2817
33 46 1551
33 47 2781
33 48 1127
33 49 3071
33 50 935
33 51 1741
33 52 733
33 53 3593
33 54 1395
33 55 1727
33 56 2961
33 57 1819
33 58 1980
33 59 3446
33 60 2398
33 61 1700
33 62 2292
33 63 2927
33 64 1330
33 65 3587
33 66 3675
33 67 2056
33 68 1100
33 69 1400
33 70 3924
33 71 1481
33 72 3334
33 73 1112
33 74 3374
33 75 3104
33 76 92
33 77 2246
33 78 713
33 79 3637
33 80 2737
33 81 1493
33 82 499
33 83 1704
33 84 3511
33 85 1058
33 86 2101
33 87 1720
33 88 3819
33 89 2485
33 90 3279
33 91 2714
33 92 2774
33 93 2278
33 94 3971
33 95 311
33 96 708
33 97 3143
33 98 2626
33 99 4052
33 100 1367
34 35 676
34 36 2626
34 37 1220
34 38 2787
34 39 809
34 40 1401
34 41 896
34 42 2159
34 43 471
34 44 1200
34 45 1495
34 46 311
34 47 1700
34 48 816
34 49 2222
34 50 1056
34 51 695
34 52 978
34 53 2799
34 54 1504
34 55 169
34 56 2476
34 57 460
34 58 1129
34 59 2218
34 60 986
34 61 844
34 62 844
34 63 2027
34 64 1323
34 65 3033
34 66 3082
34 67 1439
34 68 742
34 69 1061
34 70 3183
34 71 839
34 72 2213
34 73 995
34 74 2169
34 75 2423
34 76 1639
34 77 912
34 78 969
34 79 2749
34 80 2382
34 81 793
34 82 1424
34 83 146
34 84 2478
34 85 644
34 86 574
34 87 555
34 88 2989
34 89 2165
34 90 2396
34 91 1465
34 92 2068
34 93 1398
34 94 3110
34 95 1585
34 96 931
34 97 2573
34 98 1366
34 99 2901
34 100 866
35 36 2131
35 37 1891
35 38 2320
35 39 1462
35 40 1733
35 41 1400
35 42 2101
35 43 885
35 44 1672
35 45 962
35 46 863
35 47 1324
35 48 1455
35 49 1924
35 50 1561
35 51 791
35 52 1654
35 53 2477
35 54 1835
35 55 509
35 56 2349
35 57 493
35 58 1097
35 59 1687
35 60 464
35 61 974
35 62 325
35 63 1722
35 64 1667
35 65 2819
35 66 2844
35 67 1440
35 68 1249
35 69 1370
35 70 2864
35 71 1370
35 72 1750
35 73 1440
35 74 1656
35 75 2197
35 76 2287
35 77 528
35 78 1645
35 79 2380
35 80 2332
35 81 1068
35 82 2011
35 83 532
35 84 2047
35 85 1211
35 86 141
35 87 683
35 88 2636
35 89 2162
35 90 2060
35 91 1000
35 92 1875
35 93 1241
35 94 2733
35 95 2202
35 96 1607
35 97 2391
35 98 910
35 99 2380
35 100 1437
36 37 3576
36 38 228
36 39 3133
36 40 2526
36 41 3493
36 42 1635
36 43 2988
36 44 2809
36 45 1169
36 46 2910
36 47 978
36 48 3429
36 49 858
36 50 2825
36 51 2077
36 52 3472
36 53 849
36 54 2566
36 55 2482
36 56 1485
36 57 2173
36 58 1773
36 59 462
36 60 1682
36 61 2067
36 62 1832
36 63 898
36 64 2527
36 65 1412
36 66 1347
36 67 1755
36 68 2676
36 69 2366
36 70 1090
36 71 3448
36 72 424
36 73 2645
36 74 476
36 75 1115
36 76 3771
36 77 1716
36 78 3446
36 79 628
36 80 1725
36 81 2270
36 82 3324
36 83 2499
36 84 322
36 85 2764
36 86 2140
36 87 2157
36 88 822
36 89 1815
36 90 703
36 91 1162
36 92 1206
36 93 1480
36 94 813
36 95 3569
36 96 3386
36 97 1316
36 98 1261
36 99 300
36 100 3489
37 38 3692
37 39 454
37 40 1381
37 41 1148
37 42 2572
37 43 1304
37 44 975
37 45 2569
37 46 1162
37 47 2599
37 48 720
37 49 2959
37 50 862
37 51 1511
37 52 326
37 53 3506
37 54 1433
37 55 1383
37 56 2941
37 57 1527
37 58 1819
37 59 3235
37 60 2115
37 61 1510
37 62 1995
37 63 2797
37 64 1321
37 65 3564
37 66 3643
37 67 1960
37 68 905
37 69 1302
37 70 3857
37 71 1076
37 72 3153
37 73 1013
37 74 3169
37 75 3036
37 76 496
37 77 1980
37 78 306
37 79 3526
37 80 2743
37 81 1311
37 82 646
37 83 1360
37 84 3357
37 85 814
37 86 1775
37 87 1461
37 88 3727
37 89 2490
37 90 3162
37 91 2484
37 92 2690
37 93 2128
37 94 3873
37 95 603
37 96 308
37 97 3106
37 98 2391
37 99 3872
37 100 963
38 39 3255
38 40 2582
38 41 3664
38 42 1603
38 43 3165
38 44 2888
38 45 1360
38 46 3078
38 47 1105
38 48 3581
38 49 849
38 50 2915
38 51 2209
38 52 3605
38 53 692
38 54 2614
38 55 2649
38 56 1407
38 57 2330
38 58 1876
38 59 679
38 60 1864
38 61 2182
38 62 2014
38 63 938
38 64 2590
38 65 1248
38 66 1173
38 67 1818
38 68 2788
38 69 2452
38 70 884
38 71 3617
38 72 576
38 73 2737
38 74 680
38 75 1044
38 76 3862
38 77 1883
38 78 3577
38 79 472
38 80 1665
38 81 2381
38 82 3406
38 83 2665
38 84 339
38 85 2884
38 86 2321
38 87 2299
38 88 622
38 89 1783
38 90 660
38 91 1334
38 92 1201
38 93 1572
38 94 594
38 95 3651
38 96 3515
38 97 1219
38 98 1432
38 99 313
38 100 3652
39 40 1105
39 41 1038
39 42 2223
39 43 1010
39 44 727
39 45 2114
39 46 832
39 47 2157
39 48 635
39 49 2545
39 50 574
39 51 1061
39 52 389
39 53 3103
39 54 1180
39 55 963
39 56 2586
39 57 1076
39 58 1391
39 59 2785
39 60 1663
39 61 1074
39 62 1547
39 63 2375
39 64 1031
39 65 3201
39 66 3273
39 67 1568
39 68 489
39 69 933
39 70 3463
39 71 955
39 72 2709
39 73 670
39 74 2719
39 75 2648
39 76 830
39 77 1526
39 78 352
39 79 3109
39 80 2411
39 81 884
39 82 681
39 83 940
39 84 2923
39 85 372
39 86 1340
39 87 1007
39 88 3319
39 89 2162
39 90 2745
39 91 2031
39 92 2295
39 93 1702
39 94 3461
39 95 794
39 96 284
39 97 2737
39 98 1938
39 99 3427
39 100 875
40 41 2066
40 42 1220
40 43 1833
40 44 407
40 45 1841
40 46 1637
40 47 1613
40 48 1716
40 49 1758
40 50 536
40 51 949
40 52 1481
40 53 2245
40 54 104
40 55 1443
40 56 1589
40 57 1246
40 58 868
40 59 2307
40 60 1621
40 61 780
40 62 1594
40 63 1644
40 64 80
40 65 2215
40 66 2303
40 67 771
40 68 715
40 69 364
40 70 2561
40 71 1985
40 72 2131
40 73 455
40 74 2223
40 75 1746
40 76 1358
40 77 1430
40 78 1442
40 79 2311
40 80 1371
40 81 667
40 82 879
40 83 1432
40 84 2246
40 85 864
40 86 1595
40 87 1051
40 88 2473
40 89 1118
40 90 1965
40 91 1686
40 92 1434
40 93 1081
40 94 2630
40 95 1115
40 96 1375
40 97 1773
40 98 1627
40 99 2823
40 100 1931
41 42 3011
41 43 515
41 44 1736
41 45 2336
41 46 590
41 47 2589
41 48 433
41 49 3118
41 50 1575
41 51 1576
41 52 826
41 53 3695
41 54 2156
41 55 1017
41 56 3345
41 57 1353
41 58 2008
41 59 3067
41 60 1817
41 61 1701
41 62 1666
41 63 2923
41 64 1986
41 65 3918
41 66 3970
41 67 2295
41 68 1354
41 69 1794
41 70 4079
41 71 83
41 72 3088
41 73 1611
41 74 3026
41 75 3312
41 76 1642
41 77 1781
41 78 854
41 79 3644
41 80 3227
41 81 1596
41 82 1688
41 83 1004
41 84 3363
41 85 1202
41 86 1361
41 87 1443
41 88 3885
41 89 2995
41 90 3292
41 91 2332
41 92 2956
41 93 2289
41 94 4005
41 95 1729
41 96 884
41 97 3454
41 98 2233
41 99 3758
41 100 185
42 43 2629
42 44 1614
42 45 1578
42 46 2463
42 47 1090
42 48 2754
42 49 777
42 50 1710
42 51 1469
42 52 2611
42 53 1093
42 54 1205
42 55 2105
42 56 370
42 57 1772
42 58 1044
42 59 1625
42 60 1730
42 61 1317
42 62 1810
42 63 800
42 64 1265
42 65 996
42 66 1084
42 67 720
42 68 1745
42 69 1290
42 70 1362
42 71 2939
42 72 1356
42 73 1565
42 74 1537
42 75 591
42 76 2576
42 77 1589
42 78 2575
42 79 1218
42 80 231
42 81 1419
42 82 2097
42 83 2107
42 84 1314
42 85 1889
42 86 2006
42 87 1615
42 88 1320
42 89 180
42 90 945
42 91 1404
42 92 447
42 93 864
42 94 1481
42 95 2329
42 96 2506
42 97 558
42 98 1420
42 99 1899
42 100 2921
43 44 1578
43 45 1826
43 46 198
43 47 2105
43 48 667
43 49 2657
43 50 1421
43 51 1162
43 52 994
43 53 3231
43 54 1932
43 55 543
43 56 2943
43 57 891
43 58 1595
43 59 2557
43 60 1308
43 61 1315
43 62 1157
43 63 2458
43 64 1753
43 65 3491
43 66 3535
43 67 1910
43 68 1134
43 69 1510
43 70 3618
43 71 490
43 72 2589
43 73 1400
43 74 2519
43 75 2875
43 76 1785
43 77 1286
43 78 1004
43 79 3167
43 80 2853
43 81 1258
43 82 1687
43 83 536
43 84 2871
43 85 1002
43 86 850
43 87 1018
43 88 3413
43 89 2636
43 90 2822
43 91 1831
43 92 2524
43 93 1852
43 94 3527
43 95 1797
43 96 997
43 97 3033
43 98 1733
43 99 3249
43 100 572
44 45 1990
44 46 1380
44 47 1856
44 48 1357
44 49 2091
44 50 162
44 51 960
44 52 1089
44 53 2606
44 54 463
44 55 1285
44 56 1984
44 57 1183
44 58 1058
44 59 2542
44 60 1671
44 61 845
44 62 1608
44 63 1956
44 64 350
44 65 2610
44 66 2695
44 67 1077
44 68 458
44 69 448
44 70 2936
44 71 1654
44 72 2399
44 73 233
44 74 2464
44 75 2116
44 76 985
44 77 1489
44 78 1049
44 79 2655
44 80 1774
44 81 657
44 82 518
44 83 1268
44 84 2550
44 85 576
44 86 1531
44 87 1011
44 88 2833
44 89 1521
44 90 2299
44 91 1856
44 92 1788
44 93 1331
44 94 2986
44 95 763
44 96 985
44 97 2161
44 98 1781
44 99 3109
44 100 1587
45 46 1762
45 47 515
45 48 2310
45 49 1110
45 50 1950
45 51 1077
45 52 2410
45 53 1600
45 54 1918
45 55 1340
45 56 1699
45 57 1066
45 58 973
45 59 731
45 60 519
45 61 1148
45 62 669
45 63 928
45 64 1808
45 65 2031
45 66 2030
45 67 1181
45 68 1719
45 69 1556
45 70 1976
45 71 2295
45 72 797
45 73 1778
45 74 695
45 75 1441
45 76 2854
45 77 596
45 78 2390
45 79 1469
45 80 1786
45 81 1349
45 82 2463
45 83 1359
45 84 1104
45 85 1766
45 86 976
45 87 1108
45 88 1728
45 89 1707
45 90 1192
45 91 179
45 92 1205
45 93 838
45 94 1808
45 95 2696
45 96 2336
45 97 1668
45 98 214
45 99 1423
45 100 2345
46 47 1999
46 48 599
46 49 2531
46 50 1223
46 51 1004
46 52 868
46 53 3107
46 54 1736
46 55 429
46 56 2785
46 57 763
46 58 1439
46 59 2491
46 60 1244
46 61 1147
46 62 1095
46 63 2335
46 64 1556
46 65 3344
46 66 3393
46 67 1743
46 68 936
46 69 1318
46 70 3492
46 71 539
46 72 2503
46 73 1202
46 74 2447
46 75 2734
46 76 1629
46 77 1195
46 78 872
46 79 3054
46 80 2685
46 81 1074
46 82 1504
46 83 414
46 84 2774
46 85 804
46 86 798
46 87 865
46 88 3296
46 89 2463
46 90 2703
46 91 1748
46 92 2380
46 93 1709
46 94 3415
46 95 1625
46 96 855
46 97 2884
46 98 1649
46 99 3179
46 100 584
47 48 2482
47 49 614
47 50 1858
47 51 1105
47 52 2501
47 53 1153
47 54 1670
47 55 1573
47 56 1185
47 57 1240
47 58 803
47 59 694
47 60 865
47 61 1090
47 62 1000
47 63 421
47 64 1601
47 65 1534
47 66 1543
47 67 859
47 68 1699
47 69 1408
47 70 1539
47 71 2536
47 72 555
47 73 1678
47 74 611
47 75 931
47 76 2802
47 77 824
47 78 2474
47 79 1064
47 80 1286
47 81 1293
47 82 2365
47 83 1586
47 84 782
47 85 1787
47 86 1290
47 87 1196
47 88 1316
47 89 1235
47 90 736
47 91 366
47 92 693
47 93 533
47 94 1423
47 95 2609
47 96 2412
47 97 1155
47 98 430
47 99 1274
47 100 2564
48 49 2958
48 50 1199
48 51 1399
48 52 396
48 53 3533
48 54 1799
48 55 977
48 56 3104
48 57 1256
48 58 1809
48 59 3030
48 60 1802
48 61 1486
48 62 1659
48 63 2772
48 64 1639
48 65 3700
48 66 3762
48 67 2056
48 68 1028
48 69 1486
48 70 3908
48 71 357
48 72 3012
48 73 1265
48 74 2979
48 75 3114
48 76 1216
48 77 1723
48 78 422
48 79 3506
48 80 2958
48 81 1341
48 82 1261
48 83 957
48 84 3264
48 85 876
48 86 1376
48 87 1288
48 88 3736
48 89 2717
48 90 3146
48 91 2274
48 92 2756
48 93 2110
48 94 3866
48 95 1296
48 96 452
48 97 3233
48 98 2174
48 99 3709
48 100 252
49 50 2139
49 51 1561
49 52 2916
49 53 577
49 54 1781
49 55 2115
49 56 687
49 57 1769
49 58 1159
49 59 892
49 60 1472
49 61 1484
49 62 1600
49 63 202
49 64 1775
49 65 922
49 66 929
49 67 1015
49 68 2059
49 69 1673
49 70 961
49 71 3058
49 72 608
49 73 1966
49 74 811
49 75 349
49 76 3076
49 77 1407
49 78 2885
49 79 568
49 80 888
49 81 1662
49 82 2608
49 83 2125
49 84 539
49 85 2176
49 86 1876
49 87 1681
49 88 779
49 89 957
49 90 208
49 91 978
49 92 352
49 93 851
49 94 917
49 95 2852
49 96 2819
49 97 586
49 98 1044
49 99 1131
49 100 3072
50 51 891
50 52 945
50 53 2669
50 54 607
50 55 1151
50 56 2079
50 57 1079
50 58 1055
50 59 2535
50 60 1598
50 61 803
50 62 1523
50 63 1993
50 64 467
50 65 2703
50 66 2784
50 67 1125
50 68 320
50 69 466
50 70 3010
50 71 1493
50 72 2408
50 73 180
50 74 2460
50 75 2188
50 76 947
50 77 1422
50 78 906
50 79 2706
50 80 1882
50 81 601
50 82 515
50 83 1133
50 84 2577
50 85 421
50 86 1421
50 87 922
50 88 2893
50 89 1629
50 90 2346
50 91 1827
50 92 1850
50 93 1346
50 94 3044
50 95 753
50 96 840
50 97 2247
50 98 1746
50 99 3124
50 100 1427
51 52 1396
51 53 2136
51 54 1049
51 55 638
51 56 1782
51 57 330
51 58 435
51 59 1725
51 60 711
51 61 186
51 62 656
51 63 1373
51 64 887
51 65 2342
51 66 2394
51 67 752
51 68 642
51 69 591
51 70 2515
51 71 1511
51 72 1653
51 73 732
51 74 1659
51 75 1737
51 76 1777
51 77 532
51 78 1370
51 79 2108
51 80 1695
51 81 305
51 82 1398
51 83 638
51 84 1882
51 85 698
51 86 657
51 87 146
51 88 2337
51 89 1486
51 90 1747
51 91 976
51 92 1380
51 93 716
51 94 2468
51 95 1625
51 96 1309
51 97 1880
51 98 886
51 99 2368
51 100 1515
52 53 3479
52 54 1550
52 55 1147
52 56 2974
52 57 1346
52 58 1758
52 59 3104
52 60 1929
52 61 1435
52 62 1798
52 63 2742
52 64 1410
52 65 3588
52 66 3660
52 67 1951
52 68 873
52 69 1321
52 70 3843
52 71 752
52 72 3049
52 73 1056
52 74 3044
52 75 3030
52 76 822
52 77 1815
52 78 40
52 79 3478
52 80 2800
52 81 1255
52 82 895
52 83 1124
52 84 3276
52 85 742
52 86 1550
52 87 1319
52 88 3693
52 89 2550
52 90 3114
52 91 2345
52 92 2676
52 93 2069
52 94 3833
52 95 906
52 96 106
52 97 3123
52 98 2248
52 99 3762
52 100 642
53 54 2251
53 55 2690
53 56 802
53 57 2345
53 58 1728
53 59 1143
53 60 2018
53 61 2053
53 62 2153
53 63 773
53 64 2273
53 65 562
53 66 502
53 67 1547
53 68 2615
53 69 2209
53 70 388
53 71 3635
53 72 886
53 73 2501
53 74 1091
53 75 506
53 76 3591
53 77 1969
53 78 3447
53 79 223
53 80 1081
53 81 2224
53 82 3116
53 83 2700
53 84 606
53 85 2738
53 86 2438
53 87 2258
53 88 230
53 89 1259
53 90 417
53 91 1497
53 92 820
53 93 1423
53 94 389
53 95 3356
53 96 3380
53 97 589
53 98 1576
53 99 1001
53 100 3648
54 55 1547
54 56 1572
54 57 1348
54 58 945
54 59 2362
54 60 1714
54 61 877
54 62 1691
54 63 1677
54 64 181
54 65 2196
54 66 2287
54 67 817
54 68 809
54 69 467
54 70 2557
54 71 2074
54 72 2177
54 73 545
54 74 2278
54 75 1749
54 76 1374
54 77 1523
54 78 1510
54 79 2328
54 80 1341
54 81 770
54 82 897
54 83 1535
54 84 2280
54 85 957
54 86 1697
54 87 1153
54 88 2481
54 89 1090
54 90 1987
54 91 1760
54 92 1449
54 93 1140
54 94 2638
54 95 1125
54 96 1445
54 97 1762
54 98 1704
54 99 2862
54 100 2018
55 56 2409
55 57 348
55 58 1063
55 59 2067
55 60 827
55 61 808
55 62 681
55 63 1917
55 64 1367
55 65 2949
55 66 2992
55 67 1390
55 68 831
55 69 1089
55 70 3076
55 71 967
55 72 2074
55 73 1067
55 74 2021
55 75 2332
55 76 1791
55 77 767
55 78 1137
55 79 2630
55 80 2332
55 81 800
55 82 1552
55 83 23
55 84 2346
55 85 756
55 86 405
55 87 492
55 88 2875
55 89 2124
55 90 2282
55 91 1320
55 92 1982
55 93 1310
55 94 2991
55 95 1725
55 96 1098
55 97 2493
55 98 1221
55 99 2753
55 100 1007
56 57 2067
56 58 1348
56 59 1579
56 60 1942
56 61 1644
56 62 2041
56 63 801
56 64 1635
56 65 626
56 66 716
56 67 1051
56 68 2104
56 69 1653
56 70 1018
56 71 3275
56 72 1294
56 73 1932
56 74 1498
56 75 370
56 76 2945
56 77 1824
56 78 2938
56 79 969
56 80 281
56 81 1764
56 82 2466
56 83 2412
56 84 1167
56 85 2246
56 86 2268
56 87 1924
56 88 1017
56 89 495
56 90 786
56 91 1538
56 92 497
56 93 1116
56 94 1176
56 95 2696
56 96 2869
56 97 216
56 98 1576
56 99 1717
56 100 3263
57 58 728
57 59 1776
57 60 588
57 61 515
57 62 473
57 63 1572
57 64 1178
57 65 2602
57 66 2644
57 67 1064
57 68 777
57 69 882
57 70 2730
57 71 1298
57 72 1758
57 73 951
57 74 1723
57 75 1985
57 76 1870
57 77 471
57 78 1327
57 79 2291
57 80 2001
57 81 579
57 82 1551
57 83 356
57 84 2019
57 85 767
57 86 352
57 87 198
57 88 2533
57 89 1802
57 90 1940
57 91 1018
57 92 1635
57 93 963
57 94 2652
57 95 1757
57 96 1276
57 97 2147
57 98 919
57 99 2452
57 100 1324
58 59 1485
58 60 826
58 61 325
58 62 851
58 63 985
58 64 838
58 65 1909
58 66 1963
58 67 345
58 68 914
58 69 610
58 70 2101
58 71 1942
58 72 1355
58 73 875
58 74 1407
58 75 1309
58 76 2000
58 77 643
58 78 1727
58 79 1720
58 80 1273
58 81 508
58 82 1563
58 83 1066
58 84 1540
58 85 1021
58 86 985
58 87 576
58 88 1937
58 89 1079
58 90 1356
58 91 820
58 92 951
58 93 311
58 94 2075
58 95 1806
58 96 1662
58 97 1446
58 98 759
58 99 2072
58 100 1941
59 60 1250
59 61 1746
59 62 1400
59 63 825
59 64 2295
59 65 1678
59 66 1639
59 67 1549
59 68 2351
59 69 2095
59 70 1460
59 71 3026
59 72 288
59 73 2356
59 74 89
59 75 1227
59 76 3473
59 77 1308
59 78 3081
59 79 948
59 80 1770
59 81 1953
59 82 3046
59 83 2085
59 84 540
59 85 2422
59 86 1707
59 87 1786
59 88 1190
59 89 1795
59 90 834
59 91 760
59 92 1178
59 93 1227
59 94 1221
59 95 3288
59 96 3024
59 97 1458
59 98 859
59 99 693
59 100 3074
60 61 847
60 62 151
60 63 1272
60 64 1570
60 65 2379
60 66 2398
60 67 1141
60 68 1324
60 69 1283
60 70 2403
60 71 1777
60 72 1291
60 73 1443
60 74 1211
60 75 1760
60 76 2445
60 77 191
60 78 1912
60 79 1917
60 80 1958
60 81 1015
60 82 2097
60 83 846
60 84 1585
60 85 1340
60 86 459
60 87 686
60 88 2173
60 89 1817
60 90 1600
60 91 537
60 92 1455
60 93 871
60 94 2270
60 95 2315
60 96 1862
60 97 1964
60 98 446
60 99 1941
60 100 1828
61 62 814
61 63 1307
61 64 725
61 65 2222
61 66 2279
61 67 597
61 68 609
61 69 435
61 70 2425
61 71 1632
61 72 1644
61 73 630
61 74 1674
61 75 1629
61 76 1728
61 77 658
61 78 1405
61 79 2043
61 80 1539
61 81 207
61 82 1318
61 83 806
61 84 1849
61 85 703
61 86 842
61 87 324
61 88 2262
61 89 1321
61 90 1679
61 91 1024
61 92 1270
61 93 634
61 94 2399
61 95 1554
61 96 1341
61 97 1756
61 98 943
61 99 2364
61 100 1625
62 63 1398
62 64 1537
62 65 2498
62 66 2521
62 67 1183
62 68 1236
62 69 1244
62 70 2539
62 71 1627
62 72 1440
62 73 1377
62 74 1362
62 75 1877
62 76 2342
62 77 221
62 78 1782
62 79 2058
62 80 2040
62 81 960
62 82 2012
62 83 702
62 84 1732
62 85 1238
62 86 308
62 87 602
62 88 2313
62 89 1884
62 90 1736
62 91 684
62 92 1561
62 93 946
62 94 2413
62 95 2224
62 96 1735
62 97 2074
62 98 590
62 99 2092
62 100 1679
63 64 1653
63 65 1114
63 66 1127
63 67 881
63 68 1894
63 69 1527
63 70 1159
63 71 2864
63 72 562
63 73 1816
63 74 738
63 75 513
63 76 2936
63 77 1205
63 78 2711
63 79 737
63 80 954
63 81 1492
63 82 2474
63 83 1927
63 84 604
63 85 2005
63 86 1674
63 87 1489
63 88 965
63 89 970
63 90 374
63 91 787
63 92 353
63 93 673
63 94 1095
63 95 2719
63 96 2646
63 97 742
63 98 848
63 99 1190
63 100 2880
64 65 2261
64 66 2347
64 67 774
64 68 634
64 69 297
64 70 2596
64 71 1905
64 72 2127
64 73 376
64 74 2213
64 75 1778
64 76 1320
64 77 1379
64 78 1371
64 79 2333
64 80 1424
64 81 599
64 82 843
64 83 1355
64 84 2254
64 85 785
64 86 1528
64 87 984
64 88 2501
64 89 1171
64 90 1983
64 91 1657
64 92 1458
64 93 1068
64 94 2656
64 95 1083
64 96 1304
64 97 1814
64 98 1594
64 99 2826
64 100 1853
65 66 115
65 67 1645
65 68 2716
65 69 2271
65 70 512
65 71 3851
65 72 1404
65 73 2553
65 74 1617
65 75 623
65 76 3570
65 77 2293
65 78 3552
65 79 785
65 80 867
65 81 2359
65 82 3091
65 83 2955
65 84 1154
65 85 2854
65 86 2757
65 87 2479
65 88 662
65 89 1110
65 90 866
65 91 1899
65 92 966
65 93 1639
65 94 784
65 95 3320
65 96 3484
65 97 467
65 98 1962
65 99 1550
65 100 3847
66 67 1711
66 68 2787
66 69 2346
66 70 400
66 71 3904
66 72 1372
66 73 2631
66 74 1582
66 75 660
66 76 3660
66 77 2321
66 78 3624
66 79 720
66 80 967
66 81 2424
66 82 3181
66 83 2999
66 84 1107
66 85 2923
66 86 2787
66 87 2528
66 88 571
66 89 1206
66 90 848
66 91 1906
66 92 1014
66 93 1684
66 94 682
66 95 3412
66 96 3556
66 97 537
66 98 1973
66 99 1470
66 100 3904
67 68 1079
67 69 662
67 70 1898
67 71 2224
67 72 1361
67 73 955
67 74 1463
67 75 1080
67 76 2061
67 77 968
67 78 1917
67 79 1581
67 80 944
67 81 715
67 82 1595
67 83 1390
67 84 1480
67 85 1212
67 86 1330
67 87 898
67 88 1770
67 89 738
67 90 1223
67 91 1007
67 92 730
67 93 347
67 94 1919
67 95 1839
67 96 1849
67 97 1179
67 98 974
67 99 2053
67 100 2212
68 69 460
68 70 2974
68 71 1274
68 72 2254
68 73 267
68 74 2280
68 75 2159
68 76 1136
68 77 1160
68 78 838
68 79 2626
68 80 1941
68 81 407
68 82 776
68 83 814
68 84 2453
68 85 153
68 86 1110
68 87 639
68 88 2832
68 89 1695
68 90 2261
68 91 1614
68 92 1806
68 93 1223
68 94 2975
68 95 991
68 96 770
68 97 2251
68 98 1526
68 99 2973
68 100 1227
69 70 2555
69 71 1716
69 72 1953
69 73 293
69 74 2016
69 75 1734
69 76 1410
69 77 1094
69 78 1285
69 79 2240
69 80 1482
69 81 303
69 82 958
69 83 1078
69 84 2113
69 85 611
69 86 1231
69 87 687
69 88 2431
69 89 1235
69 90 1880
69 91 1416
69 92 1390
69 93 887
69 94 2580
69 95 1203
69 96 1216
69 97 1809
69 98 1345
69 99 2666
69 100 1678
70 71 4018
70 72 1229
70 73 2846
70 74 1421
70 75 822
70 76 3916
70 77 2357
70 78 3810
70 79 518
70 80 1293
70 81 2590
70 82 3438
70 83 3086
70 84 924
70 85 3101
70 86 2825
70 87 2639
70 88 272
70 89 1510
70 90 804
70 91 1880
70 92 1168
70 93 1799
70 94 313
70 95 3676
70 96 3743
70 97 808
70 98 1961
70 99 1150
70 100 4029
71 72 3041
71 73 1530
71 74 2983
71 75 3247
71 76 1571
71 77 1734
71 78 779
71 79 3588
71 80 3153
71 81 1522
71 82 1608
71 83 952
71 84 3313
71 85 1121
71 86 1323
71 87 1380
71 88 3828
71 89 2920
71 90 3235
71 91 2286
71 92 2891
71 93 2225
71 94 3949
71 95 1652
71 96 806
71 97 3387
71 98 2187
71 99 3716
71 100 121
72 73 2228
72 74 215
72 75 940
72 76 3354
72 77 1307
72 78 3023
72 79 711
72 80 1491
72 81 1848
72 82 2912
72 83 2090
72 84 314
72 85 2340
72 86 1746
72 87 1736
72 88 965
72 89 1530
72 90 550
72 91 759
72 92 909
72 93 1068
72 94 1025
72 95 3156
72 96 2962
72 97 1171
72 98 856
72 99 719
72 100 3078
73 74 2280
73 75 2025
73 76 1126
73 77 1263
73 78 1018
73 79 2533
73 80 1746
73 81 433
73 82 691
73 83 1052
73 84 2399
73 85 412
73 86 1300
73 87 779
73 88 2724
73 89 1495
73 90 2172
73 91 1651
73 92 1683
73 93 1167
73 94 2873
73 95 932
73 96 950
73 97 2094
73 98 1572
73 99 2944
73 100 1477
74 75 1150
74 76 3399
74 77 1258
74 78 3020
74 79 905
74 80 1685
74 81 1881
74 82 2970
74 83 2038
74 84 497
74 85 2355
74 86 1669
74 87 1725
74 88 1153
74 89 1707
74 90 764
74 91 705
74 92 1091
74 93 1144
74 94 1196
74 95 3212
74 96 2962
74 97 1382
74 98 805
74 99 732
74 100 3028
75 76 3098
75 77 1671
75 78 2996
75 79 629
75 80 621
75 81 1782
75 82 2621
75 83 2339
75 84 797
75 85 2289
75 86 2134
75 87 1870
75 88 736
75 89 764
75 90 416
75 91 1296
75 92 358
75 93 1025
75 94 896
75 95 2860
75 96 2929
75 97 237
75 98 1352
75 99 1352
75 100 3249
76 77 2290
76 78 800
76 79 3640
76 80 2715
76 81 1521
76 82 479
76 83 1769
76 84 3523
76 85 1105
76 86 2160
76 87 1764
76 88 3818
76 89 2464
76 90 3283
76 91 2746
76 92 2773
76 93 2293
76 94 3971
76 95 260
76 96 792
76 97 3130
76 98 2660
76 99 4071
76 100 1457
77 78 1795
77 79 1888
77 80 1819
77 81 832
77 82 1926
77 83 783
77 84 1585
77 85 1189
77 86 469
77 87 527
77 88 2139
77 89 1663
77 90 1554
77 91 554
77 92 1347
77 93 725
77 94 2247
77 95 2150
77 96 1742
77 97 1863
77 98 455
77 99 1989
77 100 1773
78 79 3447
78 80 2762
78 81 1223
78 82 858
78 83 1113
78 84 3247
78 85 709
78 86 1539
78 87 1295
78 88 3661
78 89 2512
78 90 3083
78 91 2322
78 92 2642
78 93 2038
78 94 3801
78 95 875
78 96 68
78 97 3088
78 98 2226
78 99 3737
78 100 671
79 80 1240
79 81 2226
79 82 3170
79 83 2642
79 84 409
79 85 2740
79 86 2353
79 87 2221
79 88 259
79 89 1393
79 90 365
79 91 1385
79 92 878
79 93 1410
79 94 361
79 95 3413
79 96 3382
79 97 767
79 98 1471
79 99 783
79 100 3608
80 81 1631
80 82 2238
80 83 2333
80 84 1404
80 85 2088
80 86 2238
80 87 1841
80 88 1298
80 89 253
80 90 1023
80 91 1614
80 92 606
80 93 1094
80 94 1457
80 95 2463
80 96 2694
80 97 497
80 98 1636
80 99 1971
80 100 3132
81 82 1114
81 83 792
81 84 2046
81 85 514
81 86 929
81 87 385
81 88 2438
81 89 1399
81 90 1861
81 91 1229
81 92 1425
81 93 819
81 94 2578
81 95 1349
81 96 1157
81 97 1893
81 98 1147
81 99 2567
81 100 1502
82 83 1531
82 84 3067
82 85 801
82 86 1875
82 87 1413
82 88 3343
82 89 1987
82 90 2816
82 91 2341
82 92 2299
82 93 1845
82 94 3497
82 95 245
82 96 813
82 97 2652
82 98 2261
82 99 3624
82 100 1512
83 84 2360
83 85 736
83 86 428
83 87 492
83 88 2886
83 89 2124
83 90 2294
83 91 1337
83 92 1989
83 93 1317
83 94 3003
83 95 1703
83 96 1075
83 97 2499
83 98 1238
83 99 2771
83 100 990
84 85 2551
84 86 2035
84 87 1977
84 88 656
84 89 1494
84 90 382
84 91 1049
84 92 890
84 93 1234
84 94 710
84 95 3313
84 96 3185
84 97 1006
84 98 1143
84 99 593
84 100 3344
85 86 1077
85 87 662
85 88 2952
85 89 1844
85 90 2375
85 91 1674
85 92 1934
85 93 1332
85 94 3093
85 95 993
85 96 643
85 97 2388
85 98 1582
85 99 3058
85 100 1074
86 87 544
86 88 2605
86 89 2059
86 90 2022
86 91 988
86 92 1803
86 93 1153
86 94 2709
86 95 2069
86 96 1497
86 97 2320
86 98 893
86 99 2399
86 100 1380
87 88 2455
87 89 1633
87 90 1862
87 91 1028
87 92 1514
87 93 846
87 94 2581
87 95 1630
87 96 1238
87 97 2019
87 98 933
87 99 2445
87 100 1391
88 89 1485
88 90 593
88 91 1643
88 92 1045
88 93 1629
88 94 161
88 95 3584
88 96 3595
88 97 802
88 98 1728
88 99 905
88 100 3845
89 90 1125
89 91 1530
89 92 621
89 93 945
89 94 1645
89 95 2213
89 96 2444
89 97 702
89 98 1537
89 99 2080
89 100 2895
90 91 1082
90 92 548
90 93 1045
90 94 721
90 95 3060
90 96 3017
90 97 634
90 98 1160
90 99 955
90 100 3252
91 92 1042
91 93 662
91 94 1735
91 95 2578
91 96 2266
91 97 1519
91 98 99
91 99 1436
91 100 2327
92 93 672
92 94 1198
92 95 2541
92 96 2575
92 97 517
92 98 1079
92 99 1482
92 100 2891
93 94 1765
93 95 2090
93 96 1973
93 97 1184
93 98 636
93 99 1779
93 100 2232
94 95 3739
94 96 3735
94 97 960
94 98 1824
94 99 842
94 100 3969
95 96 847
95 97 2885
95 98 2496
95 99 3869
95 100 1546
96 97 3020
96 98 2169
96 99 3677
96 100 703
97 98 1569
97 99 1531
97 100 3381
98 99 1535
98 100 2228
99 100 3760
