100 5049
1 2 2607
1 3 549
1 4 2009
1 5 1368
1 6 2233
1 7 1131
1 8 581
1 9 515
1 10 582
1 11 722
1 12 263
1 13 2790
1 14 2301
1 15 2490
1 16 2439
1 17 2949
1 18 2589
1 19 3008
1 20 783
1 21 258
1 22 1980
1 23 1988
1 24 2459
1 25 527
1 26 1184
1 27 662
1 28 814
1 29 492
1 30 881
1 31 3070
1 32 440
1 33 2433
1 34 838
1 35 844
1 36 2910
1 37 1129
1 38 699
1 39 1124
1 40 1100
1 41 3099
1 42 2517
1 43 1673
1 44 3350
1 45 2851
1 46 477
1 47 1488
1 48 2963
1 49 655
1 50 1989
1 51 3164
1 52 1417
1 53 1003
1 54 1437
1 55 2040
1 56 1299
1 57 1008
1 58 1177
1 59 592
1 60 1414
1 61 810
1 62 1258
1 63 2953
1 64 2359
1 65 1227
1 66 1535
1 67 1427
1 68 652
1 69 1034
1 70 1192
1 71 439
1 72 1045
1 73 839
1 74 1359
1 75 940
1 76 674
1 77 2349
1 78 2796
1 79 1316
1 80 822
1 81 1472
1 82 2579
1 83 2065
1 84 1156
1 85 773
1 86 629
1 87 1628
1 88 1867
1 89 1719
1 90 149
1 91 792
1 92 3020
1 93 765
1 94 966
1 95 96
1 96 2883
1 97 737
1 98 229
1 99 618
1 100 1249
2 3 3154
2 4 1013
2 5 3183
2 6 932
2 7 1480
2 8 3056
2 9 2097
2 10 2886
2 11 3328
2 12 2435
2 13 184
2 14 412
2 15 882
2 16 236
2 17 511
2 18 523
2 19 882
2 20 2274
2 21 2578
2 22 1244
2 23 1287
2 24 608
2 25 2091
2 26 2701
2 27 1988
2 28 3367
2 29 2958
2 30 2437
2 31 554
2 32 2798
2 33 707
2 34 1769
2 35 2032
2 36 604
2 37 1804
2 38 2291
2 39 3318
2 40 3187
2 41 665
2 42 217
2 43 936
2 44 1093
2 45 531
2 46 2148
2 47 2040
2 48 505
2 49 2547
2 50 673
2 51 941
2 52 1228
2 53 3355
2 54 1296
2 55 888
2 56 2637
2 57 1620
2 58 1445
2 59 2907
2 60 1254
2 61 1977
2 62 2881
2 63 394
2 64 465
2 65 2070
2 66 1434
2 67 3389
2 68 2826
2 69 2696
2 70 3425
2 71 2248
2 72 1802
2 73 3362
2 74 1348
2 75 2441
2 76 3046
2 77 489
2 78 259
2 79 2231
2 80 2280
2 81 2318
2 82 457
2 83 800
2 84 1457
2 85 3322
2 86 2544
2 87 1118
2 88 1283
2 89 907
2 90 2512
2 91 3326
2 92 831
2 93 3370
2 94 1717
2 95 2694
2 96 742
2 97 3188
2 98 2621
2 99 3075
2 100 2661
3 4 2515
3 5 1413
3 6 2739
3 7 1679
3 8 369
3 9 1064
3 10 665
3 11 190
3 12 739
3 13 3337
3 14 2841
3 15 2996
3 16 2987
3 17 3497
3 18 3135
3 19 3548
3 20 1203
3 21 661
3 22 2497
3 23 2500
3 24 3003
3 25 1074
3 26 1417
3 27 1186
3 28 344
3 29 385
3 30 1225
3 31 3609
3 32 528
3 33 2952
3 34 1386
3 35 1292
3 36 3456
3 37 1628
3 38 1128
3 39 1021
3 40 1077
3 41 3646
3 42 3059
3 43 2221
3 44 3891
3 45 3397
3 46 1022
3 47 1909
3 48 3500
3 49 974
3 50 2537
3 51 3684
3 52 1965
3 53 811
3 54 1978
3 55 2579
3 56 1560
3 57 1546
3 58 1725
3 59 570
3 60 1946
3 61 1287
3 62 1423
3 63 3496
3 64 2894
3 65 1656
3 66 2018
3 67 1383
3 68 792
3 69 1264
3 70 1040
3 71 936
3 72 1555
3 73 497
3 74 1882
3 75 1277
3 76 525
3 77 2897
3 78 3344
3 79 1699
3 80 1233
3 81 1830
3 82 3112
3 83 2588
3 84 1704
3 85 410
3 86 953
3 87 2151
3 88 2384
3 89 2261
3 90 664
3 91 359
3 92 3562
3 93 242
3 94 1485
3 95 460
3 96 3425
3 97 451
3 98 571
3 99 403
3 100 1499
4 5 2976
4 6 224
4 7 1079
4 8 2325
4 9 1572
4 10 2449
4 11 2703
4 12 1778
4 13 1161
4 14 605
4 15 481
4 16 1029
4 17 1521
4 18 1390
4 19 1843
4 20 1991
4 21 2076
4 22 1622
4 23 1667
4 24 1375
4 25 1581
4 26 2538
4 27 1349
4 28 2652
4 29 2235
4 30 2191
4 31 1231
4 32 2063
4 33 465
4 34 1272
4 35 1244
4 36 1592
4 37 1660
4 38 1969
4 39 2967
4 40 2871
4 41 1678
4 42 811
4 43 792
4 44 2097
4 45 1515
4 46 1642
4 47 2096
4 48 1107
4 49 2200
4 50 944
4 51 1180
4 52 1047
4 53 2933
4 54 1226
4 55 1307
4 56 2532
4 57 1039
4 58 1105
4 59 2138
4 60 652
4 61 1231
4 62 2710
4 63 1180
4 64 559
4 65 2000
4 66 520
4 67 3142
4 68 2432
4 69 2476
4 70 3063
4 71 1582
4 72 1598
4 73 2841
4 74 667
4 75 2219
4 76 2276
4 77 1183
4 78 1272
4 79 2191
4 80 2014
4 81 2336
4 82 706
4 83 221
4 84 1077
4 85 2780
4 86 2187
4 87 420
4 88 1584
4 89 583
4 90 1963
4 91 2600
4 92 1806
4 93 2753
4 94 1046
4 95 2077
4 96 1692
4 97 2432
4 98 1945
4 99 2333
4 100 2532
5 6 3180
5 7 1899
5 8 1742
5 9 1500
5 10 805
5 11 1386
5 12 1599
5 13 3344
5 14 3024
5 15 3411
5 16 2959
5 17 3335
5 18 2934
5 19 3209
5 20 986
5 21 1131
5 22 2084
5 23 2060
5 24 2781
5 25 1479
5 26 484
5 27 1791
5 28 1733
5 29 1706
5 30 786
5 31 3727
5 32 1752
5 33 3295
5 34 1729
5 35 2096
5 36 3236
5 37 1388
5 38 1013
5 39 465
5 40 346
5 41 3448
5 42 3183
5 43 2336
5 44 3534
5 45 3202
5 46 1427
5 47 1223
5 48 3649
5 49 817
5 50 2512
5 51 3977
5 52 2017
5 53 699
5 54 1900
5 55 2350
5 56 578
5 57 1971
5 58 1882
5 59 1876
5 60 2325
5 61 2021
5 62 306
5 63 3575
5 64 3121
5 65 1118
5 66 2625
5 67 229
5 68 716
5 69 503
5 70 531
5 71 1702
5 72 1413
5 73 1029
5 74 2330
5 75 764
5 76 1892
5 77 2764
5 78 3280
5 79 985
5 80 962
5 81 969
5 82 3340
5 83 2941
5 84 1903
5 85 1091
5 86 837
5 87 2556
5 88 1995
5 89 2487
5 90 1283
5 91 1764
5 92 3251
5 93 1368
5 94 2031
5 95 1394
5 96 3134
5 97 1857
5 98 1592
5 99 1783
5 100 537
6 7 1282
6 8 2545
6 9 1793
6 10 2668
6 11 2927
6 12 2002
6 13 1055
6 14 554
6 15 258
6 16 998
6 17 1442
6 18 1369
6 19 1799
6 20 2196
6 21 2298
6 22 1721
6 23 1767
6 24 1380
6 25 1801
6 26 2736
6 27 1572
6 28 2873
6 29 2457
6 30 2394
6 31 1059
6 32 2284
6 33 278
6 34 1488
6 35 1465
6 36 1532
6 37 1845
6 38 2178
6 39 3183
6 40 3084
6 41 1591
6 42 717
6 43 935
6 44 2025
6 45 1457
6 46 1862
6 47 2261
6 48 933
6 49 2412
6 50 1016
6 51 962
6 52 1218
6 53 3152
6 54 1387
6 55 1383
6 56 2723
6 57 1258
6 58 1301
6 59 2356
6 60 864
6 61 1454
6 62 2910
6 63 1030
6 64 469
6 65 2181
6 66 736
6 67 3351
6 68 2649
6 69 2679
6 70 3280
6 71 1806
6 72 1790
6 73 3064
6 74 886
6 75 2420
6 76 2493
6 77 1192
6 78 1187
6 79 2370
6 80 2218
6 81 2510
6 82 552
6 83 275
6 84 1278
6 85 3004
6 86 2400
6 87 631
6 88 1696
6 89 735
6 90 2185
6 91 2820
6 92 1754
6 93 2976
6 94 1269
6 95 2301
6 96 1652
6 97 2650
6 98 2168
6 99 2553
6 100 2726
7 8 1620
7 9 618
7 10 1437
7 11 1850
7 12 984
7 13 1663
7 14 1203
7 15 1516
7 16 1308
7 17 1824
7 18 1479
7 19 1921
7 20 914
7 21 1104
7 22 1053
7 23 1081
7 24 1360
7 25 611
7 26 1461
7 27 568
7 28 1914
7 29 1520
7 30 1113
7 31 1964
7 32 1374
7 33 1413
7 34 294
7 35 774
7 36 1795
7 37 618
7 38 899
7 39 1921
7 40 1812
7 41 1977
7 42 1405
7 43 544
7 44 2258
7 45 1732
7 46 669
7 47 1113
7 48 1864
7 49 1141
7 50 862
7 51 2123
7 52 313
7 53 1918
7 54 425
7 55 979
7 56 1462
7 57 266
7 58 82
7 59 1505
7 60 434
7 61 676
7 62 1632
7 63 1837
7 64 1278
7 65 959
7 66 810
7 67 2071
7 68 1397
7 69 1397
7 70 2022
7 71 814
7 72 537
7 73 1891
7 74 467
7 75 1140
7 76 1638
7 77 1232
7 78 1665
7 79 1150
7 80 936
7 81 1311
7 82 1503
7 83 1049
7 84 31
7 85 1846
7 86 1132
7 87 660
7 88 954
7 89 622
7 90 1032
7 91 1879
7 92 1925
7 93 1892
7 94 425
7 95 1220
7 96 1786
7 97 1764
7 98 1171
7 99 1644
7 100 1457
8 9 1043
8 10 953
8 11 517
8 12 636
8 13 3240
8 14 2714
8 15 2802
8 16 2911
8 17 3439
8 18 3098
8 19 3535
8 20 1355
8 21 801
8 22 2544
8 23 2554
8 24 2977
8 25 1062
8 26 1679
8 27 1070
8 28 328
8 29 100
8 30 1426
8 31 3476
8 32 263
8 33 2778
8 34 1329
8 35 1081
8 36 3415
8 37 1706
8 38 1271
8 39 1376
8 40 1417
8 41 3594
8 42 2940
8 43 2144
8 44 3874
8 45 3351
8 46 1025
8 47 2064
8 48 3362
8 49 1181
8 50 2479
8 51 3504
8 52 1926
8 53 1175
8 54 1974
8 55 2574
8 56 1811
8 57 1437
8 58 1679
8 59 222
8 60 1813
8 61 1104
8 62 1713
8 63 3375
8 64 2753
8 65 1804
8 66 1811
8 67 1733
8 68 1069
8 69 1524
8 70 1403
8 71 812
8 72 1618
8 73 867
8 74 1733
8 75 1483
8 76 157
8 77 2851
8 78 3265
8 79 1881
8 80 1391
8 81 2030
8 82 2963
8 83 2425
8 84 1648
8 85 779
8 86 1157
8 87 1995
8 88 2431
8 89 2150
8 90 730
8 91 275
8 92 3542
8 93 569
8 94 1344
8 95 490
8 96 3403
8 97 157
8 98 451
8 99 42
8 100 1754
9 10 877
9 11 1233
9 12 420
9 13 2280
9 14 1805
9 15 2044
9 16 1925
9 17 2434
9 18 2076
9 19 2500
9 20 596
9 21 507
9 22 1507
9 23 1520
9 24 1948
9 25 30
9 26 1157
9 27 294
9 28 1316
9 29 944
9 30 784
9 31 2572
9 32 822
9 33 1968
9 34 330
9 35 621
9 36 2396
9 37 716
9 38 529
9 39 1407
9 40 1328
9 41 2584
9 42 2015
9 43 1161
9 44 2841
9 45 2336
9 46 74
9 47 1173
9 48 2468
9 49 683
9 50 1473
9 51 2695
9 52 903
9 53 1360
9 54 933
9 55 1535
9 56 1220
9 57 535
9 58 661
9 59 970
9 60 941
9 61 532
9 62 1292
9 63 2450
9 64 1870
9 65 927
9 66 1150
9 67 1628
9 68 871
9 69 1041
9 70 1499
9 71 329
9 72 613
9 73 1289
9 74 906
9 75 835
9 76 1090
9 77 1835
9 78 2282
9 79 1074
9 80 636
9 81 1249
9 82 2093
9 83 1599
9 84 642
9 85 1238
9 86 664
9 87 1168
9 88 1395
9 89 1220
9 90 416
9 91 1286
9 92 2510
9 93 1274
9 94 547
9 95 607
9 96 2373
9 97 1195
9 98 594
9 99 1073
9 100 1190
10 11 709
10 12 834
10 13 3064
10 14 2638
10 15 2918
10 16 2689
10 17 3153
10 18 2766
10 19 3133
10 20 669
10 21 389
10 22 2023
10 23 2017
10 24 2622
10 25 868
10 26 753
10 27 1133
10 28 1007
10 29 907
10 30 615
10 31 3393
10 32 947
10 33 2834
10 34 1185
10 35 1388
10 36 3087
10 37 1159
10 38 621
10 39 551
10 40 518
10 41 3290
10 42 2834
10 43 1961
10 44 3475
10 45 3037
10 46 806
10 47 1317
10 48 3297
10 49 386
10 50 2225
10 51 3555
10 52 1659
10 53 485
10 54 1611
10 55 2180
10 56 898
10 57 1410
10 58 1453
10 59 1072
10 60 1810
10 61 1333
10 62 763
10 63 3260
10 64 2715
10 65 1084
10 66 2019
10 67 846
10 68 129
10 69 601
10 70 631
10 71 975
10 72 1119
10 73 515
10 74 1782
10 75 657
10 76 1097
10 77 2550
10 78 3039
10 79 1085
10 80 685
10 81 1195
10 82 2939
10 83 2465
10 84 1453
10 85 511
10 86 376
10 87 2040
10 88 1914
10 89 2059
10 90 534
10 91 1024
10 92 3158
10 93 716
10 94 1419
10 95 594
10 96 3026
10 97 1081
10 98 797
10 99 994
10 100 836
11 12 926
11 13 3511
11 14 3021
11 15 3184
11 16 3158
11 17 3662
11 18 3295
11 19 3700
11 20 1312
11 21 796
11 22 2633
11 23 2634
11 24 3161
11 25 1241
11 26 1454
11 27 1370
11 28 356
11 29 554
11 30 1307
11 31 3790
11 32 709
11 33 3139
11 34 1559
11 35 1481
11 36 3617
11 37 1760
11 38 1242
11 39 959
11 40 1042
11 41 3809
11 42 3238
11 43 2394
11 44 4044
11 45 3560
11 46 1187
11 47 2004
11 48 3682
11 49 1060
11 50 2704
11 51 3870
11 52 2130
11 53 731
11 54 2134
11 55 2732
11 56 1602
11 57 1726
11 58 1893
11 59 733
11 60 2129
11 61 1476
11 62 1436
11 63 3674
11 64 3076
11 65 1758
11 66 2208
11 67 1326
11 68 838
11 69 1306
11 70 959
11 71 1123
11 72 1694
11 73 389
11 74 2067
11 75 1355
11 76 664
11 77 3060
11 78 3514
11 79 1783
11 80 1338
11 81 1902
11 82 3295
11 83 2774
11 84 1875
11 85 308
11 86 1042
11 87 2336
11 88 2521
11 89 2440
11 90 824
11 91 400
11 92 3717
11 93 54
11 94 1670
11 95 638
11 96 3581
11 97 554
11 98 760
11 99 542
11 100 1540
12 13 2619
12 14 2109
12 15 2259
12 16 2282
12 17 2806
12 18 2462
12 19 2899
12 20 884
12 21 468
12 22 1927
12 23 1940
12 24 2341
12 25 444
12 26 1364
12 27 451
12 28 934
12 29 537
12 30 1025
12 31 2876
12 32 403
12 33 2213
12 34 692
12 35 584
12 36 2780
12 37 1124
12 38 800
12 39 1382
12 40 1349
12 41 2960
12 42 2330
12 43 1514
12 44 3238
12 45 2716
12 46 421
12 47 1548
12 48 2766
12 49 833
12 50 1845
12 51 2945
12 52 1289
12 53 1266
12 54 1341
12 55 1940
12 56 1462
12 57 816
12 58 1043
12 59 550
12 60 1210
12 61 558
12 62 1460
12 63 2767
12 64 2158
12 65 1291
12 66 1290
12 67 1674
12 68 890
12 69 1222
12 70 1452
12 71 197
12 72 1026
12 73 1092
12 74 1143
12 75 1083
12 76 672
12 77 2216
12 78 2638
12 79 1410
12 80 925
12 81 1578
12 82 2375
12 83 1849
12 84 1013
12 85 1022
12 86 807
12 87 1412
12 88 1815
12 89 1534
12 90 316
12 91 896
12 92 2905
12 93 975
12 94 746
12 95 305
12 96 2767
12 97 784
12 98 187
12 99 663
12 100 1418
13 14 573
13 15 965
13 16 386
13 17 410
13 18 564
13 19 828
13 20 2446
13 21 2760
13 22 1367
13 23 1407
13 24 683
13 25 2274
13 26 2861
13 27 2172
13 28 3551
13 29 3142
13 30 2606
13 31 431
13 32 2981
13 33 805
13 34 1952
13 35 2213
13 36 540
13 37 1972
13 38 2466
13 39 3490
13 40 3357
13 41 544
13 42 349
13 43 1119
13 44 989
13 45 478
13 46 2331
13 47 2186
13 48 422
13 49 2721
13 50 844
13 51 882
13 52 1406
13 53 3531
13 54 1468
13 55 1023
13 56 2793
13 57 1804
13 58 1627
13 59 3090
13 60 1436
13 61 2159
13 62 3042
13 63 265
13 64 602
13 65 2229
13 66 1602
13 67 3553
13 68 3003
13 69 2861
13 70 3597
13 71 2432
13 72 1974
13 73 3543
13 74 1529
13 75 2608
13 76 3229
13 77 607
13 78 170
13 79 2385
13 80 2451
13 81 2465
13 82 529
13 83 955
13 84 1639
13 85 3503
13 86 2719
13 87 1294
13 88 1416
13 89 1090
13 90 2694
13 91 3510
13 92 767
13 93 3554
13 94 1900
13 95 2877
13 96 705
13 97 3372
13 98 2805
13 99 3258
13 100 2819
14 15 585
14 16 444
14 17 917
14 18 816
14 19 1250
14 20 2070
14 21 2304
14 22 1283
14 23 1330
14 24 835
14 25 1804
14 26 2552
14 27 1658
14 28 3032
14 29 2617
14 30 2251
14 31 769
14 32 2452
14 33 401
14 34 1475
14 35 1663
14 36 990
14 37 1638
14 38 2074
14 39 3106
14 40 2987
14 41 1074
14 42 232
14 43 691
14 44 1493
14 45 914
14 46 1864
14 47 1964
14 48 663
14 49 2326
14 50 581
14 51 955
14 52 1009
14 53 3118
14 54 1129
14 55 921
14 56 2510
14 57 1295
14 58 1187
14 59 2552
14 60 901
14 61 1617
14 62 2732
14 63 662
14 64 121
14 65 1943
14 66 1030
14 67 3217
14 68 2593
14 69 2524
14 70 3211
14 71 1916
14 72 1612
14 73 3091
14 74 983
14 75 2264
14 76 2692
14 77 652
14 78 670
14 79 2120
14 80 2083
14 81 2234
14 82 318
14 83 389
14 84 1186
14 85 3043
14 86 2319
14 87 733
14 88 1285
14 89 585
14 90 2220
14 91 2987
14 92 1208
14 93 3066
14 94 1370
14 95 2383
14 96 1100
14 97 2839
14 98 2291
14 99 2729
14 100 2524
15 16 1006
15 17 1372
15 18 1373
15 19 1764
15 20 2429
15 21 2550
15 22 1847
15 23 1894
15 24 1412
15 25 2051
15 26 2960
15 27 1828
15 28 3130
15 29 2714
15 30 2625
15 31 875
15 32 2541
15 33 186
15 34 1734
15 35 1722
15 36 1483
15 37 2058
15 38 2415
15 39 3427
15 40 3325
15 41 1509
15 42 669
15 43 1122
15 44 1954
15 45 1412
15 46 2113
15 47 2451
15 48 752
15 49 2653
15 50 1135
15 51 711
15 52 1422
15 53 3402
15 54 1581
15 55 1492
15 56 2940
15 57 1509
15 58 1529
15 59 2611
15 60 1109
15 61 1711
15 62 3135
15 63 880
15 64 469
15 65 2388
15 66 991
15 67 3587
15 68 2895
15 69 2908
15 70 3526
15 71 2064
15 72 2010
15 73 3319
15 74 1139
15 75 2649
15 76 2748
15 77 1235
15 78 1118
15 79 2576
15 80 2450
15 81 2708
15 82 436
15 83 471
15 84 1509
15 85 3260
15 86 2642
15 87 878
15 88 1836
15 89 937
15 90 2440
15 91 3077
15 92 1711
15 93 3234
15 94 1525
15 95 2558
15 96 1624
15 97 2905
15 98 2426
15 99 2809
15 100 2945
16 17 544
16 18 372
16 19 815
16 20 2064
16 21 2394
16 22 1009
16 23 1052
16 24 411
16 25 1917
16 26 2476
16 27 1841
16 28 3216
16 29 2812
16 30 2221
16 31 789
16 32 2656
16 33 821
16 34 1602
16 35 1918
16 36 576
16 37 1587
16 38 2086
16 39 3107
16 40 2973
16 41 706
16 42 362
16 43 768
16 44 1085
16 45 500
16 46 1972
16 47 1806
16 48 740
16 49 2341
16 50 464
16 51 1167
16 52 1036
16 53 3152
16 54 1085
16 55 652
16 56 2409
16 57 1475
16 58 1265
16 59 2773
16 60 1138
16 61 1854
16 62 2656
16 63 627
16 64 543
16 65 1844
16 66 1381
16 67 3168
16 68 2624
16 69 2476
16 70 3214
16 71 2099
16 72 1591
16 73 3173
16 74 1241
16 75 2223
16 76 2911
16 77 260
16 78 357
16 79 2001
16 80 2068
16 81 2085
16 82 621
16 83 808
16 84 1283
16 85 3137
16 86 2340
16 87 1040
16 88 1047
16 89 785
16 90 2336
16 91 3177
16 92 780
16 93 3198
16 94 1585
16 95 2528
16 96 663
16 97 3048
16 98 2469
16 99 2932
16 100 2434
17 18 401
17 19 434
17 20 2504
17 21 2884
17 22 1268
17 23 1300
17 24 554
17 25 2423
17 26 2853
17 27 2371
17 28 3738
17 29 3339
17 30 2641
17 31 744
17 32 3187
17 33 1206
17 34 2118
17 35 2461
17 36 160
17 37 2012
17 38 2537
17 39 3532
17 40 3390
17 41 162
17 42 725
17 43 1296
17 44 584
17 45 144
17 46 2475
17 47 2131
17 48 784
17 49 2789
17 50 961
17 51 1238
17 52 1532
17 53 3600
17 54 1544
17 55 990
17 56 2766
17 57 2008
17 58 1773
17 59 3308
17 60 1682
17 61 2394
17 62 3030
17 63 604
17 64 976
17 65 2221
17 66 1916
17 67 3554
17 68 3077
17 69 2875
17 70 3641
17 71 2628
17 72 2036
17 73 3651
17 74 1785
17 75 2634
17 76 3445
17 77 605
17 78 256
17 79 2354
17 80 2502
17 81 2407
17 82 936
17 83 1305
17 84 1797
17 85 3620
17 86 2791
17 87 1582
17 88 1345
17 89 1329
17 90 2838
17 91 3701
17 92 366
17 93 3700
17 94 2124
17 95 3040
17 96 341
17 97 3579
17 98 2993
17 99 3461
17 100 2800
18 19 475
18 20 2112
18 21 2510
18 22 871
18 23 905
18 24 153
18 25 2063
18 26 2452
18 27 2039
18 28 3389
18 29 2999
18 30 2244
18 31 991
18 32 2852
18 33 1190
18 34 1770
18 35 2165
18 36 323
18 37 1618
18 38 2148
18 39 3135
18 40 2992
18 41 524
18 42 712
18 43 980
18 44 789
18 45 272
18 46 2113
18 47 1731
18 48 985
18 49 2398
18 50 630
18 51 1441
18 52 1175
18 53 3208
18 54 1164
18 55 592
18 56 2365
18 57 1686
18 58 1420
18 59 2980
18 60 1402
18 61 2089
18 62 2629
18 63 827
18 64 914
18 65 1820
18 66 1700
18 67 3153
18 68 2687
18 69 2475
18 70 3244
18 71 2292
18 72 1647
18 73 3268
18 74 1512
18 75 2236
18 76 3115
18 77 253
18 78 419
18 79 1953
18 80 2108
18 81 2008
18 82 970
18 83 1169
18 84 1450
18 85 3241
18 86 2400
18 87 1348
18 88 945
18 89 1060
18 90 2472
18 91 3356
18 92 459
18 93 3332
18 94 1815
18 95 2682
18 96 325
18 97 3243
18 98 2649
18 99 3123
18 100 2399
19 20 2466
19 21 2907
19 22 1133
19 23 1152
19 24 564
19 25 2484
19 26 2736
19 27 2487
19 28 3816
19 29 3435
19 30 2575
19 31 1176
19 32 3294
19 33 1589
19 34 2207
19 35 2630
19 36 288
19 37 1974
19 38 2512
19 39 3457
19 40 3307
19 41 389
19 42 1098
19 43 1445
19 44 344
19 45 354
19 46 2531
19 47 1986
19 48 1218
19 49 2754
19 50 1096
19 51 1672
19 52 1611
19 53 3552
19 54 1570
19 55 968
19 56 2631
19 57 2142
19 58 1857
19 59 3426
19 60 1874
19 61 2551
19 62 2905
19 63 1038
19 64 1332
19 65 2122
19 66 2173
19 67 3434
19 68 3043
19 69 2781
19 70 3566
19 71 2735
19 72 2020
19 73 3643
19 74 1984
19 75 2559
19 76 3559
19 77 724
19 78 660
19 79 2227
19 80 2457
19 81 2249
19 82 1335
19 83 1622
19 84 1891
19 85 3623
19 86 2760
19 87 1822
19 88 1233
19 89 1535
19 90 2883
19 91 3786
19 92 74
19 93 3734
19 94 2277
19 95 3102
19 96 152
19 97 3682
19 98 3083
19 99 3561
19 100 2673
20 21 558
20 22 1354
20 23 1348
20 24 1965
20 25 568
20 26 576
20 27 882
20 28 1532
20 29 1272
20 30 205
20 31 2801
20 32 1217
20 33 2319
20 34 755
20 35 1215
20 36 2431
20 37 495
20 38 85
20 39 1044
20 40 918
20 41 2636
20 42 2246
20 43 1379
20 44 2808
20 45 2384
20 46 536
20 47 712
20 48 2714
20 49 288
20 50 1602
20 51 3015
20 52 1062
20 53 1096
20 54 979
20 55 1522
20 56 625
20 57 995
20 58 902
20 59 1372
20 60 1339
20 61 1123
20 62 732
20 63 2658
20 64 2160
20 65 454
20 66 1652
20 67 1158
20 68 577
20 69 488
20 70 1151
20 71 890
20 72 473
20 73 1184
20 74 1347
20 75 246
20 76 1457
20 77 1905
20 78 2407
20 79 534
20 80 42
20 81 696
20 82 2383
20 83 1960
20 84 920
20 85 1173
20 86 294
20 87 1571
20 88 1244
20 89 1514
20 90 635
20 91 1527
20 92 2494
20 93 1333
20 94 1074
20 95 867
20 96 2363
20 97 1509
20 98 985
20 99 1394
20 100 599
21 22 1839
21 23 1841
21 24 2372
21 25 503
21 26 926
21 27 746
21 28 979
21 29 723
21 30 631
21 31 3067
21 32 694
21 33 2475
21 34 831
21 35 1001
21 36 2832
21 37 967
21 38 477
21 39 939
21 40 889
21 41 3028
21 42 2509
21 43 1643
21 44 3250
21 45 2777
21 46 442
21 47 1269
21 48 2966
21 49 398
21 50 1934
21 51 3202
21 52 1359
21 53 862
21 54 1345
21 55 1940
21 56 1041
21 57 1042
21 58 1133
21 59 843
21 60 1448
21 61 944
21 62 1004
21 63 2941
21 64 2373
21 65 1011
21 66 1635
21 67 1211
21 68 424
21 69 777
21 70 1020
21 71 589
21 72 898
21 73 787
21 74 1411
21 75 689
21 76 913
21 77 2279
21 78 2750
21 79 1081
21 80 592
21 81 1231
21 82 2596
21 83 2105
21 84 1124
21 85 743
21 86 372
21 87 1674
21 88 1726
21 89 1719
21 90 153
21 91 971
21 92 2925
21 93 828
21 94 1038
21 95 323
21 96 2789
21 97 953
21 98 486
21 99 841
21 100 991
22 23 47
22 24 719
22 25 1485
22 26 1607
22 27 1587
22 28 2794
22 29 2447
22 30 1448
22 31 1791
22 32 2329
22 33 1671
22 34 1281
22 35 1827
22 36 1157
22 37 875
22 38 1408
22 39 2325
22 40 2174
22 41 1369
22 42 1335
22 43 857
22 44 1468
22 45 1129
22 46 1519
22 47 866
22 48 1749
22 49 1639
22 50 712
22 51 2167
22 52 776
22 53 2426
22 54 629
22 55 366
22 56 1508
22 57 1318
22 58 972
22 59 2476
22 60 1250
22 61 1728
22 62 1779
22 63 1626
22 64 1404
22 65 990
22 66 1668
22 67 2307
22 68 1926
22 69 1648
22 70 2434
22 71 1798
22 72 942
22 73 2538
22 74 1352
22 75 1429
22 76 2598
22 77 761
22 78 1261
22 79 1099
22 80 1340
22 81 1140
22 82 1570
22 83 1450
22 84 1023
22 85 2524
22 86 1647
22 87 1346
22 88 113
22 89 1060
22 90 1842
22 91 2773
22 92 1170
22 93 2662
22 94 1476
22 95 2076
22 96 1050
22 97 2698
22 98 2100
22 99 2576
22 100 1547
23 24 754
23 25 1497
23 26 1585
23 27 1607
23 28 2800
23 29 2458
23 30 1436
23 31 1833
23 32 2342
23 33 1718
23 34 1301
23 35 1854
23 36 1186
23 37 875
23 38 1405
23 39 2309
23 40 2157
23 41 1397
23 42 1380
23 43 900
23 44 1484
23 45 1160
23 46 1530
23 47 840
23 48 1792
23 49 1632
23 50 759
23 51 2212
23 52 809
23 53 2414
23 54 656
23 55 412
23 56 1484
23 57 1346
23 58 999
23 59 2490
23 60 1288
23 61 1754
23 62 1755
23 63 1668
23 64 1451
23 65 973
23 66 1707
23 67 2284
23 68 1918
23 69 1630
23 70 2418
23 71 1815
23 72 946
23 73 2532
23 74 1389
23 75 1415
23 76 2610
23 77 802
23 78 1300
23 79 1076
23 80 1333
23 81 1111
23 82 1616
23 83 1497
23 84 1051
23 85 2520
23 86 1641
23 87 1388
23 88 128
23 89 1104
23 90 1849
23 91 2780
23 92 1191
23 93 2662
23 94 1504
23 95 2084
23 96 1074
23 97 2709
23 98 2111
23 99 2587
23 100 1524
24 25 1934
24 26 2299
24 27 1925
24 28 3263
24 29 2877
24 30 2094
24 31 1115
24 32 2734
24 33 1226
24 34 1648
24 35 2067
24 36 466
24 37 1471
24 38 2002
24 39 2985
24 40 2841
24 41 673
24 42 772
24 43 884
24 44 898
24 45 423
24 46 1982
24 47 1578
24 48 1096
24 49 2252
24 50 537
24 51 1546
24 52 1051
24 53 3060
24 54 1027
24 55 443
24 56 2212
24 57 1578
24 58 1298
24 59 2865
24 60 1319
24 61 1988
24 62 2476
24 63 949
24 64 944
24 65 1667
24 66 1643
24 67 3000
24 68 2540
24 69 2323
24 70 3094
24 71 2175
24 72 1502
24 73 3126
24 74 1430
24 75 2085
24 76 2999
24 77 192
24 78 554
24 79 1800
24 80 1961
24 81 1855
24 82 1032
24 83 1158
24 84 1331
24 85 3100
24 86 2254
24 87 1287
24 88 792
24 89 989
24 90 2340
24 91 3231
24 92 565
24 93 3196
24 94 1713
24 95 2553
24 96 426
24 97 3123
24 98 2526
24 99 3003
24 100 2246
25 26 1131
25 27 319
25 28 1332
25 29 964
25 30 758
25 31 2569
25 32 845
25 33 1973
25 34 328
25 35 648
25 36 2384
25 37 688
25 38 502
25 39 1394
25 40 1312
25 41 2572
25 42 2012
25 43 1155
25 44 2826
25 45 2324
25 46 62
25 47 1144
25 48 2467
25 49 663
25 50 1463
25 51 2699
25 52 891
25 53 1352
25 54 916
25 55 1518
25 56 1192
25 57 542
25 58 652
25 59 994
25 60 946
25 61 558
25 62 1268
25 63 2446
25 64 1870
25 65 897
25 66 1165
25 67 1609
25 68 857
25 69 1017
25 70 1487
25 71 359
25 72 586
25 73 1288
25 74 915
25 75 808
25 76 1113
25 77 1823
25 78 2274
25 79 1044
25 80 608
25 81 1219
25 82 2094
25 83 1603
25 84 635
25 85 1239
25 86 644
25 87 1174
25 88 1373
25 89 1219
25 90 421
25 91 1303
25 92 2495
25 93 1282
25 94 562
25 95 620
25 96 2358
25 97 1215
25 98 615
25 99 1093
25 100 1163
26 27 1449
26 28 1760
26 29 1618
26 30 375
26 31 3246
26 32 1616
26 33 2836
26 34 1329
26 35 1776
26 36 2755
26 37 914
26 38 630
26 39 766
26 40 606
26 41 2967
26 42 2706
26 43 1867
26 44 3065
26 45 2720
26 46 1090
26 47 756
26 48 3171
26 49 532
26 50 2032
26 51 3506
26 52 1550
26 53 934
26 54 1424
26 55 1867
26 56 152
26 57 1568
26 58 1435
26 59 1760
26 60 1893
26 61 1689
26 62 181
26 63 3094
26 64 2651
26 65 635
26 66 2224
26 67 702
26 68 625
26 69 155
26 70 868
26 71 1418
26 72 950
26 73 1179
26 74 1910
26 75 331
26 76 1811
26 77 2280
26 78 2797
26 79 509
26 80 543
26 81 531
26 82 2869
26 83 2488
26 84 1461
26 85 1211
26 86 558
26 87 2120
26 88 1515
26 89 2028
26 90 1061
26 91 1775
26 92 2776
26 93 1454
26 94 1650
26 95 1241
26 96 2657
26 97 1818
26 98 1412
26 99 1720
26 100 88
27 28 1380
27 29 972
27 30 1075
27 31 2426
27 32 816
27 33 1772
27 34 306
27 35 337
27 36 2352
27 37 903
27 38 819
27 39 1676
27 40 1607
27 41 2527
27 42 1880
27 43 1075
27 44 2822
27 45 2287
27 46 365
27 47 1398
27 48 2316
27 49 975
27 50 1414
27 51 2504
27 52 881
27 53 1608
27 54 968
27 55 1545
27 56 1507
27 57 368
27 58 638
27 59 940
27 60 760
27 61 241
27 62 1586
27 63 2317
27 64 1708
27 65 1168
27 66 889
27 67 1913
27 68 1144
27 69 1335
27 70 1763
27 71 260
27 72 795
27 73 1493
27 74 698
27 75 1125
27 76 1076
27 77 1789
27 78 2195
27 79 1331
27 80 921
27 81 1507
27 82 1926
27 83 1405
27 84 598
27 85 1432
27 86 954
27 87 967
27 88 1480
27 89 1084
27 90 619
27 91 1338
27 92 2489
27 93 1417
27 94 304
27 95 734
27 96 2351
27 97 1208
27 98 634
27 99 1091
27 100 1480
28 29 417
28 30 1566
28 31 3797
28 32 589
28 33 3104
28 34 1621
28 35 1408
28 36 3708
28 37 1935
28 38 1454
28 39 1314
28 40 1390
28 41 3891
28 42 3257
28 43 2447
28 44 4157
28 45 3646
28 46 1288
28 47 2242
28 48 3683
28 49 1314
28 50 2777
28 51 3831
28 52 2214
28 53 1087
28 54 2247
28 55 2850
28 56 1903
28 57 1747
28 58 1969
28 59 535
28 60 2131
28 61 1428
28 62 1761
28 63 3693
28 64 3074
28 65 1987
28 66 2139
28 67 1680
28 68 1135
28 69 1607
28 70 1315
28 71 1120
28 72 1855
28 73 744
28 74 2054
28 75 1619
28 76 418
28 77 3145
28 78 3571
28 79 2038
28 80 1564
28 81 2171
28 82 3286
28 83 2750
28 84 1942
28 85 663
28 86 1293
28 87 2318
28 88 2680
28 89 2463
28 90 952
28 91 64
28 92 3826
28 93 389
28 94 1662
28 95 718
28 96 3688
28 97 264
28 98 747
28 99 326
28 100 1842
29 30 1353
29 31 3381
29 32 173
29 33 2687
29 34 1229
29 35 992
29 36 3315
29 37 1613
29 38 1188
29 39 1359
29 40 1389
29 41 3494
29 42 2843
29 43 2045
29 44 3774
29 45 3252
29 46 928
29 47 1979
29 48 3267
29 49 1111
29 50 2380
29 51 3414
29 52 1826
29 53 1169
29 54 1875
29 55 2475
29 56 1746
29 57 1339
29 58 1580
29 59 187
29 60 1716
29 61 1011
29 62 1661
29 63 3279
29 64 2658
29 65 1719
29 66 1724
29 67 1709
29 68 1018
29 69 1463
29 70 1393
29 71 712
29 72 1523
29 73 877
29 74 1638
29 75 1410
29 76 193
29 77 2752
29 78 3166
29 79 1802
29 80 1309
29 81 1954
29 82 2869
29 83 2332
29 84 1549
29 85 790
29 86 1086
29 87 1901
29 88 2334
29 89 2052
29 90 642
29 91 369
29 92 3442
29 93 608
29 94 1247
29 95 405
29 96 3304
29 97 251
29 98 352
29 99 129
29 100 1691
30 31 2971
30 32 1321
30 33 2511
30 34 959
30 35 1405
30 36 2559
30 37 635
30 38 256
30 39 892
30 40 752
30 41 2767
30 42 2420
30 43 1560
30 44 2914
30 45 2516
30 46 719
30 47 702
30 48 2888
30 49 252
30 50 1764
30 51 3200
30 52 1241
30 53 978
30 54 1141
30 55 1652
30 56 442
30 57 1200
30 58 1096
30 59 1473
30 60 1541
30 61 1315
30 62 527
30 63 2825
30 64 2344
30 65 475
30 66 1857
30 67 968
30 68 498
30 69 285
30 70 1000
30 71 1058
30 72 639
30 73 1121
30 74 1550
30 75 59
30 76 1543
30 77 2048
30 78 2557
30 79 475
30 80 176
30 81 607
30 82 2565
30 83 2155
30 84 1117
30 85 1125
30 86 273
30 87 1771
30 88 1343
30 89 1704
30 90 743
30 91 1568
30 92 2607
30 93 1321
30 94 1277
30 95 954
30 96 2480
30 97 1576
30 98 1100
30 99 1467
30 100 407
31 32 3214
31 33 781
31 34 2242
31 35 2413
31 36 900
31 37 2342
31 38 2813
31 39 3844
31 40 3718
31 41 815
31 42 559
31 43 1433
31 44 1242
31 45 856
31 46 2629
31 47 2593
31 48 125
31 49 3067
31 50 1214
31 51 499
31 52 1742
31 53 3869
31 54 1831
31 55 1440
31 56 3187
31 57 2064
31 58 1941
31 59 3309
31 60 1667
31 61 2375
31 62 3427
31 63 166
31 64 724
31 65 2619
31 66 1734
31 67 3930
31 68 3342
31 69 3235
31 70 3950
31 71 2683
31 72 2333
31 73 3854
31 74 1743
31 75 2978
31 76 3449
31 77 1031
31 78 576
31 79 2782
31 80 2810
31 81 2872
31 82 527
31 83 1071
31 84 1945
31 85 3808
31 86 3063
31 87 1483
31 88 1834
31 89 1352
31 90 2987
31 91 3750
31 92 1106
31 93 3835
31 94 2135
31 95 3152
31 96 1080
31 97 3598
31 98 3058
31 99 3491
31 100 3209
32 33 2516
32 34 1087
32 35 819
32 36 3167
32 37 1516
32 38 1132
32 39 1439
32 40 1451
32 41 3343
32 42 2679
32 43 1891
32 44 3632
32 45 3102
32 46 817
32 47 1912
32 48 3099
32 49 1092
32 50 2230
32 51 3242
32 52 1684
32 53 1266
32 54 1743
32 55 2339
32 56 1735
32 57 1181
32 58 1437
32 59 156
32 60 1552
32 61 841
32 62 1677
32 63 3114
32 64 2490
32 65 1652
32 66 1551
32 67 1777
32 68 1045
32 69 1463
32 70 1484
32 71 560
32 72 1421
32 73 1000
32 74 1471
32 75 1380
32 76 269
32 77 2604
32 78 3009
32 79 1751
32 80 1256
32 81 1910
32 82 2700
32 83 2162
32 84 1404
32 85 915
32 86 1066
32 87 1733
32 88 2217
32 89 1891
32 90 583
32 91 538
32 92 3299
32 93 763
32 94 1083
32 95 375
32 96 3161
32 97 392
32 98 238
32 99 277
32 100 1683
33 34 1650
33 35 1699
33 36 1311
33 37 1928
33 38 2311
33 39 3333
33 40 3225
33 41 1349
33 42 491
33 43 979
33 44 1790
33 45 1238
33 46 2035
33 47 2302
33 48 656
33 49 2554
33 50 961
33 51 732
33 52 1289
33 53 3319
33 54 1438
33 55 1314
33 56 2809
33 57 1435
33 58 1417
33 59 2596
33 60 1027
33 61 1677
33 62 3014
33 63 756
33 64 284
33 65 2252
33 66 983
33 67 3477
33 68 2805
33 69 2792
33 70 3433
33 71 2016
33 72 1886
33 73 3253
33 74 1074
33 75 2532
33 76 2734
33 77 1049
33 78 951
33 79 2436
33 80 2338
33 81 2563
33 82 283
33 83 370
33 84 1403
33 85 3197
33 86 2544
33 87 805
33 88 1665
33 89 809
33 90 2373
33 91 3054
33 92 1538
33 93 3187
33 94 1469
33 95 2505
33 96 1446
33 97 2889
33 98 2386
33 99 2788
33 100 2818
34 35 592
34 36 2088
34 37 635
34 38 716
34 39 1695
34 40 1601
34 41 2271
34 42 1685
34 43 835
34 44 2546
34 45 2025
34 46 389
34 47 1145
34 48 2138
34 49 932
34 50 1156
34 51 2373
34 52 597
34 53 1670
34 54 666
34 55 1253
34 56 1359
34 57 242
34 58 351
34 59 1222
34 60 626
34 61 487
34 62 1487
34 63 2120
34 64 1542
34 65 938
34 66 898
34 67 1881
34 68 1161
34 69 1240
34 70 1792
34 71 531
34 72 529
34 73 1616
34 74 608
34 75 998
34 76 1353
34 77 1525
34 78 1959
34 79 1117
34 80 787
34 81 1290
34 82 1766
34 83 1280
34 84 321
34 85 1568
34 86 918
34 87 857
34 88 1174
34 89 891
34 90 746
34 91 1586
34 92 2213
34 93 1601
34 94 332
34 95 926
34 96 2075
34 97 1475
34 98 879
34 99 1354
34 100 1343
35 36 2464
35 37 1222
35 38 1149
35 39 1939
35 40 1887
35 41 2622
35 42 1893
35 43 1186
35 44 2954
35 45 2394
35 46 686
35 47 1725
35 48 2296
35 49 1284
35 50 1535
35 51 2423
35 52 1071
35 53 1841
35 54 1198
35 55 1730
35 56 1840
35 57 512
35 58 855
35 59 898
35 60 781
35 61 106
35 62 1907
35 63 2323
35 64 1689
35 65 1501
35 66 733
35 67 2202
35 68 1419
35 69 1656
35 70 2017
35 71 414
35 72 1114
35 73 1676
35 74 684
35 75 1456
35 76 1037
35 77 1912
35 78 2261
35 79 1667
35 80 1255
35 81 1842
35 82 1893
35 83 1351
35 84 805
35 85 1604
35 86 1262
35 87 931
35 88 1727
35 89 1134
35 90 854
35 91 1356
35 92 2623
35 93 1533
35 94 359
35 95 888
35 96 2486
35 97 1191
35 98 723
35 99 1090
35 100 1811
36 37 1936
36 38 2468
36 39 3449
36 40 3304
36 41 212
36 42 821
36 43 1284
36 44 509
36 45 77
36 46 2434
36 47 2023
36 48 934
36 49 2717
36 50 938
36 51 1391
36 52 1494
36 53 3526
36 54 1487
36 55 909
36 56 2663
36 57 1995
36 58 1739
36 59 3292
36 60 1691
36 61 2392
36 62 2930
36 63 756
36 64 1063
36 65 2127
36 66 1956
36 67 3457
36 68 3006
36 69 2784
36 70 3558
36 71 2607
36 72 1968
36 73 3590
36 74 1798
36 75 2549
36 76 3428
36 77 564
36 78 372
36 79 2252
36 80 2426
36 81 2296
36 82 1051
36 83 1372
36 84 1767
36 85 3563
36 86 2720
36 87 1612
36 88 1241
36 89 1342
36 90 2794
36 91 3674
36 92 228
36 93 3654
36 94 2119
36 95 3003
36 96 182
36 97 3558
36 98 2966
36 99 3439
36 100 2699
37 38 539
37 39 1524
37 40 1387
37 41 2142
37 42 1796
37 43 954
37 44 2316
37 45 1890
37 46 703
37 47 512
37 48 2263
37 49 782
37 50 1131
37 51 2592
37 52 639
37 53 1590
37 54 513
37 55 1028
37 56 882
37 57 817
37 58 567
37 59 1669
37 60 1040
37 61 1116
37 62 1094
37 63 2194
37 64 1737
37 65 343
37 66 1427
37 67 1588
37 68 1071
37 69 893
37 70 1632
37 71 1041
37 72 108
37 73 1671
37 74 1085
37 75 637
37 76 1779
37 77 1416
37 78 1923
37 79 535
37 80 490
37 81 693
37 82 1955
37 83 1588
37 84 608
37 85 1653
37 86 786
37 87 1253
37 88 763
37 89 1122
37 90 985
37 91 1918
37 92 2000
37 93 1788
37 94 951
37 95 1224
37 96 1869
37 97 1863
37 98 1278
37 99 1741
37 100 890
38 39 1033
38 40 916
38 41 2672
38 42 2256
38 43 1384
38 44 2855
38 45 2419
38 46 465
38 47 794
38 48 2723
38 49 255
38 50 1623
38 51 3013
38 52 1071
38 53 1067
38 54 1002
38 55 1560
38 56 693
38 57 959
38 58 895
38 59 1287
38 60 1317
38 61 1060
38 62 776
38 63 2673
38 64 2160
38 65 535
38 66 1614
38 67 1173
38 68 540
38 69 526
38 70 1138
38 71 813
38 72 501
38 73 1132
38 74 1318
38 75 306
38 76 1373
38 77 1935
38 78 2432
38 79 619
38 80 126
38 81 781
38 82 2384
38 83 1949
38 84 908
38 85 1116
38 86 254
38 87 1550
38 88 1297
38 89 1510
38 90 550
38 91 1447
38 92 2537
38 93 1265
38 94 1027
38 95 783
38 96 2406
38 97 1426
38 98 900
38 99 1310
38 100 661
39 40 160
39 41 3658
39 42 3288
39 43 2417
39 44 3793
39 45 3407
39 46 1334
39 47 1507
39 48 3756
39 49 781
39 50 2646
39 51 4042
39 52 2103
39 53 239
39 54 2022
39 55 2543
39 56 907
39 57 1930
39 58 1924
39 59 1541
39 60 2320
39 61 1882
39 62 647
39 63 3702
39 64 3191
39 65 1336
39 66 2557
39 67 366
39 68 537
39 69 683
39 70 109
39 71 1526
39 72 1516
39 73 582
39 74 2302
39 75 900
39 76 1532
39 77 2939
39 78 3447
39 79 1256
39 80 1038
39 81 1296
39 82 3416
39 83 2966
39 84 1933
39 85 654
39 86 789
39 87 2552
39 88 2225
39 89 2538
39 90 1085
39 91 1353
39 92 3492
39 93 934
39 94 1954
39 95 1121
39 96 3367
39 97 1471
39 98 1325
39 99 1414
39 100 848
40 41 3514
40 42 3164
40 43 2296
40 44 3641
40 45 3263
40 46 1255
40 47 1350
40 48 3632
40 49 672
40 50 2514
40 51 3928
40 52 1980
40 53 365
40 54 1891
40 55 2400
40 56 747
40 57 1839
40 58 1811
40 59 1565
40 60 2221
40 61 1823
40 62 489
40 63 3574
40 64 3075
40 65 1185
40 66 2477
40 67 328
40 68 467
40 69 528
40 70 264
40 71 1478
40 72 1386
40 73 684
40 74 2209
40 75 756
40 76 1570
40 77 2800
40 78 3310
40 79 1099
40 80 908
40 81 1136
40 82 3299
40 83 2861
40 84 1822
40 85 745
40 86 684
40 87 2453
40 88 2075
40 89 2425
40 90 1040
40 91 1423
40 92 3343
40 93 1023
40 94 1875
40 95 1111
40 96 3218
40 97 1525
40 98 1314
40 99 1457
40 100 688
41 42 875
41 43 1453
41 44 447
41 45 253
41 46 2624
41 47 2235
41 48 876
41 49 2922
41 50 1115
41 51 1314
41 52 1681
41 53 3732
41 54 1685
41 55 1116
41 56 2875
41 57 2165
41 58 1924
41 59 3465
41 60 1843
41 61 2554
41 62 3142
41 63 696
41 64 1128
41 65 2338
41 66 2078
41 67 3668
41 68 3211
41 69 2995
41 70 3767
41 71 2783
41 72 2171
41 73 3791
41 74 1947
41 75 2758
41 76 3602
41 77 750
41 78 406
41 79 2464
41 80 2633
41 81 2508
41 82 1073
41 83 1463
41 84 1949
41 85 3762
41 86 2925
41 87 1744
41 88 1453
41 89 1490
41 90 2986
41 91 3855
41 92 316
41 93 3847
41 94 2284
41 95 3191
41 96 355
41 97 3735
41 98 3147
41 99 3617
41 100 2911
42 43 874
42 44 1309
42 45 748
42 46 2071
42 47 2081
42 48 468
42 49 2510
42 50 683
42 51 836
42 52 1185
42 53 3310
42 54 1283
42 55 969
42 56 2654
42 57 1515
42 58 1381
42 59 2781
42 60 1127
42 61 1846
42 62 2887
42 63 437
42 64 254
42 65 2085
42 66 1259
42 67 3383
42 68 2783
42 69 2688
42 70 3394
42 71 2138
42 72 1781
42 73 3296
42 74 1212
42 75 2429
42 76 2921
42 77 618
42 78 470
42 79 2255
42 80 2256
42 81 2356
42 82 260
42 83 606
42 84 1385
42 85 3250
42 86 2505
42 87 965
42 88 1357
42 89 798
42 90 2431
42 91 3212
42 92 1047
42 93 3282
42 94 1596
42 95 2600
42 96 955
42 97 3067
42 98 2514
42 99 2956
42 100 2673
43 44 1769
43 45 1216
43 46 1212
43 47 1330
43 48 1340
43 49 1638
43 50 349
43 51 1641
43 52 319
43 53 2436
43 54 460
43 55 608
43 56 1834
43 57 712
43 58 510
43 59 2012
43 60 445
43 61 1110
43 62 2047
43 63 1300
43 64 785
43 65 1273
43 66 827
43 67 2527
43 68 1909
43 69 1835
43 70 2522
43 71 1333
43 72 923
43 73 2428
43 74 556
43 75 1574
43 76 2149
43 77 726
43 78 1125
43 79 1458
43 80 1392
43 81 1586
43 82 1006
43 83 663
43 84 521
43 85 2386
43 86 1632
43 87 490
43 88 804
43 89 210
43 90 1575
43 91 2409
43 92 1437
43 93 2435
43 94 836
43 95 1761
43 96 1300
43 97 2283
43 98 1701
43 99 2166
43 100 1844
44 45 586
44 46 2873
44 47 2311
44 48 1314
44 49 3096
44 50 1419
44 51 1737
44 52 1949
44 53 3892
44 54 1913
44 55 1312
44 56 2956
44 57 2473
44 58 2195
44 59 3762
44 60 2189
44 61 2878
44 62 3232
44 63 1137
44 64 1558
44 65 2457
44 66 2464
44 67 3761
44 68 3384
44 69 3114
44 70 3901
44 71 3072
44 72 2363
44 73 3986
44 74 2297
44 75 2896
44 76 3896
44 77 1042
44 78 840
44 79 2556
44 80 2798
44 81 2570
44 82 1517
44 83 1878
44 84 2228
44 85 3966
44 86 3101
44 87 2119
44 88 1571
44 89 1843
44 90 3226
44 91 4127
44 92 333
44 93 4078
44 94 2604
44 95 3444
44 96 471
44 97 4020
44 98 3423
44 99 3900
44 100 3000
45 46 2375
45 47 1994
45 48 883
45 49 2670
45 50 872
45 51 1342
45 52 1433
45 53 3480
45 54 1433
45 55 864
45 56 2631
45 57 1928
45 58 1677
45 59 3226
45 60 1619
45 61 2323
45 62 2896
45 63 706
45 64 988
45 65 2090
45 66 1880
45 67 3422
45 68 2958
45 69 2746
45 70 3516
45 71 2542
45 72 1918
45 73 3538
45 74 1726
45 75 2508
45 76 3363
45 77 501
45 78 309
45 79 2219
45 80 2381
45 81 2269
45 82 981
45 83 1296
45 84 1704
45 85 3510
45 86 2672
45 87 1537
45 88 1209
45 89 1269
45 90 2736
45 91 3611
45 92 300
45 93 3597
45 94 2051
45 95 2943
45 96 228
45 97 3493
45 98 2903
45 99 3375
45 100 2666
46 47 1142
46 48 2527
46 49 611
46 50 1517
46 51 2760
46 52 943
46 53 1290
46 54 960
46 55 1563
46 56 1158
46 57 604
46 58 707
46 59 969
46 60 1008
46 61 601
46 62 1223
46 63 2505
46 64 1931
46 65 891
46 66 1223
46 67 1554
46 68 798
46 69 972
46 70 1426
46 71 365
46 72 605
46 73 1227
46 74 976
46 75 771
46 76 1083
46 77 1874
46 78 2329
46 79 1029
46 80 577
46 81 1203
46 82 2155
46 83 1665
46 84 691
46 85 1179
46 86 591
46 87 1236
46 88 1406
46 89 1279
46 90 364
46 91 1261
46 92 2543
46 93 1226
46 94 621
46 95 572
46 96 2406
46 97 1180
46 98 583
46 99 1057
46 100 1126
47 48 2532
47 49 945
47 50 1399
47 51 2910
47 52 1050
47 53 1643
47 54 874
47 55 1165
47 56 645
47 57 1327
47 58 1051
47 59 2068
47 60 1514
47 61 1620
47 62 920
47 63 2433
47 64 2076
47 65 260
47 66 1920
47 67 1449
47 68 1199
47 69 826
47 70 1614
47 71 1502
47 72 615
47 73 1820
47 74 1572
47 75 662
47 76 2161
47 77 1585
47 78 2101
47 79 251
47 80 678
47 81 279
47 82 2279
47 83 1992
47 84 1098
47 85 1827
47 86 962
47 87 1709
47 88 786
47 89 1526
47 90 1338
47 91 2238
47 92 2029
47 93 2020
47 94 1463
47 95 1575
47 96 1914
47 97 2219
47 98 1675
47 99 2103
47 100 689
48 49 2977
48 50 1142
48 51 461
48 52 1653
48 53 3775
48 54 1750
48 55 1391
48 56 3116
48 57 1955
48 58 1844
48 59 3192
48 60 1556
48 61 2259
48 62 3352
48 63 181
48 64 609
48 65 2547
48 66 1611
48 67 3850
48 68 3249
48 69 3155
48 70 3861
48 71 2571
48 72 2249
48 73 3753
48 74 1629
48 75 2897
48 76 3332
48 77 993
48 78 584
48 79 2714
48 80 2725
48 81 2810
48 82 405
48 83 950
48 84 1846
48 85 3706
48 86 2972
48 87 1367
48 88 1785
48 89 1248
48 90 2883
48 91 3636
48 92 1151
48 93 3727
48 94 2023
48 95 3044
48 96 1110
48 97 3482
48 98 2947
48 99 3376
48 100 3136
49 50 1878
49 51 3261
49 52 1325
49 53 812
49 54 1257
49 55 1809
49 56 643
49 57 1172
49 58 1143
49 59 1240
49 60 1549
49 61 1206
49 62 631
49 63 2928
49 64 2410
49 65 703
49 66 1818
49 67 951
49 68 289
49 69 389
49 70 885
49 71 903
49 72 754
49 73 901
49 74 1540
49 75 305
49 76 1303
49 77 2188
49 78 2687
49 79 726
49 80 299
49 81 858
49 82 2635
49 83 2189
49 84 1152
49 85 895
49 86 26
49 87 1782
49 88 1531
49 89 1757
49 90 529
49 91 1317
49 92 2782
49 93 1076
49 94 1220
49 95 719
49 96 2651
49 97 1329
49 98 882
49 99 1222
49 100 593
50 51 1512
50 52 575
50 53 2688
50 54 624
50 55 367
50 56 1974
50 57 1057
50 58 812
50 59 2354
50 60 782
50 61 1459
50 62 2213
50 63 1063
50 64 700
50 65 1406
50 66 1124
50 67 2717
50 68 2160
50 69 2023
50 70 2753
50 71 1670
50 72 1130
50 73 2711
50 74 894
50 75 1768
50 76 2490
50 77 378
50 78 816
50 79 1573
50 80 1608
50 81 1673
50 82 887
50 83 752
50 84 835
50 85 2675
50 86 1876
50 87 769
50 88 706
50 89 462
50 90 1881
50 91 2741
50 92 1088
50 93 2743
50 94 1185
50 95 2079
50 96 951
50 97 2621
50 98 2032
50 99 2503
50 100 1995
51 52 1960
51 53 4039
51 54 2084
51 55 1803
51 56 3465
51 57 2164
51 58 2118
51 59 3317
51 60 1755
51 61 2406
51 62 3686
51 63 636
51 64 856
51 65 2898
51 66 1697
51 67 4167
51 68 3520
51 69 3476
51 70 4144
51 71 2748
51 72 2564
51 73 3982
51 74 1805
51 75 3215
51 76 3455
51 77 1426
51 78 1045
51 79 3074
51 80 3030
51 81 3183
51 82 637
51 83 1099
51 84 2110
51 85 3927
51 86 3253
51 87 1537
51 88 2192
51 89 1504
51 90 3103
51 91 3779
51 92 1602
51 93 3919
51 94 2201
51 95 3237
51 96 1569
51 97 3611
51 98 3117
51 99 3513
51 100 3480
52 53 2129
52 54 189
52 55 666
52 56 1521
52 57 560
52 58 246
52 59 1816
52 60 506
52 61 978
52 62 1729
52 63 1603
52 64 1104
52 65 966
52 66 933
52 67 2208
52 68 1601
52 69 1516
52 70 2209
52 71 1125
52 72 604
52 73 2138
52 74 594
52 75 1255
52 76 1949
52 77 932
52 78 1391
52 79 1154
52 80 1074
52 81 1292
52 82 1324
52 83 954
52 84 282
52 85 2101
52 86 1321
52 87 668
52 88 688
52 89 486
52 90 1307
52 91 2181
52 92 1616
52 93 2169
52 94 713
52 95 1509
52 96 1478
52 97 2072
52 98 1475
52 99 1951
52 100 1529
53 54 2068
53 55 2617
53 56 1084
53 57 1894
53 58 1931
53 59 1354
53 60 2295
53 61 1796
53 62 844
53 63 3732
53 64 3196
53 65 1447
53 66 2497
53 67 600
53 68 528
53 69 824
53 70 230
53 71 1429
53 72 1566
53 73 347
53 74 2266
53 75 1001
53 76 1332
53 77 3000
53 78 3499
53 79 1394
53 80 1100
53 81 1457
53 82 3421
53 83 2950
53 84 1933
53 85 423
53 86 813
53 87 2525
53 88 2321
53 89 2540
53 90 994
53 91 1129
53 92 3583
53 93 702
53 94 1899
53 95 982
53 96 3454
53 97 1259
53 98 1182
53 99 1211
53 100 1022
54 55 603
54 56 1381
54 57 690
54 58 344
54 59 1883
54 60 693
54 61 1100
54 62 1605
54 63 1684
54 64 1232
54 65 816
54 66 1120
54 67 2100
54 68 1541
54 69 1405
54 70 2130
54 71 1194
54 72 506
54 73 2107
54 74 778
54 75 1148
54 76 2011
54 77 939
54 78 1431
54 79 998
54 80 984
54 81 1126
54 82 1447
54 83 1119
54 84 394
54 85 2077
54 86 1256
54 87 855
54 88 530
54 89 652
54 90 1314
54 91 2219
54 92 1584
54 93 2169
54 94 848
54 95 1532
54 96 1448
54 97 2124
54 98 1523
54 99 2002
54 100 1395
55 56 1787
55 57 1222
55 58 907
55 59 2476
55 60 1046
55 61 1641
55 62 2045
55 63 1277
55 64 1042
55 65 1233
55 66 1434
55 67 2567
55 68 2098
55 69 1885
55 70 2652
55 71 1784
55 72 1061
55 73 2686
55 74 1157
55 75 1644
55 76 2606
55 77 420
55 78 936
55 79 1375
55 80 1517
55 81 1445
55 82 1204
55 83 1119
55 84 948
55 85 2662
55 86 1812
55 87 1089
55 88 394
55 89 784
55 90 1915
55 91 2821
55 92 985
55 93 2766
55 94 1370
55 95 2135
55 96 850
55 97 2723
55 98 2123
55 99 2602
55 100 1817
56 57 1593
56 58 1428
56 59 1882
56 60 1895
56 61 1748
56 62 278
56 63 3031
56 64 2613
56 65 569
56 66 2245
56 67 805
56 68 769
56 69 297
56 70 1007
56 71 1501
56 72 934
56 73 1331
56 74 1921
56 75 387
56 76 1940
56 77 2203
56 78 2721
56 79 412
56 80 587
56 81 397
56 82 2828
56 83 2469
56 84 1459
56 85 1362
56 86 669
56 87 2118
56 88 1422
56 89 2004
56 90 1169
56 91 1916
56 92 2674
56 93 1604
56 94 1687
56 95 1361
56 96 2558
56 97 1953
56 98 1524
56 99 1852
56 100 64
57 58 348
57 59 1300
57 60 408
57 61 419
57 62 1727
57 63 1952
57 64 1350
57 65 1142
57 66 657
57 67 2122
57 68 1394
57 69 1482
57 70 2025
57 71 627
57 72 719
57 73 1819
57 74 373
57 75 1238
57 76 1437
57 77 1434
57 78 1828
57 79 1328
57 80 1026
57 81 1497
57 82 1571
57 83 1065
57 84 296
57 85 1764
57 86 1157
57 87 632
57 88 1220
57 89 717
57 90 939
57 91 1706
57 92 2140
57 93 1772
57 94 158
57 95 1088
57 96 2002
57 97 1573
57 98 1002
57 99 1457
57 100 1579
58 59 1571
58 60 473
58 61 756
58 62 1608
58 63 1810
58 64 1268
58 65 910
58 66 869
58 67 2060
58 68 1407
58 69 1379
58 70 2027
58 71 879
58 72 495
58 73 1918
58 74 521
58 75 1120
58 76 1703
58 77 1176
58 78 1622
58 79 1102
58 80 921
58 81 1259
58 82 1492
58 83 1059
58 84 54
58 85 1877
58 86 1135
58 87 690
58 88 873
58 89 615
58 90 1071
58 91 1935
58 92 1862
58 93 1933
58 94 506
58 95 1268
58 96 1724
58 97 1825
58 98 1229
58 99 1705
58 100 1427
59 60 1656
59 61 935
59 62 1814
59 63 3214
59 64 2585
59 65 1808
59 66 1621
59 67 1888
59 68 1176
59 69 1606
59 70 1577
59 71 692
59 72 1573
59 73 1064
59 74 1569
59 75 1531
59 76 140
59 77 2730
59 78 3124
59 79 1905
59 80 1411
59 81 2064
59 82 2791
59 83 2249
59 84 1535
59 85 977
59 86 1215
59 87 1826
59 88 2364
59 89 2000
59 90 737
59 91 476
59 92 3429
59 93 786
59 94 1191
59 95 521
59 96 3291
59 97 294
59 98 393
59 99 211
59 100 1829
60 61 723
60 62 2063
60 63 1563
60 64 948
60 65 1383
60 66 427
60 67 2490
60 68 1787
60 69 1826
60 70 2417
60 71 1016
60 72 967
60 73 2227
60 74 112
60 75 1570
60 76 1795
60 77 1150
60 78 1479
60 79 1575
60 80 1364
60 81 1731
60 82 1166
60 83 657
60 84 437
60 85 2173
60 86 1536
60 87 233
60 88 1176
60 89 353
60 90 1347
60 91 2086
60 92 1861
60 93 2176
60 94 469
60 95 1492
60 96 1726
60 97 1940
60 98 1391
60 99 1829
60 100 1891
61 62 1824
61 63 2279
61 64 1651
61 65 1398
61 66 733
61 67 2135
61 68 1356
61 69 1573
61 70 1964
61 71 371
61 72 1009
61 73 1648
61 74 634
61 75 1365
61 76 1075
61 77 1836
61 78 2200
61 79 1566
61 80 1162
61 81 1741
61 82 1860
61 83 1321
61 84 707
61 85 1579
61 86 1185
61 87 892
61 88 1627
61 89 1073
61 90 803
61 91 1379
61 92 2546
61 93 1526
61 94 274
61 95 863
61 96 2409
61 97 1223
61 98 716
61 99 1116
61 100 1720
62 63 3275
62 64 2831
62 65 814
62 66 2384
62 67 529
62 68 644
62 69 251
62 70 741
62 71 1533
62 72 1128
62 73 1126
62 74 2076
62 75 493
62 76 1853
62 77 2459
62 78 2976
62 79 679
62 80 702
62 81 675
62 82 3050
62 83 2664
62 84 1633
62 85 1169
62 86 656
62 87 2291
62 88 1689
62 89 2205
62 90 1148
62 91 1782
62 92 2947
62 93 1430
62 94 1802
62 95 1304
62 96 2829
62 97 1844
62 98 1488
62 99 1754
62 100 232
63 64 641
63 65 2464
63 66 1665
63 67 3781
63 68 3205
63 69 3086
63 70 3809
63 71 2575
63 72 2188
63 73 3727
63 74 1645
63 75 2830
63 76 3354
63 77 866
63 78 415
63 79 2625
63 80 2666
63 81 2712
63 82 478
63 83 1000
63 84 1817
63 85 3683
63 86 2924
63 87 1392
63 88 1671
63 89 1235
63 90 2866
63 91 3648
63 92 970
63 93 3718
63 94 2032
63 95 3037
63 96 932
63 97 3501
63 98 2951
63 99 3391
63 100 3055
64 65 2048
64 66 1025
64 67 3311
64 68 2674
64 69 2620
64 70 3295
64 71 1963
64 72 1708
64 73 3158
64 74 1020
64 75 2359
64 76 2724
64 77 766
64 78 722
64 79 2227
64 80 2174
64 81 2344
64 82 225
64 83 362
64 84 1263
64 85 3108
64 86 2403
64 87 759
64 88 1405
64 89 656
64 90 2284
64 91 3027
64 92 1286
64 93 3122
64 94 1414
64 95 2438
64 96 1185
64 97 2874
64 98 2338
64 99 2767
64 100 2626
65 66 1767
65 67 1334
65 68 972
65 69 659
65 70 1444
65 71 1254
65 72 426
65 73 1595
65 74 1426
65 75 446
65 76 1900
65 77 1645
65 78 2162
65 79 192
65 80 423
65 81 355
65 82 2261
65 83 1920
65 84 950
65 85 1596
65 86 718
65 87 1594
65 88 891
65 89 1452
65 90 1078
65 91 1981
65 92 2158
65 93 1776
65 94 1266
65 95 1315
65 96 2035
65 97 1959
65 98 1416
65 99 1843
65 100 591
66 67 2769
66 68 2021
66 69 2138
66 70 2647
66 71 1098
66 72 1342
66 73 2373
66 74 349
66 75 1894
66 76 1758
66 77 1459
66 78 1685
66 79 1957
66 80 1683
66 81 2120
66 82 1206
66 83 665
66 84 822
66 85 2307
66 86 1802
66 87 356
66 88 1598
66 89 661
66 90 1507
66 91 2086
66 92 2149
66 93 2259
66 94 603
66 95 1594
66 96 2022
66 97 1915
66 98 1447
66 99 1818
66 100 2233
67 68 786
67 69 695
67 70 387
67 71 1797
67 72 1605
67 73 946
67 74 2488
67 75 954
67 76 1887
67 77 2978
67 78 3493
67 79 1208
67 80 1140
67 81 1198
67 82 3533
67 83 3118
67 84 2077
67 85 1019
67 86 968
67 87 2723
67 88 2216
67 89 2670
67 90 1363
67 91 1718
67 92 3476
67 93 1300
67 94 2170
67 95 1439
67 96 3357
67 97 1833
67 98 1642
67 99 1772
67 100 761
68 69 472
68 70 631
68 71 1011
68 72 1041
68 73 623
68 74 1767
68 75 537
68 76 1210
68 77 2475
68 78 2972
68 79 963
68 80 586
68 81 1069
68 82 2898
68 83 2437
68 84 1411
68 85 629
68 86 287
68 87 2019
68 88 1818
68 89 2018
68 90 577
68 91 1150
68 92 3071
68 93 844
68 94 1418
68 95 680
68 96 2940
68 97 1201
68 98 876
68 99 1111
68 100 708
69 70 790
69 71 1287
69 72 912
69 73 1045
69 74 1834
69 75 261
69 76 1657
69 77 2291
69 78 2805
69 79 574
69 80 461
69 81 635
69 82 2840
69 83 2438
69 84 1401
69 85 1071
69 86 414
69 87 2056
69 88 1550
69 89 1984
69 90 915
69 91 1621
69 92 2817
69 93 1308
69 94 1553
69 95 1089
69 96 2694
69 97 1663
69 98 1263
69 99 1565
69 100 235
70 71 1604
70 72 1624
70 73 572
70 74 2398
70 75 1009
70 76 1559
70 77 3048
70 78 3555
70 79 1362
70 80 1146
70 81 1399
70 82 3519
70 83 3066
70 84 2035
70 85 652
70 86 892
70 87 2649
70 88 2334
70 89 2641
70 90 1163
70 91 1358
70 92 3601
70 93 929
70 94 2045
70 95 1181
70 96 3476
70 97 1488
70 98 1385
70 99 1440
70 100 949
71 72 937
71 73 1277
71 74 947
71 75 1114
71 76 824
71 77 2043
71 78 2454
71 79 1394
71 80 932
71 81 1567
71 82 2179
71 83 1652
71 84 844
71 85 1210
71 86 879
71 87 1215
71 88 1688
71 89 1344
71 90 441
71 91 1079
71 92 2739
71 93 1171
71 94 550
71 95 496
71 96 2601
71 97 951
71 98 376
71 99 833
71 100 1463
72 73 1625
72 74 1003
72 75 651
72 76 1686
72 77 1434
72 78 1934
72 79 615
72 80 478
72 81 781
72 82 1928
72 83 1539
72 84 530
72 85 1603
72 86 755
72 87 1185
72 88 828
72 89 1077
72 90 903
72 91 1836
72 92 2042
72 93 1724
72 94 849
72 95 1140
72 96 1909
72 97 1774
72 98 1185
72 99 1652
72 100 936
73 74 2182
73 75 1158
73 76 1022
73 77 3046
73 78 3527
73 79 1580
73 80 1200
73 81 1673
73 82 3382
73 83 2884
73 84 1910
73 85 88
73 86 891
73 87 2449
73 88 2428
73 89 2506
73 90 880
73 91 789
73 92 3668
73 93 356
73 94 1795
73 95 788
73 96 3535
73 97 932
73 98 969
73 99 899
73 100 1268
74 75 1583
74 76 1709
74 77 1260
74 78 1579
74 79 1617
74 80 1374
74 81 1778
74 82 1233
74 83 707
74 84 477
74 85 2125
74 86 1526
74 87 269
74 88 1274
74 89 457
74 90 1302
74 91 2007
74 92 1970
74 93 2115
74 94 397
74 95 1432
74 96 1836
74 97 1856
74 98 1321
74 99 1747
74 100 1913
75 76 1601
75 77 2045
75 78 2556
75 79 428
75 80 212
75 81 553
75 82 2580
75 83 2178
75 84 1143
75 85 1166
75 86 328
75 87 1800
75 88 1326
75 89 1723
75 90 801
75 91 1622
75 92 2592
75 93 1368
75 94 1320
75 95 1012
75 96 2467
75 97 1632
75 98 1159
75 99 1524
75 100 355
76 77 2865
76 78 3263
76 79 1989
76 80 1495
76 81 2142
76 82 2930
76 83 2388
76 84 1668
76 85 934
76 86 1278
76 87 1965
76 88 2486
76 89 2140
76 90 823
76 91 355
76 92 3563
76 93 714
76 94 1330
76 95 592
76 96 3425
76 97 161
76 98 501
76 99 123
76 100 1884
77 78 518
77 79 1792
77 80 1905
77 81 1864
77 82 874
77 83 967
77 84 1204
77 85 3015
77 86 2189
77 87 1104
77 88 809
77 89 811
77 90 2236
77 91 3110
77 92 712
77 93 3097
77 94 1562
77 95 2442
77 96 576
77 97 2994
77 98 2403
77 99 2875
77 100 2233
78 79 2310
78 80 2409
78 81 2380
78 82 683
78 83 1059
78 84 1640
78 85 3491
78 86 2686
78 87 1360
78 88 1321
78 89 1128
78 90 2693
78 91 3532
78 92 600
78 93 3555
78 94 1935
78 95 2885
78 96 535
78 97 3401
78 98 2825
78 99 3286
78 100 2750
79 80 494
79 81 176
79 82 2438
79 83 2108
79 84 1142
79 85 1592
79 86 746
79 87 1787
79 88 1011
79 89 1640
79 90 1169
79 91 2038
79 92 2268
79 93 1796
79 94 1447
79 95 1397
79 96 2150
79 97 2034
79 98 1519
79 99 1921
79 100 448
80 81 655
80 82 2397
80 83 1980
80 84 941
80 85 1192
80 86 309
80 87 1595
80 88 1232
80 89 1531
80 90 674
80 91 1560
80 92 2486
80 93 1358
80 94 1108
80 95 904
80 96 2356
80 97 1545
80 98 1025
80 99 1431
80 100 562
81 82 2550
81 83 2244
81 84 1301
81 85 1692
81 86 880
81 87 1937
81 88 1064
81 89 1775
81 90 1327
81 91 2175
81 92 2295
81 93 1911
81 94 1620
81 95 1551
81 96 2183
81 97 2181
81 98 1680
81 99 2071
81 100 451
82 83 545
82 84 1488
82 85 3331
82 86 2627
82 87 968
82 88 1583
82 89 881
82 90 2506
82 91 3238
82 92 1279
82 93 3342
82 94 1629
82 95 2658
82 96 1198
82 97 3082
82 98 2554
82 99 2976
82 100 2842
83 84 1041
83 85 2828
83 86 2179
83 87 438
83 88 1423
83 89 469
83 90 2004
83 91 2700
83 92 1585
83 93 2822
83 94 1103
83 95 2139
83 96 1471
83 97 2541
83 98 2024
83 99 2437
83 100 2474
84 85 1867
84 86 1143
84 87 659
84 88 925
84 89 607
84 90 1055
84 91 1907
84 92 1895
84 93 1916
84 94 454
84 95 1245
84 96 1757
84 97 1793
84 98 1199
84 99 1673
84 100 1456
85 86 883
85 87 2392
85 88 2414
85 89 2458
85 90 825
85 91 706
85 92 3645
85 93 280
85 94 1735
85 95 717
85 96 3511
85 97 846
85 98 892
85 99 812
85 100 1298
86 87 1769
86 88 1538
86 89 1749
86 90 503
86 91 1295
86 92 2786
86 93 1059
86 94 1202
86 95 693
86 96 2655
86 97 1305
86 98 856
86 99 1198
86 100 619
87 88 1287
87 89 308
87 90 1568
87 91 2270
87 92 1800
87 93 2384
87 94 666
87 95 1701
87 96 1671
87 97 2115
87 98 1588
87 99 2009
87 100 2116
88 89 1012
88 90 1729
88 91 2659
88 92 1267
88 93 2549
88 94 1378
88 95 1963
88 96 1144
88 97 2586
88 98 1987
88 99 2463
88 100 1458
89 90 1636
89 91 2421
89 92 1517
89 93 2484
89 94 810
89 95 1802
89 96 1385
89 97 2281
89 98 1719
89 99 2168
89 100 2010
90 91 933
90 92 2898
90 93 863
90 94 918
90 95 241
90 96 2761
90 97 886
90 98 357
90 99 767
90 100 1121
91 92 3795
91 93 438
91 94 1617
91 95 696
91 96 3657
91 97 200
91 98 708
91 99 268
91 100 1856
92 93 3751
92 94 2272
92 95 3114
92 96 138
92 97 3688
92 98 3091
92 99 3567
92 100 2715
93 94 1718
93 95 684
93 96 3615
93 97 600
93 98 811
93 99 593
93 100 1541
94 95 1037
94 96 2135
94 97 1472
94 98 924
94 99 1360
94 100 1668
95 96 2977
95 97 646
95 98 205
95 99 528
95 100 1309
96 97 3549
96 98 2953
96 99 3429
96 100 2597
97 98 602
97 99 122
97 100 1895
98 99 480
98 100 1475
99 100 1796
