100 5049
1 2 1700
1 3 1846
1 4 942
1 5 2709
1 6 1440
1 7 1315
1 8 1751
1 9 1227
1 10 1379
1 11 1954
1 12 543
1 13 744
1 14 1289
1 15 511
1 16 1371
1 17 1957
1 18 877
1 19 1267
1 20 956
1 21 2105
1 22 1759
1 23 2016
1 24 659
1 25 2052
1 26 1051
1 27 462
1 28 2478
1 29 845
1 30 1615
1 31 1137
1 32 807
1 33 1649
1 34 2229
1 35 1739
1 36 1491
1 37 1043
1 38 2487
1 39 2392
1 40 379
1 41 1641
1 42 1195
1 43 2875
1 44 1520
1 45 1647
1 46 577
1 47 1203
1 48 1729
1 49 862
1 50 2217
1 51 1523
1 52 1977
1 53 32
1 54 1545
1 55 1114
1 56 2651
1 57 1513
1 58 2503
1 59 1783
1 60 1059
1 61 948
1 62 2002
1 63 1473
1 64 961
1 65 1024
1 66 1443
1 67 1040
1 68 1691
1 69 1599
1 70 2351
1 71 2455
1 72 2218
1 73 1863
1 74 1562
1 75 1638
1 76 2456
1 77 1238
1 78 1254
1 79 741
1 80 1224
1 81 1724
1 82 1366
1 83 2029
1 84 1859
1 85 216
1 86 2526
1 87 2317
1 88 2508
1 89 1831
1 90 2142
1 91 2316
1 92 1362
1 93 925
1 94 2431
1 95 2401
1 96 2037
1 97 1833
1 98 2407
1 99 1272
1 100 1650
2 3 1118
2 4 1353
2 5 1157
2 6 552
2 7 2851
2 8 972
2 9 2574
2 10 1824
2 11 2632
2 12 1581
2 13 1022
2 14 1561
2 15 1235
2 16 2437
2 17 1267
2 18 1973
2 19 1871
2 20 1196
2 21 617
2 22 854
2 23 349
2 24 2192
2 25 1349
2 26 2499
2 27 1244
2 28 1146
2 29 2041
2 30 331
2 31 767
2 32 2332
2 33 1803
2 34 1450
2 35 76
2 36 1686
2 37 2233
2 38 1091
2 39 1053
2 40 1478
2 41 714
2 42 1111
2 43 1299
2 44 2433
2 45 1893
2 46 1903
2 47 782
2 48 2418
2 49 1873
2 50 628
2 51 2577
2 52 2659
2 53 1715
2 54 499
2 55 1052
2 56 1196
2 57 1662
2 58 1508
2 59 989
2 60 1108
2 61 2336
2 62 586
2 63 2466
2 64 1171
2 65 708
2 66 2254
2 67 894
2 68 209
2 69 1335
2 70 679
2 71 1019
2 72 778
2 73 1125
2 74 1649
2 75 715
2 76 773
2 77 504
2 78 2639
2 79 1108
2 80 476
2 81 1920
2 82 2751
2 83 630
2 84 2565
2 85 1485
2 86 923
2 87 2739
2 88 1292
2 89 667
2 90 1376
2 91 616
2 92 1874
2 93 1641
2 94 734
2 95 718
2 96 2506
2 97 2025
2 98 1314
2 99 1783
2 100 1762
3 4 976
3 5 2130
3 6 1545
3 7 2534
3 8 2043
3 9 2141
3 10 1075
3 11 1770
3 12 1413
3 13 1545
3 14 863
3 15 1626
3 16 1842
3 17 2349
3 18 1569
3 19 1200
3 20 1919
3 21 806
3 22 1938
3 23 1073
3 24 2012
3 25 2439
3 26 2165
3 27 1453
3 28 2234
3 29 1672
3 30 793
3 31 1575
3 32 2107
3 33 886
3 34 2555
3 35 1062
3 36 849
3 37 1784
3 38 2162
3 39 2145
3 40 1478
3 41 414
3 42 1963
3 43 2230
3 44 1745
3 45 992
3 46 1688
3 47 1641
3 48 1605
3 49 1467
3 50 1656
3 51 1941
3 52 1794
3 53 1841
3 54 1545
3 55 1865
3 56 2232
3 57 809
3 58 2626
3 59 130
3 60 790
3 61 1996
3 62 1696
3 63 1819
3 64 1898
3 65 1347
3 66 1555
3 67 1651
3 68 911
3 69 415
3 70 1221
3 71 2082
3 72 1864
3 73 18
3 74 763
3 75 1781
3 76 1327
3 77 960
3 78 2222
3 79 1675
3 80 1149
3 81 983
3 82 2313
3 83 1740
3 84 1729
3 85 1690
3 86 1878
3 87 1748
3 88 2397
3 89 483
3 90 2477
3 91 1383
3 92 1142
3 93 1196
3 94 1500
3 95 1571
3 96 1565
3 97 1056
3 98 2431
3 99 1100
3 100 837
4 5 2508
4 6 1434
4 7 1607
4 8 1919
4 9 1262
4 10 580
4 11 1363
4 12 445
4 13 995
4 14 384
4 15 934
4 16 1084
4 17 2207
4 18 654
4 19 560
4 20 1407
4 21 1487
4 22 1863
4 23 1552
4 24 1040
4 25 2308
4 26 1237
4 27 689
4 28 2432
4 29 743
4 30 1103
4 31 1264
4 32 1144
4 33 758
4 34 2467
4 35 1350
4 36 593
4 37 905
4 38 2400
4 39 2337
4 40 565
4 41 922
4 42 1563
4 43 2652
4 44 1090
4 45 788
4 46 715
4 47 1351
4 48 1131
4 49 548
4 50 1978
4 51 1225
4 52 1390
4 53 929
4 54 1501
4 55 1454
4 56 2528
4 57 603
4 58 2654
4 59 950
4 60 258
4 61 1066
4 62 1870
4 63 1116
4 64 1395
4 65 1012
4 66 921
4 67 1260
4 68 1231
4 69 665
4 70 1843
4 71 2340
4 72 2088
4 73 993
4 74 642
4 75 1700
4 76 1959
4 77 871
4 78 1336
4 79 1106
4 80 1008
4 81 855
4 82 1441
4 83 1910
4 84 1282
4 85 847
4 86 2275
4 87 1597
4 88 2535
4 89 1135
4 90 2378
4 91 1900
4 92 602
4 93 290
4 94 2028
4 95 2045
4 96 1323
4 97 974
4 98 2497
4 99 497
4 100 747
5 6 1273
5 7 3953
5 8 1166
5 9 3707
5 10 2974
5 11 3777
5 12 2701
5 13 1967
5 14 2711
5 15 2201
5 16 3591
5 17 1237
5 18 3116
5 19 3027
5 20 1918
5 21 1350
5 22 1078
5 23 1059
5 24 3279
5 25 1236
5 26 3615
5 27 2294
5 28 449
5 29 3178
5 30 1449
5 31 1585
5 32 3426
5 33 2925
5 34 1184
5 35 1170
5 36 2821
5 37 3376
5 38 351
5 39 461
5 40 2565
5 41 1788
5 42 1710
5 43 170
5 44 3590
5 45 3020
5 46 3015
5 47 1534
5 48 3568
5 49 3018
5 50 531
5 51 3734
5 52 3803
5 53 2731
5 54 1166
5 55 1726
5 56 219
5 57 2793
5 58 967
5 59 2014
5 60 2265
5 61 3458
5 62 707
5 63 3623
5 64 1898
5 65 1695
5 66 3411
5 67 1701
5 68 1310
5 69 2436
5 70 974
5 71 316
5 72 499
5 73 2131
5 74 2773
5 75 1127
5 76 910
5 77 1644
5 78 3768
5 79 1997
5 80 1552
5 81 3038
5 82 3883
5 83 683
5 84 3713
5 85 2497
5 86 252
5 87 3849
5 88 629
5 89 1649
5 90 1180
5 91 761
5 92 3026
5 93 2795
5 94 668
5 95 569
5 96 3631
5 97 3135
5 98 799
5 99 2938
5 100 2880
6 7 2712
6 8 513
6 9 2509
6 10 1989
6 11 2793
6 12 1504
6 13 696
6 14 1741
6 15 930
6 16 2464
6 17 820
6 18 1951
6 19 1993
6 20 704
6 21 1169
6 22 434
6 23 880
6 24 2034
6 25 916
6 26 2391
6 27 1047
6 28 1055
6 29 1994
6 30 784
6 31 314
6 32 2185
6 33 2054
6 34 1057
6 35 628
6 36 1910
6 37 2205
6 38 1052
6 39 965
6 40 1336
6 41 1133
6 42 572
6 43 1441
6 44 2510
6 45 2126
6 46 1797
6 47 280
6 48 2563
6 49 1865
6 50 810
6 51 2617
6 52 2820
6 53 1463
6 54 109
6 55 532
6 56 1212
6 57 1897
6 58 1220
6 59 1417
6 60 1244
6 61 2244
6 62 566
6 63 2519
6 64 681
6 65 455
6 66 2350
6 67 437
6 68 720
6 69 1651
6 70 1179
6 71 1016
6 72 778
6 73 1556
6 74 1902
6 75 268
6 76 1250
6 77 632
6 78 2562
6 79 725
6 80 446
6 81 2170
6 82 2678
6 83 590
6 84 2714
6 85 1230
6 86 1108
6 87 2980
6 88 1121
6 89 1160
6 90 971
6 91 1041
6 92 2024
6 93 1689
6 94 1125
6 95 1056
6 96 2721
6 97 2286
6 98 1066
6 99 1922
6 100 2021
7 8 3063
7 9 439
7 10 1546
7 11 1495
7 12 1273
7 13 2032
7 14 1684
7 15 1809
7 16 860
7 17 3272
7 18 966
7 19 1391
7 20 2269
7 21 3089
7 22 3063
7 23 3112
7 24 678
7 25 3366
7 26 371
7 27 1666
7 28 3765
7 29 867
7 30 2666
7 31 2426
7 32 528
7 33 1856
7 34 3543
7 35 2870
7 36 1779
7 37 760
7 38 3764
7 39 3676
7 40 1388
7 41 2529
7 42 2509
7 43 4113
7 44 1074
7 45 1781
7 46 949
7 47 2500
7 48 1387
7 49 1071
7 50 3436
7 51 893
7 52 1503
7 53 1286
7 54 2811
7 55 2429
7 56 3920
7 57 1820
7 58 3818
7 59 2535
7 60 1857
7 61 542
7 62 3256
7 63 965
7 64 2275
7 65 2265
7 66 1183
7 67 2342
7 68 2778
7 69 2143
7 70 3424
7 71 3723
7 72 3477
7 73 2549
7 74 1882
7 75 2933
7 76 3539
7 77 2349
7 78 360
7 79 2049
7 80 2407
7 81 1849
7 82 341
7 83 3288
7 84 1422
7 85 1500
7 86 3747
7 87 1951
7 88 3810
7 89 2742
7 90 3457
7 91 3448
7 92 1483
7 93 1344
7 94 3574
7 95 3569
7 96 1745
7 97 1896
7 98 3716
7 99 1478
7 100 1891
8 9 2910
8 10 2486
8 11 3282
8 12 1929
8 13 1045
8 14 2243
8 15 1256
8 16 2910
8 17 308
8 18 2386
8 19 2479
8 20 829
8 21 1566
8 22 128
8 23 1230
8 24 2391
8 25 403
8 26 2769
8 27 1436
8 28 798
8 29 2416
8 30 1261
8 31 672
8 32 2543
8 33 2564
8 34 550
8 35 1046
8 36 2417
8 37 2631
8 38 847
8 39 734
8 40 1736
8 41 1629
8 42 591
8 43 1332
8 44 2974
8 45 2633
8 46 2194
8 47 587
8 48 3049
8 49 2309
8 50 889
8 51 3066
8 52 3309
8 53 1779
8 54 498
8 55 646
8 56 1024
8 57 2405
8 58 762
8 59 1914
8 60 1745
8 61 2636
8 62 610
8 63 2975
8 64 816
8 65 909
8 66 2824
8 67 727
8 68 1171
8 69 2164
8 70 1458
8 71 854
8 72 708
8 73 2053
8 74 2412
8 75 263
8 76 1495
8 77 1145
8 78 2955
8 79 1014
8 80 957
8 81 2679
8 82 3070
8 83 595
8 84 3200
8 85 1563
8 86 1099
8 87 3485
8 88 774
8 89 1629
8 90 461
8 91 1260
8 92 2517
8 93 2158
8 94 1300
8 95 1195
8 96 3223
8 97 2796
8 98 656
8 99 2413
8 100 2532
9 10 1120
9 11 1090
9 12 1009
9 13 1865
9 14 1281
9 15 1664
9 16 427
9 17 3147
9 18 609
9 19 969
9 20 2166
9 21 2747
9 22 2893
9 23 2806
9 24 586
9 25 3246
9 26 221
9 27 1475
9 28 3562
9 29 532
9 30 2356
9 31 2248
9 32 465
9 33 1425
9 34 3421
9 35 2583
9 36 1357
9 37 361
9 38 3549
9 39 3470
9 40 1177
9 41 2177
9 42 2395
9 43 3861
9 44 645
9 45 1346
9 46 716
9 47 2328
9 48 960
9 49 715
9 50 3181
9 51 487
9 52 1101
9 53 1195
9 54 2601
9 55 2303
9 56 3696
9 57 1399
9 58 3672
9 59 2154
9 60 1519
9 61 280
9 62 3027
9 63 538
9 64 2167
9 65 2054
9 66 745
9 67 2183
9 68 2477
9 69 1739
9 70 3103
9 71 3500
9 72 3250
9 73 2156
9 74 1460
9 75 2749
9 76 3220
9 77 2071
9 78 83
9 79 1909
9 80 2157
9 81 1413
9 82 179
9 83 3062
9 84 1010
9 85 1369
9 86 3488
9 87 1544
9 88 3627
9 89 2390
9 90 3332
9 91 3150
9 92 1055
9 93 980
9 94 3278
9 95 3285
9 96 1322
9 97 1458
9 98 3551
9 99 1060
9 100 1461
10 11 811
10 12 838
10 13 1572
10 14 263
10 15 1492
10 16 774
10 17 2778
10 18 663
10 19 158
10 20 1982
10 21 1797
10 22 2422
10 23 1953
10 24 1190
10 25 2879
10 26 1199
10 27 1242
10 28 2948
10 29 767
10 30 1527
10 31 1839
10 32 1228
10 33 322
10 34 3035
10 35 1805
10 36 239
10 37 791
10 38 2906
10 39 2854
10 40 1041
10 41 1233
10 42 2142
10 43 3105
10 44 671
10 45 279
10 46 925
10 47 1926
10 48 594
10 49 597
10 50 2450
10 51 866
10 52 838
10 53 1357
10 54 2047
10 55 2033
10 56 3020
10 57 281
10 58 3207
10 59 1121
10 60 748
10 61 1048
10 62 2380
10 63 743
10 64 1970
10 65 1584
10 66 481
10 67 1840
10 68 1665
10 69 660
10 70 2196
10 71 2839
10 72 2591
10 73 1088
10 74 341
10 75 2257
10 76 2310
10 77 1389
10 78 1203
10 79 1680
10 80 1550
10 81 358
10 82 1279
10 83 2422
10 84 741
10 85 1347
10 86 2730
10 87 1018
10 88 3066
10 89 1428
10 90 2946
10 91 2301
10 92 68
10 93 455
10 94 2428
10 95 2467
10 96 744
10 97 457
10 98 3042
10 99 108
10 100 350
11 12 1473
11 13 2322
11 14 1072
11 15 2201
11 16 684
11 17 3568
11 18 1078
11 19 803
11 20 2715
11 21 2551
11 22 3224
11 23 2741
11 24 1505
11 25 3670
11 26 1284
11 27 1955
11 28 3760
11 29 1129
11 30 2328
11 31 2624
11 32 1457
11 33 885
11 34 3830
11 35 2609
11 36 960
11 37 980
11 38 3716
11 39 3665
11 40 1697
11 41 2010
11 42 2899
11 43 3903
11 44 471
11 45 780
11 46 1389
11 47 2711
11 48 236
11 49 1096
11 50 3255
11 51 605
11 52 27
11 53 1925
11 54 2855
11 55 2792
11 56 3828
11 57 992
11 58 4013
11 59 1847
11 60 1557
11 61 1219
11 62 3191
11 63 563
11 64 2707
11 65 2374
11 66 511
11 67 2610
11 68 2467
11 69 1379
11 70 2960
11 71 3649
11 72 3401
11 73 1778
11 74 1022
11 75 3060
11 76 3073
11 77 2199
11 78 1152
11 79 2416
11 80 2358
11 81 788
11 82 1155
11 83 3234
11 84 95
11 85 1992
11 86 3530
11 87 456
11 88 3877
11 89 2188
11 90 3740
11 91 3084
11 92 770
11 93 1144
11 94 3210
11 95 3257
11 96 297
11 97 735
11 98 3851
11 99 871
11 100 934
12 13 897
12 14 753
12 15 738
12 16 987
12 17 2187
12 18 458
12 19 735
12 20 1259
12 21 1840
12 22 1901
12 23 1840
12 24 637
12 25 2287
12 26 919
12 27 505
12 28 2554
12 29 490
12 30 1397
12 31 1259
12 32 764
12 33 1107
12 34 2458
12 35 1598
12 36 952
12 37 703
12 38 2540
12 39 2462
12 40 224
12 41 1303
12 42 1464
12 43 2856
12 44 1083
12 45 1104
12 46 325
12 47 1342
12 48 1240
12 49 393
12 50 2177
12 51 1144
12 52 1498
12 53 522
12 54 1593
12 55 1361
12 56 2686
12 57 975
12 58 2689
12 59 1377
12 60 640
12 61 757
12 62 2018
12 63 1064
12 64 1254
12 65 1049
12 66 968
12 67 1210
12 68 1506
12 69 1108
12 70 2157
12 71 2491
12 72 2241
12 73 1431
12 74 1027
12 75 1751
12 76 2270
12 77 1077
12 78 1068
12 79 969
12 80 1150
12 81 1181
12 82 1183
12 83 2053
12 84 1381
12 85 523
12 86 2486
12 87 1803
12 88 2625
12 89 1512
12 90 2368
12 91 2176
12 92 825
12 93 383
12 94 2301
12 95 2298
12 96 1521
12 97 1291
12 98 2557
12 99 731
12 100 1111
13 14 1369
13 15 234
13 16 1884
13 17 1291
13 18 1355
13 19 1528
13 20 416
13 21 1533
13 22 1034
13 23 1364
13 24 1356
13 25 1391
13 26 1727
13 27 395
13 28 1738
13 29 1377
13 30 1036
13 31 395
13 32 1507
13 33 1734
13 34 1563
13 35 1076
13 36 1571
13 37 1593
13 38 1744
13 39 1651
13 40 694
13 41 1211
13 42 577
13 43 2134
13 44 1969
13 45 1777
13 46 1150
13 47 468
13 48 2086
13 49 1286
13 50 1483
13 51 2041
13 52 2348
13 53 768
13 54 802
13 55 470
13 56 1907
13 57 1573
13 58 1807
13 59 1442
13 60 916
13 61 1591
13 62 1259
13 63 1958
13 64 401
13 65 314
13 66 1836
13 67 318
13 68 1070
13 69 1467
13 70 1699
13 71 1710
13 72 1474
13 73 1561
13 74 1599
13 75 901
13 76 1795
13 77 663
13 78 1910
13 79 130
13 80 562
13 81 1840
13 82 2026
13 83 1285
13 84 2234
13 85 537
13 86 1790
13 87 2590
13 88 1778
13 89 1348
13 90 1474
13 91 1627
13 92 1588
13 93 1178
13 94 1733
13 95 1689
13 96 2313
13 97 1960
13 98 1690
13 99 1482
13 100 1714
14 15 1317
14 16 985
14 17 2539
14 18 736
14 19 345
14 20 1784
14 21 1547
14 22 2175
14 23 1692
14 24 1233
14 25 2640
14 26 1321
14 27 1073
14 28 2688
14 29 843
14 30 1264
14 31 1608
14 32 1301
14 33 374
14 34 2792
14 35 1541
14 36 210
14 37 927
14 38 2644
14 39 2593
14 40 922
14 41 978
14 42 1929
14 43 2842
14 44 914
14 45 408
14 46 930
14 47 1694
14 48 857
14 49 643
14 50 2187
14 51 1096
14 52 1099
14 53 1271
14 54 1795
14 55 1819
14 56 2757
14 57 225
14 58 2956
14 59 891
14 60 498
14 61 1157
14 62 2119
14 63 974
14 64 1770
14 65 1350
14 66 725
14 67 1619
14 68 1402
14 69 459
14 70 1941
14 71 2576
14 72 2329
14 73 878
14 74 274
14 75 2009
14 76 2056
14 77 1132
14 78 1362
14 79 1484
14 80 1299
14 81 472
14 82 1451
14 83 2162
14 84 1004
14 85 1218
14 86 2467
14 87 1244
14 88 2808
14 89 1178
14 90 2704
14 91 2041
14 92 317
14 93 404
14 94 2168
14 95 2205
14 96 980
14 97 592
14 98 2788
14 99 245
14 100 367
15 16 1718
15 17 1484
15 18 1188
15 19 1426
15 20 521
15 21 1710
15 22 1255
15 23 1569
15 24 1136
15 25 1582
15 26 1515
15 27 250
15 28 1968
15 29 1197
15 30 1211
15 31 626
15 32 1287
15 33 1691
15 34 1757
15 35 1283
15 36 1526
15 37 1412
15 38 1976
15 39 1882
15 40 519
15 41 1332
15 42 736
15 43 2368
15 44 1821
15 45 1720
15 46 954
15 47 694
15 48 1966
15 49 1131
15 50 1716
15 51 1875
15 52 2227
15 53 536
15 54 1036
15 55 640
15 56 2140
15 57 1534
15 58 2015
15 59 1535
15 60 917
15 61 1387
15 62 1494
15 63 1800
15 64 517
15 65 532
15 66 1702
15 67 533
15 68 1261
15 69 1488
15 70 1906
15 71 1944
15 72 1708
15 73 1643
15 74 1568
15 75 1129
15 76 2005
15 77 827
15 78 1704
15 79 245
15 80 762
15 81 1788
15 82 1820
15 83 1520
15 84 2111
15 85 309
15 86 2023
15 87 2500
15 88 2002
15 89 1491
15 90 1668
15 91 1846
15 92 1498
15 93 1065
15 94 1956
15 95 1915
15 96 2220
15 97 1907
15 98 1907
15 99 1394
15 100 1677
16 17 3173
16 18 530
16 19 643
16 20 2238
16 21 2520
16 22 2875
16 23 2626
16 24 839
16 25 3274
16 26 603
16 27 1492
16 28 3496
16 29 530
16 30 2180
16 31 2239
16 32 776
16 33 1050
16 34 3444
16 35 2434
16 36 1012
16 37 331
16 38 3470
16 39 3401
16 40 1200
16 41 1946
16 42 2449
16 43 3736
16 44 221
16 45 960
16 46 796
16 47 2324
16 48 534
16 49 602
16 50 3061
16 51 157
16 52 699
16 53 1340
16 54 2545
16 55 2348
16 56 3604
16 57 1054
16 58 3667
16 59 1876
16 60 1335
16 61 537
16 62 2940
16 63 121
16 64 2235
16 65 2014
16 66 332
16 67 2196
16 68 2311
16 69 1429
16 70 2900
16 71 3413
16 72 3161
16 73 1856
16 74 1112
16 75 2720
16 76 3017
16 77 1949
16 78 501
16 79 1954
16 80 2068
16 81 1021
16 82 542
16 83 2979
16 84 597
16 85 1458
16 86 3359
16 87 1131
16 88 3583
16 89 2152
16 90 3354
16 91 2976
16 92 706
16 93 797
16 94 3104
16 95 3127
16 96 898
16 97 1052
16 98 3528
16 99 743
16 100 1091
17 18 2645
17 19 2765
17 20 1004
17 21 1846
17 22 414
17 23 1501
17 24 2610
17 25 102
17 26 2996
17 27 1686
17 28 808
17 29 2668
17 30 1565
17 31 945
17 32 2761
17 33 2865
17 34 273
17 35 1338
17 36 2717
17 37 2884
17 38 889
17 39 776
17 40 1984
17 41 1935
17 42 763
17 43 1389
17 44 3247
17 45 2933
17 46 2435
17 47 859
17 48 3335
17 49 2573
17 50 1083
17 51 3330
17 52 3595
17 53 1987
17 54 804
17 55 846
17 56 1056
17 57 2706
17 58 565
17 59 2220
17 60 2042
17 61 2870
17 62 829
17 63 3243
17 64 997
17 65 1195
17 66 3102
17 67 977
17 68 1470
17 69 2470
17 70 1698
17 71 925
17 72 857
17 73 2359
17 74 2714
17 75 569
17 76 1721
17 77 1451
17 78 3188
17 79 1239
17 80 1262
17 81 2981
17 82 3303
17 83 802
17 84 3485
17 85 1784
17 86 1231
17 87 3782
17 88 707
17 89 1929
17 90 185
17 91 1485
17 92 2807
17 93 2436
17 94 1504
17 95 1390
17 96 3518
17 97 3098
17 98 541
17 99 2703
17 100 2834
18 19 510
18 20 1709
18 21 2141
18 22 2355
18 23 2198
18 24 528
18 25 2746
18 26 596
18 27 962
18 28 2994
18 29 107
18 30 1747
18 31 1715
18 32 570
18 33 984
18 34 2917
18 35 1979
18 36 869
18 37 260
18 38 2974
18 39 2900
18 40 670
18 41 1573
18 42 1919
18 43 3266
18 44 647
18 45 937
18 46 313
18 47 1799
18 48 858
18 49 107
18 50 2587
18 51 687
18 52 1101
18 53 847
18 54 2036
18 55 1818
18 56 3115
18 57 906
18 58 3145
18 59 1569
18 60 911
18 61 427
18 62 2447
18 63 613
18 64 1706
18 65 1498
18 66 570
18 67 1668
18 68 1870
18 69 1187
18 70 2495
18 71 2921
18 72 2669
18 73 1585
18 74 968
18 75 2203
18 76 2611
18 77 1473
18 78 681
18 79 1424
18 80 1573
18 81 1015
18 82 788
18 83 2484
18 84 984
18 85 937
18 86 2892
18 87 1462
18 88 3072
18 89 1786
18 90 2826
18 91 2543
18 92 616
18 93 379
18 94 2671
18 95 2680
18 96 1187
18 97 1099
18 98 3010
18 99 569
18 100 1007
19 20 1930
19 21 1891
19 22 2423
19 23 2024
19 24 1038
19 25 2866
19 26 1042
19 27 1176
19 28 2978
19 29 612
19 30 1588
19 31 1821
19 32 1072
19 33 479
19 34 3027
19 35 1858
19 36 389
19 37 634
19 38 2941
19 39 2883
19 40 949
19 41 1320
19 42 2104
19 43 3163
19 44 573
19 45 427
19 46 785
19 47 1908
19 48 571
19 49 451
19 50 2499
19 51 750
19 52 830
19 53 1243
19 54 2058
19 55 1995
19 56 3062
19 57 430
19 58 3213
19 59 1234
19 60 770
19 61 890
19 62 2412
19 63 629
19 64 1920
19 65 1571
19 66 386
19 67 1810
19 68 1724
19 69 787
19 70 2282
19 71 2877
19 72 2627
19 73 1213
19 74 492
19 75 2259
19 76 2397
19 77 1413
19 78 1051
19 79 1628
19 80 1563
19 81 506
19 82 1131
19 83 2453
19 84 721
19 85 1255
19 86 2787
19 87 1076
19 88 3087
19 89 1522
19 90 2937
19 91 2374
19 92 106
19 93 362
19 94 2502
19 95 2534
19 96 794
19 97 594
19 98 3054
19 99 100
19 100 507
20 21 1780
20 22 868
20 23 1544
20 24 1613
20 25 1097
20 26 2003
20 27 761
20 28 1608
20 29 1715
20 30 1310
20 31 428
20 32 1762
20 33 2150
20 34 1275
20 35 1264
20 36 1987
20 37 1930
20 38 1640
20 39 1533
20 40 1040
20 41 1554
20 42 243
20 43 2088
20 44 2342
20 45 2192
20 46 1466
20 47 427
20 48 2480
20 49 1653
20 50 1502
20 51 2395
20 52 2742
20 53 987
20 54 808
20 55 192
20 56 1814
20 57 1989
20 58 1559
20 59 1807
20 60 1330
20 61 1886
20 62 1235
20 63 2321
20 64 25
20 65 581
20 66 2220
20 67 305
20 68 1304
20 69 1873
20 70 1863
20 71 1627
20 72 1421
20 73 1934
20 74 2015
20 75 791
20 76 1943
20 77 980
20 78 2200
20 79 302
20 80 822
20 81 2255
20 82 2314
20 83 1248
20 84 2626
20 85 797
20 86 1786
20 87 2998
20 88 1602
20 89 1660
20 90 1189
20 91 1742
20 92 1994
20 93 1573
20 94 1829
20 95 1760
20 96 2719
20 97 2375
20 98 1481
20 99 1889
20 100 2130
21 22 1442
21 23 354
21 24 2477
21 25 1918
21 26 2721
21 27 1646
21 28 1526
21 29 2230
21 30 500
21 31 1357
21 32 2601
21 33 1668
21 34 1995
21 35 541
21 36 1599
21 37 2388
21 38 1439
21 39 1446
21 40 1806
21 41 574
21 42 1720
21 43 1436
21 44 2461
21 45 1771
21 46 2159
21 47 1384
21 48 2367
21 49 2034
21 50 930
21 51 2640
21 52 2576
21 53 2113
21 54 1115
21 55 1652
21 56 1478
21 57 1563
21 58 1988
21 59 708
21 60 1233
21 61 2550
21 62 1060
21 63 2519
21 64 1755
21 65 1234
21 66 2272
21 67 1475
21 68 475
21 69 1172
21 70 415
21 71 1354
21 72 1172
21 73 803
21 74 1529
21 75 1319
21 76 523
21 77 884
21 78 2822
21 79 1640
21 80 977
21 81 1773
21 82 2926
21 83 1099
21 84 2501
21 85 1902
21 86 1102
21 87 2554
21 88 1710
21 89 369
21 90 1931
21 91 590
21 92 1859
21 93 1768
21 94 699
21 95 782
21 96 2363
21 97 1855
21 98 1782
21 99 1792
21 100 1620
22 23 1104
22 24 2388
22 25 501
22 26 2760
22 27 1418
22 28 741
22 29 2390
22 30 1151
22 31 645
22 32 2540
22 33 2487
22 34 627
22 35 926
22 36 2344
22 37 2604
22 38 776
22 39 667
22 40 1716
22 41 1524
22 42 642
22 43 1246
22 44 2930
22 45 2559
22 46 2177
22 47 566
22 48 2993
22 49 2274
22 50 768
22 51 3030
22 52 3251
22 53 1786
22 54 398
22 55 678
22 56 952
22 57 2330
22 58 794
22 59 1808
22 60 1677
22 61 2622
22 62 487
22 63 2936
22 64 852
22 65 862
22 66 2775
22 67 721
22 68 1056
22 69 2075
22 70 1330
22 71 772
22 72 603
22 73 1948
22 74 2334
22 75 167
22 76 1368
22 77 1062
22 78 2941
22 79 1018
22 80 880
22 81 2603
22 82 3057
22 83 476
22 84 3144
22 85 1563
22 86 992
22 87 3414
22 88 749
22 89 1516
22 90 544
22 91 1134
22 92 2456
22 93 2111
22 94 1176
22 95 1073
22 96 3155
22 97 2719
22 98 658
22 99 2354
22 100 2453
23 24 2468
23 25 1570
23 26 2751
23 27 1555
23 28 1184
23 29 2276
23 30 450
23 31 1116
23 32 2603
23 33 1875
23 34 1642
23 35 288
23 36 1781
23 37 2454
23 38 1103
23 39 1102
23 40 1764
23 41 735
23 42 1449
23 43 1169
23 44 2596
23 45 1973
23 46 2165
23 47 1126
23 48 2541
23 49 2093
23 50 592
23 51 2758
23 52 2767
23 53 2029
23 54 808
23 55 1395
23 56 1160
23 57 1751
23 58 1635
23 59 955
23 60 1296
23 61 2584
23 62 706
23 63 2642
23 64 1519
23 65 1051
23 66 2411
23 67 1243
23 68 335
23 69 1382
23 70 337
23 71 1020
23 72 824
23 73 1074
23 74 1726
23 75 993
23 76 441
23 77 783
23 78 2875
23 79 1454
23 80 807
23 81 1987
23 82 2985
23 83 745
23 84 2683
23 85 1804
23 86 808
23 87 2792
23 88 1364
23 89 590
23 90 1580
23 91 350
23 92 2009
23 93 1842
23 94 479
23 95 516
23 96 2581
23 97 2081
23 98 1430
23 99 1930
23 100 1829
24 25 2706
24 26 394
24 27 989
24 28 3088
24 29 429
24 30 2029
24 31 1750
24 32 152
24 33 1509
24 34 2883
24 35 2215
24 36 1387
24 37 525
24 38 3087
24 39 2999
24 40 717
24 41 1937
24 42 1850
24 43 3440
24 44 1035
24 45 1465
24 46 326
24 47 1824
24 48 1312
24 49 598
24 50 2765
24 51 970
24 52 1524
24 53 627
24 54 2134
24 55 1764
24 56 3243
24 57 1422
24 58 3150
24 59 1990
24 60 1267
24 61 322
24 62 2580
24 63 957
24 64 1617
24 65 1589
24 66 1031
24 67 1668
24 68 2133
24 69 1662
24 70 2788
24 71 3046
24 72 2801
24 73 2029
24 74 1483
24 75 2256
24 76 2901
24 77 1693
24 78 602
24 79 1378
24 80 1738
24 81 1543
24 82 710
24 83 2611
24 84 1413
24 85 829
24 86 3076
24 87 1928
24 88 3134
24 89 2147
24 90 2795
24 91 2797
24 92 1144
24 93 836
24 94 2920
24 95 2909
24 96 1666
24 97 1626
24 98 3043
24 99 1093
24 100 1530
25 26 3093
25 27 1786
25 28 796
25 29 2768
25 30 1652
25 31 1047
25 32 2856
25 33 2965
25 34 177
25 35 1419
25 36 2817
25 37 2984
25 38 886
25 39 777
25 40 2084
25 41 2025
25 42 857
25 43 1383
25 44 3349
25 45 3033
25 46 2534
25 47 960
25 48 3436
25 49 2674
25 50 1126
25 51 3430
25 52 3697
25 53 2082
25 54 896
25 55 943
25 56 1045
25 57 2806
25 58 489
25 59 2309
25 60 2142
25 61 2968
25 62 885
25 63 3344
25 64 1091
25 65 1296
25 66 3204
25 67 1078
25 68 1553
25 69 2567
25 70 1754
25 71 930
25 72 889
25 73 2448
25 74 2813
25 75 661
25 76 1771
25 77 1548
25 78 3285
25 79 1337
25 80 1360
25 81 3080
25 82 3400
25 83 855
25 84 3587
25 85 1881
25 86 1251
25 87 3883
25 88 673
25 89 2014
25 90 96
25 91 1536
25 92 2908
25 93 2538
25 94 1547
25 95 1430
25 96 3619
25 97 3197
25 98 498
25 99 2804
25 100 2933
26 27 1346
26 28 3446
26 29 496
26 30 2304
26 31 2117
26 32 256
26 33 1516
26 34 3269
26 35 2515
26 36 1428
26 37 409
26 38 3440
26 39 3356
26 40 1056
26 41 2159
26 42 2238
26 43 3772
26 44 823
26 45 1448
26 46 600
26 47 2195
26 48 1133
26 49 701
26 50 3093
26 51 691
26 52 1297
26 53 1020
26 54 2487
26 55 2150
26 56 3591
26 57 1468
26 58 3530
26 59 2165
26 60 1488
26 61 171
26 62 2924
26 63 722
26 64 2006
26 65 1939
26 66 889
26 67 2043
26 68 2419
26 69 1778
26 70 3060
26 71 3395
26 72 3147
26 73 2181
26 74 1530
26 75 2622
26 76 3175
26 77 1996
26 78 212
26 79 1759
26 80 2064
26 81 1520
26 82 316
26 83 2958
26 84 1199
26 85 1212
26 86 3403
26 87 1733
26 88 3501
26 89 2372
26 90 3181
26 91 3091
26 92 1139
26 93 974
26 94 3217
26 95 3216
26 96 1498
26 97 1579
26 98 3417
26 99 1124
26 100 1548
27 28 2101
27 29 982
27 30 1153
27 31 773
27 32 1138
27 33 1447
27 34 1958
27 35 1281
27 36 1282
27 37 1198
27 38 2098
27 39 2012
27 40 300
27 41 1204
27 42 959
27 43 2456
27 44 1584
27 45 1473
27 46 759
27 47 853
27 48 1719
27 49 897
27 50 1786
27 51 1649
27 52 1981
27 53 474
27 54 1145
27 55 857
27 56 2254
27 57 1292
27 58 2199
27 59 1375
27 60 703
27 61 1204
27 62 1592
27 63 1568
27 64 754
27 65 600
27 66 1459
27 67 711
27 68 1229
27 69 1274
27 70 1889
27 71 2058
27 72 1813
27 73 1471
27 74 1328
27 75 1277
27 76 1996
27 77 776
27 78 1523
27 79 466
27 80 772
27 81 1543
27 82 1639
27 83 1623
27 84 1865
27 85 257
27 86 2098
27 87 2250
27 88 2156
27 89 1384
27 90 1868
27 91 1860
27 92 1247
27 93 816
27 94 1978
27 95 1953
27 96 1969
27 97 1661
27 98 2076
27 99 1144
27 100 1435
28 29 3042
28 30 1474
28 31 1342
28 32 3238
28 33 2948
28 34 735
28 35 1186
28 36 2825
28 37 3250
28 38 109
28 39 95
28 40 2391
28 41 1848
28 42 1380
28 43 587
28 44 3522
28 45 3035
28 46 2851
28 47 1275
28 48 3539
28 49 2903
28 50 596
28 51 3645
28 52 3787
28 53 2503
28 54 961
28 55 1418
28 56 249
28 57 2803
28 58 538
28 59 2108
28 60 2209
28 61 3299
28 62 569
28 63 3542
28 64 1592
28 65 1509
28 66 3352
28 67 1440
28 68 1339
28 69 2481
28 70 1223
28 71 189
28 72 371
28 73 2238
28 74 2793
28 75 841
28 76 1195
28 77 1565
28 78 3616
28 79 1741
28 80 1428
28 81 3064
28 82 3732
28 83 526
28 84 3688
28 85 2274
28 86 538
28 87 3884
28 88 203
28 89 1755
28 90 734
28 91 987
28 92 2993
28 93 2706
28 94 942
28 95 820
28 96 3647
28 97 3170
28 98 354
28 99 2897
28 100 2907
29 30 1826
29 31 1747
29 32 463
29 33 1088
29 34 2940
29 35 2051
29 36 976
29 37 216
29 38 3026
29 39 2949
29 40 684
29 41 1665
29 42 1932
29 43 3330
29 44 678
29 45 1039
29 46 268
29 47 1830
29 48 917
29 49 206
29 50 2650
29 51 685
29 52 1151
29 53 814
29 54 2082
29 55 1833
29 56 3170
29 57 1013
29 58 3177
29 59 1669
29 60 997
29 61 325
29 62 2501
29 63 628
29 64 1713
29 65 1539
29 66 629
29 67 1693
29 68 1946
29 69 1293
29 70 2577
29 71 2975
29 72 2724
29 73 1689
29 74 1075
29 75 2241
29 76 2693
29 77 1539
29 78 600
29 79 1437
29 80 1629
29 81 1117
29 82 711
29 83 2538
29 84 1035
29 85 929
29 86 2957
29 87 1529
29 88 3115
29 89 1878
29 90 2851
29 91 2619
29 92 717
29 93 478
29 94 2746
29 95 2753
29 96 1258
29 97 1197
29 98 3047
29 99 675
29 100 1113
30 31 901
30 32 2161
30 33 1484
30 34 1764
30 35 288
30 36 1373
30 37 2004
30 38 1414
30 39 1381
30 40 1335
30 41 384
30 42 1283
30 43 1578
30 44 2157
30 45 1576
30 46 1721
30 47 944
30 48 2120
30 49 1643
30 50 931
30 51 2314
30 52 2354
30 53 1625
30 54 766
30 55 1203
30 56 1509
30 57 1347
30 58 1837
30 59 663
30 60 847
30 61 2135
30 62 917
30 63 2199
30 64 1286
30 65 745
30 66 1974
30 67 1009
30 68 139
30 69 1008
30 70 760
30 71 1339
30 72 1103
30 73 801
30 74 1330
30 75 999
30 76 873
30 77 384
30 78 2425
30 79 1147
30 80 491
30 81 1599
30 82 2535
30 83 961
30 84 2264
30 85 1409
30 86 1204
30 87 2417
30 88 1623
30 89 376
30 90 1687
30 91 797
30 92 1580
30 93 1393
30 94 926
30 95 948
30 96 2189
30 97 1702
30 98 1644
30 99 1496
30 100 1441
31 32 1901
31 33 1950
31 34 1211
31 35 836
31 36 1795
31 37 1961
31 38 1350
31 39 1256
31 40 1071
31 41 1185
31 42 390
31 43 1753
31 44 2305
31 45 2009
31 46 1532
31 47 87
31 48 2390
31 49 1637
31 50 1123
31 51 2394
31 52 2651
31 53 1162
31 54 423
31 55 302
31 56 1515
31 57 1788
31 58 1431
31 59 1455
31 60 1116
31 61 1977
31 62 880
31 63 2304
31 64 404
31 65 259
31 66 2157
31 67 130
31 68 882
31 69 1601
31 70 1436
31 71 1320
31 72 1088
31 73 1589
31 74 1803
31 75 506
31 76 1519
31 77 615
31 78 2296
31 79 412
31 80 431
31 81 2062
31 82 2412
31 83 902
31 84 2540
31 85 932
31 86 1422
31 87 2851
31 88 1385
31 89 1265
31 90 1121
31 91 1325
31 92 1866
31 93 1491
31 94 1418
31 95 1357
31 96 2582
31 97 2181
31 98 1303
31 99 1761
31 100 1922
32 33 1550
32 34 3033
32 35 2354
32 36 1439
32 37 493
32 38 3236
32 39 3149
32 40 862
32 41 2054
32 42 2000
32 43 3586
32 44 986
32 45 1496
32 46 442
32 47 1975
32 48 1280
32 49 658
32 50 2911
32 51 893
32 52 1474
32 53 776
32 54 2284
32 55 1915
32 56 3392
32 57 1476
32 58 3301
32 59 2092
32 60 1380
32 61 239
32 62 2728
32 63 897
32 64 1767
32 65 1738
32 66 1009
32 67 1820
32 68 2268
32 69 1743
32 70 2921
32 71 3196
32 72 2950
32 73 2124
32 74 1538
32 75 2407
32 76 3034
32 77 1832
32 78 468
32 79 1530
32 80 1882
32 81 1573
32 82 571
32 83 2760
32 84 1367
32 85 980
32 86 3222
32 87 1893
32 88 3285
32 89 2265
32 90 2946
32 91 2935
32 92 1176
32 93 916
32 94 3059
32 95 3050
32 96 1641
32 97 1647
32 98 3195
32 99 1138
32 100 1575
33 34 3111
33 35 1771
33 36 165
33 37 1107
33 38 2894
33 39 2854
33 40 1290
33 41 1140
33 42 2285
33 43 3043
33 44 905
33 45 107
33 46 1235
33 47 2033
33 48 722
33 49 913
33 50 2414
33 51 1115
33 52 909
33 53 1629
33 54 2097
33 55 2176
33 56 2993
33 57 162
33 58 3254
33 59 963
33 60 834
33 61 1368
33 62 2381
33 63 996
33 64 2135
33 65 1690
33 66 727
33 67 1970
33 68 1622
33 69 497
33 70 2080
33 71 2821
33 72 2581
33 73 895
33 74 155
33 75 2320
33 76 2191
33 77 1427
33 78 1507
33 79 1852
33 80 1608
33 81 117
33 82 1576
33 83 2425
33 84 843
33 85 1589
33 86 2675
33 87 937
33 88 3082
33 89 1308
33 90 3024
33 91 2213
33 92 378
33 93 733
33 94 2337
33 95 2390
33 96 707
33 97 232
33 98 3077
33 99 416
33 100 49
34 35 1516
34 36 2966
34 37 3156
34 38 835
34 39 737
34 40 2257
34 41 2142
34 42 1034
34 43 1317
34 44 3516
34 45 3182
34 46 2709
34 47 1125
34 48 3597
34 49 2843
34 50 1152
34 51 3600
34 52 3857
34 53 2259
34 54 1024
34 55 1119
34 56 978
34 57 2953
34 58 332
34 59 2425
34 60 2294
34 61 3144
34 62 940
34 63 3513
34 64 1268
34 65 1456
34 66 3368
34 67 1248
34 68 1657
34 69 2702
34 70 1797
34 71 893
34 72 902
34 73 2564
34 74 2959
34 75 793
34 76 1803
34 77 1688
34 78 3461
34 79 1512
34 80 1503
34 81 3227
34 82 3576
34 83 904
34 84 3748
34 85 2057
34 86 1233
34 87 4034
34 88 578
34 89 2117
34 90 90
34 91 1570
34 92 3066
34 93 2702
34 94 1568
34 95 1447
34 96 3772
34 97 3343
34 98 396
34 99 2962
34 100 3078
35 36 1658
35 37 2239
35 38 1125
35 39 1094
35 40 1504
35 41 664
35 42 1185
35 43 1306
35 44 2423
35 45 1862
35 46 1921
35 47 854
35 48 2398
35 49 1878
35 50 646
35 51 2572
35 52 2636
35 53 1753
35 54 576
35 55 1123
35 56 1222
35 57 1633
35 58 1566
35 59 933
35 60 1100
35 61 2350
35 62 635
35 63 2460
35 64 1239
35 65 763
35 66 2242
35 67 961
35 68 153
35 69 1296
35 70 623
35 71 1051
35 72 816
35 73 1068
35 74 1617
35 75 790
35 76 722
35 77 522
35 78 2649
35 79 1166
35 80 521
35 81 1887
35 82 2761
35 83 679
35 84 2544
35 85 1525
35 86 929
35 87 2705
35 88 1339
35 89 602
35 90 1444
35 91 583
35 92 1856
35 93 1639
35 94 705
35 95 702
35 96 2475
35 97 1990
35 98 1369
35 99 1768
35 100 1729
36 37 1021
36 38 2775
36 39 2731
36 40 1129
36 41 1050
36 42 2125
36 43 2945
36 44 897
36 45 216
36 46 1099
36 47 1879
36 48 769
36 49 788
36 50 2304
36 51 1098
36 52 986
36 53 1473
36 54 1957
36 55 2016
36 56 2880
36 57 42
36 58 3117
36 59 906
36 60 679
36 61 1272
36 62 2257
36 63 976
36 64 1973
36 65 1536
36 66 709
36 67 1812
36 68 1512
36 69 437
36 70 2005
36 71 2705
36 72 2461
36 73 861
36 74 103
36 75 2177
36 76 2118
36 77 1288
36 78 1440
36 79 1688
36 80 1464
36 81 269
36 82 1517
36 83 2300
36 84 904
36 85 1426
36 86 2573
36 87 1071
36 88 2954
36 89 1232
36 90 2878
36 91 2125
36 92 306
36 93 585
36 94 2250
36 95 2297
36 96 822
36 97 389
36 98 2943
36 99 304
36 100 159
37 38 3232
37 39 3157
37 40 900
37 41 1817
37 42 2148
37 43 3527
37 44 512
37 45 1040
37 46 471
37 47 2045
37 48 790
37 49 361
37 50 2847
37 51 480
37 52 999
37 53 1012
37 54 2292
37 55 2049
37 56 3374
37 57 1062
37 58 3392
37 59 1795
37 60 1163
37 61 271
37 62 2706
37 63 442
37 64 1928
37 65 1750
37 66 516
37 67 1909
37 68 2128
37 69 1386
37 70 2748
37 71 3180
37 72 2928
37 73 1799
37 74 1124
37 75 2454
37 76 2864
37 77 1734
37 78 439
37 79 1653
37 80 1832
37 81 1113
37 82 539
37 83 2743
37 84 888
37 85 1141
37 86 3152
37 87 1406
37 88 3326
37 89 2029
37 90 3066
37 91 2801
37 92 730
37 93 620
37 94 2928
37 95 2939
37 96 1149
37 97 1176
37 98 3260
37 99 718
37 100 1139
38 39 115
38 40 2384
38 41 1784
38 42 1418
38 43 501
38 44 3490
38 45 2983
38 46 2842
38 47 1288
38 48 3498
38 49 2882
38 50 511
38 51 3618
38 52 3743
38 53 2512
38 54 953
38 55 1448
38 56 177
38 57 2752
38 58 647
38 59 2038
38 60 2171
38 61 3289
38 62 530
38 63 3513
38 64 1622
38 65 1501
38 66 3318
38 67 1454
38 68 1277
38 69 2421
38 70 1124
38 71 86
38 72 315
38 73 2166
38 74 2740
38 75 858
38 76 1092
38 77 1530
38 78 3605
38 79 1755
38 80 1403
38 81 3010
38 82 3721
38 83 491
38 84 3646
38 85 2280
38 86 429
38 87 3829
38 88 311
38 89 1681
38 90 829
38 91 889
38 92 2952
38 93 2677
38 94 838
38 95 718
38 96 3596
38 97 3115
38 98 461
38 99 2858
38 100 2852
39 40 2300
39 41 1757
39 42 1309
39 43 614
39 44 3427
39 45 2941
39 46 2760
39 47 1190
39 48 3444
39 49 2809
39 50 518
39 51 3551
39 52 3692
39 53 2417
39 54 869
39 55 1342
39 56 291
39 57 2709
39 58 580
39 59 2019
39 60 2114
39 61 3207
39 62 474
39 63 3447
39 64 1516
39 65 1417
39 66 3257
39 67 1356
39 68 1248
39 69 2388
39 70 1157
39 71 156
39 72 282
39 73 2149
39 74 2699
39 75 758
39 76 1135
39 77 1470
39 78 3524
39 79 1657
39 80 1334
39 81 2970
39 82 3640
39 83 431
39 84 3593
39 85 2188
39 86 503
39 87 3790
39 88 265
39 89 1667
39 90 724
39 91 921
39 92 2898
39 93 2611
39 94 885
39 95 762
39 96 3552
39 97 3077
39 98 382
39 99 2802
39 100 2813
40 41 1305
40 42 1250
40 43 2725
40 44 1304
40 45 1297
40 46 462
40 47 1152
40 48 1463
40 49 614
40 50 2049
40 51 1357
40 52 1722
40 53 369
40 54 1431
40 55 1150
40 56 2536
40 57 1147
40 58 2498
40 59 1422
40 60 688
40 61 909
40 62 1870
40 63 1281
40 64 1036
40 65 883
40 66 1192
40 67 1011
40 68 1430
40 69 1220
40 70 2091
40 71 2340
40 72 2092
40 73 1495
40 74 1193
40 75 1572
40 76 2202
40 77 983
40 78 1227
40 79 755
40 80 1021
40 81 1372
40 82 1343
40 83 1903
40 84 1605
40 85 306
40 86 2360
40 87 2022
40 88 2451
40 89 1504
40 90 2167
40 91 2087
40 92 1034
40 93 589
40 94 2209
40 95 2194
40 96 1739
40 97 1485
40 98 2374
40 99 936
40 100 1287
41 42 1575
41 43 1903
41 44 1892
41 45 1239
41 46 1614
41 47 1245
41 48 1815
41 49 1466
41 50 1287
41 51 2067
41 52 2035
41 53 1643
41 54 1131
41 55 1482
41 56 1868
41 57 1018
41 58 2221
41 59 285
41 60 674
41 61 1988
41 62 1298
41 63 1948
41 64 1532
41 65 974
41 66 1703
41 67 1272
41 68 510
41 69 648
41 70 963
41 71 1706
41 72 1477
41 73 424
41 74 992
41 75 1366
41 76 1078
41 77 576
41 78 2253
41 79 1336
41 80 754
41 81 1252
41 82 2356
41 83 1342
41 84 1954
41 85 1457
41 86 1537
41 87 2061
41 88 2003
41 89 213
41 90 2063
41 91 1075
41 92 1293
41 93 1197
41 94 1201
41 95 1250
41 96 1847
41 97 1348
41 98 2028
41 99 1222
41 100 1095
42 43 1880
42 44 2543
42 45 2336
42 46 1689
42 47 339
42 48 2663
42 49 1856
42 50 1326
42 51 2606
42 52 2925
42 53 1225
42 54 661
42 55 109
42 56 1594
42 57 2123
42 58 1316
42 59 1844
42 60 1453
42 61 2117
42 62 1049
42 63 2528
42 64 235
42 65 623
42 66 2412
42 67 320
42 68 1252
42 69 1967
42 70 1751
42 71 1411
42 72 1219
42 73 1976
42 74 2143
42 75 590
42 76 1820
42 77 1003
42 78 2432
42 79 495
42 80 821
42 81 2394
42 82 2547
42 83 1056
42 84 2811
42 85 1027
42 86 1595
42 87 3160
42 88 1365
42 89 1652
42 90 947
42 91 1606
42 92 2161
42 93 1755
42 94 1682
42 95 1602
42 96 2885
42 97 2514
42 98 1240
42 99 2055
42 100 2261
43 44 3729
43 45 3140
43 46 3172
43 47 1704
43 48 3697
43 49 3168
43 50 680
43 51 3876
43 52 3929
43 53 2897
43 54 1333
43 55 1896
43 56 339
43 57 2916
43 58 1075
43 59 2118
43 60 2405
43 61 3614
43 62 875
43 63 3765
43 64 2069
43 65 1858
43 66 3548
43 67 1870
43 68 1440
43 69 2551
43 70 1040
43 71 478
43 72 669
43 73 2229
43 74 2893
43 75 1297
43 76 961
43 77 1793
43 78 3923
43 79 2165
43 80 1708
43 81 3156
43 82 4037
43 83 852
43 84 3841
43 85 2662
43 86 377
43 87 3961
43 88 747
43 89 1753
43 90 1320
43 91 847
43 92 3158
43 93 2939
43 94 738
43 95 659
43 96 3750
43 97 3250
43 98 925
43 99 3072
43 100 2998
44 45 807
44 46 945
44 47 2391
44 48 315
44 49 690
44 50 3061
44 51 213
44 52 489
44 53 1489
44 54 2583
44 55 2438
44 56 3617
44 57 938
44 58 3724
44 59 1792
44 60 1325
44 61 748
44 62 2960
44 63 109
44 64 2337
44 65 2069
44 66 190
44 67 2274
44 68 2293
44 69 1330
44 70 2854
44 71 3429
44 72 3178
44 73 1757
44 74 990
44 75 2771
44 76 2970
44 77 1961
44 78 717
44 79 2050
44 80 2096
44 81 857
44 82 745
44 83 3000
44 84 381
44 85 1583
44 86 3352
44 87 912
44 88 3621
44 89 2092
44 90 3425
44 91 2946
44 92 606
44 93 821
44 94 3074
44 95 3105
44 96 678
44 97 871
44 98 3575
44 99 670
44 100 950
45 46 1204
45 47 2094
45 48 616
45 49 875
45 50 2506
45 51 1018
45 52 805
45 53 1626
45 54 2172
45 55 2226
45 56 3084
45 57 232
45 58 3332
45 59 1067
45 60 893
45 61 1305
45 62 2467
45 63 900
45 64 2178
45 65 1750
45 66 633
45 67 2024
45 68 1715
45 69 600
45 70 2182
45 71 2911
45 72 2669
45 73 1002
45 74 247
45 75 2393
45 76 2294
45 77 1503
45 78 1428
45 79 1892
45 80 1680
45 81 79
45 82 1492
45 83 2511
45 84 737
45 85 1601
45 86 2771
45 87 856
45 88 3166
45 89 1410
45 90 3094
45 91 2313
45 92 321
45 93 723
45 94 2437
45 95 2489
45 96 613
45 97 188
45 98 3157
45 99 384
45 100 156
46 47 1612
46 48 1171
46 49 335
46 50 2493
46 51 949
46 52 1412
46 53 546
46 54 1891
46 55 1594
46 56 2993
46 57 1131
46 58 2956
46 59 1665
46 60 942
46 61 447
46 62 2325
46 63 896
46 64 1465
46 65 1343
46 66 883
46 67 1467
46 68 1831
46 69 1345
46 70 2481
46 71 2796
46 72 2547
46 73 1705
46 74 1190
46 75 2034
46 76 2595
46 77 1400
46 78 765
46 79 1198
46 80 1464
46 81 1284
46 82 881
46 83 2359
46 84 1294
46 85 672
46 86 2803
46 87 1775
46 88 2912
46 89 1826
46 90 2619
46 91 2500
46 92 889
46 93 526
46 94 2625
46 95 2620
46 96 1499
46 97 1378
46 98 2835
46 99 822
46 100 1250
47 48 2477
47 49 1722
47 50 1088
47 51 2479
47 52 2738
47 53 1229
47 54 387
47 55 270
47 56 1456
47 57 1872
47 58 1347
47 59 1519
47 60 1201
47 61 2056
47 62 834
47 63 2389
47 64 403
47 65 344
47 66 2244
47 67 167
47 68 914
47 69 1678
47 70 1439
47 71 1261
47 72 1035
47 73 1654
47 74 1886
47 75 435
47 76 1517
47 77 682
47 78 2375
47 79 467
47 80 492
47 81 2146
47 82 2491
47 83 853
47 84 2627
47 85 1002
47 86 1381
47 87 2936
47 88 1310
47 89 1314
47 90 1034
47 91 1315
47 92 1952
47 93 1578
47 94 1403
47 95 1335
47 96 2668
47 97 2265
47 98 1223
47 99 1848
47 100 2006
48 49 868
48 50 3044
48 51 506
48 52 262
48 53 1700
48 54 2627
48 55 2556
48 56 3613
48 57 804
48 58 3783
48 59 1671
48 60 1332
48 61 1045
48 62 2971
48 63 423
48 64 2471
48 65 2141
48 66 289
48 67 2375
48 68 2258
48 69 1200
48 70 2773
48 71 3432
48 72 3183
48 73 1614
48 74 843
48 75 2830
48 76 2886
48 77 1976
48 78 1031
48 79 2180
48 80 2130
48 81 644
48 82 1056
48 83 3013
48 84 151
48 85 1760
48 86 3323
48 87 616
48 88 3653
48 89 2001
48 90 3507
48 91 2887
48 92 546
48 93 908
48 94 3014
48 95 3056
48 96 365
48 97 623
48 98 3623
48 99 643
48 100 771
49 50 2489
49 51 757
49 52 1120
49 53 834
49 54 1948
49 55 1753
49 56 3020
49 57 824
49 58 3066
49 59 1464
49 60 805
49 61 530
49 62 2354
49 63 672
49 64 1648
49 65 1414
49 66 586
49 67 1596
49 68 1767
49 69 1089
49 70 2389
49 71 2828
49 72 2576
49 73 1483
49 74 885
49 75 2120
49 76 2505
49 77 1375
49 78 788
49 79 1362
49 80 1479
49 81 954
49 82 894
49 83 2391
49 84 1002
49 85 898
49 86 2793
49 87 1457
49 88 2986
49 89 1679
49 90 2753
49 91 2439
49 92 557
49 93 273
49 94 2567
49 95 2578
49 96 1178
49 97 1045
49 98 2927
49 99 497
49 100 933
50 51 3203
50 52 3282
50 53 2237
50 54 702
50 55 1317
50 56 581
50 57 2277
50 58 1079
50 59 1533
50 60 1735
50 61 2934
50 62 285
50 63 3093
50 64 1480
50 65 1194
50 66 2882
50 67 1247
50 68 792
50 69 1932
50 70 652
50 71 428
50 72 257
50 73 1658
50 74 2261
50 75 745
50 76 651
50 77 1114
50 78 3243
50 79 1530
50 80 1030
50 81 2529
50 82 3357
50 83 293
50 84 3190
50 85 2002
50 86 311
50 87 3344
50 88 783
50 89 1173
50 90 1108
50 91 420
50 92 2500
50 93 2264
50 94 422
50 95 309
50 96 3119
50 97 2629
50 98 873
50 99 2411
50 100 2370
51 52 615
51 53 1492
51 54 2696
51 55 2505
51 56 3750
51 57 1140
51 58 3822
51 59 1982
51 60 1472
51 61 657
51 62 3088
51 63 122
51 64 2392
51 65 2168
51 66 390
51 67 2353
51 68 2447
51 69 1526
51 70 3026
51 71 3560
51 72 3308
51 73 1954
51 74 1194
51 75 2874
51 76 3142
51 77 2094
51 78 547
51 79 2111
51 80 2217
51 81 1070
51 82 556
51 83 3127
51 84 529
51 85 1614
51 86 3500
51 87 1061
51 88 3735
51 89 2271
51 90 3510
51 91 3108
51 92 799
51 93 941
51 94 3237
51 95 3262
51 96 854
51 97 1084
51 98 3681
51 99 850
51 100 1160
52 53 1948
52 54 2882
52 55 2818
52 56 3855
52 57 1017
52 58 4040
52 59 1872
52 60 1584
52 61 1235
52 62 3218
52 63 578
52 64 2734
52 65 2401
52 66 535
52 67 2637
52 68 2493
52 69 1404
52 70 2986
52 71 3676
52 72 3428
52 73 1802
52 74 1047
52 75 3087
52 76 3098
52 77 2227
52 78 1163
52 79 2442
52 80 2385
52 81 812
52 82 1163
52 83 3261
52 84 118
52 85 2016
52 86 3557
52 87 448
52 88 3904
52 89 2213
52 90 3767
52 91 3110
52 92 797
52 93 1171
52 94 3236
52 95 3283
52 96 307
52 97 756
52 98 3878
52 99 898
52 100 958
53 54 1568
53 55 1143
53 56 2675
53 57 1495
53 58 2532
53 59 1780
53 60 1053
53 61 916
53 62 2025
53 63 1442
53 64 992
53 65 1043
53 66 1415
53 67 1066
53 68 1703
53 69 1588
53 70 2363
53 71 2479
53 72 2241
53 73 1859
53 74 1545
53 75 1664
53 76 2469
53 77 1250
53 78 1222
53 79 768
53 80 1240
53 81 1703
53 82 1334
53 83 2052
53 84 1830
53 85 235
53 86 2547
53 87 2290
53 88 2534
53 89 1835
53 90 2172
53 91 2331
53 92 1338
53 93 903
53 94 2447
53 95 2418
53 96 2010
53 97 1811
53 98 2434
53 99 1249
53 100 1632
54 55 630
54 56 1110
54 57 1942
54 58 1161
54 59 1416
54 60 1300
54 61 2338
54 62 458
54 63 2596
54 64 784
54 65 548
54 66 2421
54 67 546
54 68 685
54 69 1678
54 70 1094
54 71 913
54 72 672
54 73 1555
54 74 1943
54 75 236
54 76 1160
54 77 670
54 78 2655
54 79 834
54 80 497
54 81 2214
54 82 2771
54 83 484
54 84 2777
54 85 1335
54 86 999
54 87 3028
54 88 1039
54 89 1138
54 90 941
54 91 946
54 92 2085
54 93 1763
54 94 1025
54 95 952
54 96 2773
54 97 2328
54 98 996
54 99 1984
54 100 2062
55 56 1622
55 57 2014
55 58 1390
55 59 1748
55 60 1344
55 61 2025
55 62 1047
55 63 2425
55 64 174
55 65 521
55 66 2306
55 67 216
55 68 1180
55 69 1862
55 70 1706
55 71 1434
55 72 1230
55 73 1879
55 74 2035
55 75 599
55 76 1780
55 77 908
55 78 2342
55 79 396
55 80 730
55 81 2285
55 82 2457
55 83 1059
55 84 2704
55 85 938
55 86 1597
55 87 3051
55 88 1417
55 89 1567
55 90 1031
55 91 1573
55 92 2052
55 93 1648
55 94 1655
55 95 1581
55 96 2776
55 97 2405
55 98 1301
55 99 1946
55 100 2153
56 57 2855
56 58 749
56 59 2111
56 60 2293
56 61 3439
56 62 669
56 63 3643
56 64 1796
56 65 1655
56 66 3442
56 67 1622
56 68 1370
56 69 2512
56 70 1129
56 71 197
56 72 446
56 73 2234
56 74 2839
56 75 1029
56 76 1080
56 77 1657
56 78 3753
56 79 1923
56 80 1542
56 81 3108
56 82 3869
56 83 634
56 84 3760
56 85 2443
56 86 395
56 87 3924
56 88 413
56 89 1748
56 90 981
56 91 902
56 92 3068
56 93 2809
56 94 828
56 95 716
56 96 3697
56 97 3209
56 98 587
56 99 2976
56 100 2950
57 58 3100
57 59 868
57 60 673
57 61 1311
57 62 2235
57 63 1018
57 64 1974
57 65 1529
57 66 750
57 67 1808
57 68 1486
57 69 398
57 70 1971
57 71 2681
57 72 2438
57 73 821
57 74 62
57 75 2163
57 76 2084
57 77 1272
57 78 1481
57 79 1691
57 80 1451
57 81 275
57 82 1559
57 83 2279
57 84 938
57 85 1442
57 86 2545
57 87 1087
57 88 2934
57 89 1198
57 90 2866
57 91 2093
57 92 349
57 93 613
57 94 2219
57 95 2267
57 96 844
57 97 393
57 98 2925
57 99 344
57 100 144
58 59 2497
58 60 2460
58 61 3398
58 62 939
58 63 3729
58 64 1550
58 65 1656
58 66 3568
58 67 1489
58 68 1716
58 69 2818
58 70 1729
58 71 724
58 72 824
58 73 2633
58 74 3100
58 75 954
58 76 1714
58 77 1829
58 78 3716
58 79 1771
58 80 1658
58 81 3371
58 82 3832
58 83 896
58 84 3934
58 85 2321
58 86 1076
58 87 4187
58 88 340
58 89 2164
58 90 394
58 91 1494
58 92 3244
58 93 2905
58 94 1464
58 95 1342
58 96 3934
58 97 3484
58 98 206
58 99 3142
58 100 3218
59 60 741
59 61 1995
59 62 1568
59 63 1860
59 64 1786
59 65 1232
59 66 1602
59 67 1535
59 68 781
59 69 471
59 70 1122
59 71 1958
59 72 1738
59 73 139
59 74 829
59 75 1651
59 76 1231
59 77 840
59 78 2234
59 79 1571
59 80 1026
59 81 1066
59 82 2329
59 83 1612
59 84 1801
59 85 1618
59 86 1762
59 87 1849
59 88 2270
59 89 365
59 90 2347
59 91 1274
59 92 1186
59 93 1191
59 94 1393
59 95 1459
59 96 1655
59 97 1147
59 98 2302
59 99 1134
59 100 914
60 61 1317
60 62 1642
60 63 1359
60 64 1314
60 65 857
60 66 1149
60 67 1137
60 68 977
60 69 572
60 70 1585
60 71 2108
60 72 1857
60 73 808
60 74 691
60 75 1511
60 76 1701
60 77 644
60 78 1592
60 79 1040
60 80 803
60 81 946
60 82 1699
60 83 1684
60 84 1482
60 85 917
60 86 2029
60 87 1741
60 88 2321
60 89 886
60 90 2206
60 91 1644
60 92 787
60 93 547
60 94 1773
60 95 1792
60 96 1478
60 97 1066
60 98 2295
60 99 689
60 100 809
61 62 2771
61 63 659
61 64 1888
61 65 1790
61 66 781
61 67 1908
61 68 2252
61 69 1612
61 70 2891
61 71 3243
61 72 2994
61 73 2012
61 74 1373
61 75 2480
61 76 3006
61 77 1832
61 78 319
61 79 1632
61 80 1906
61 81 1380
61 82 435
61 83 2805
61 84 1129
61 85 1090
61 86 3243
61 87 1657
61 88 3359
61 89 2201
61 90 3055
61 91 2924
61 92 990
61 93 803
61 94 3051
61 95 3051
61 96 1408
61 97 1445
61 98 3280
61 99 968
61 100 1398
62 63 2983
62 64 1214
62 65 992
62 66 2788
62 67 998
62 68 788
62 69 1920
62 70 870
62 71 474
62 72 223
62 73 1701
62 74 2226
62 75 463
62 76 894
62 77 1000
62 78 3085
62 79 1291
62 80 874
62 81 2498
62 82 3200
62 83 44
62 84 3120
62 85 1790
62 86 550
62 87 3318
62 88 706
62 89 1227
62 90 883
62 91 658
62 92 2425
62 93 2147
62 94 690
62 95 586
62 96 3079
62 97 2605
62 98 738
62 99 2330
62 100 2341
63 64 2317
63 65 2073
63 66 269
63 67 2267
63 68 2333
63 69 1403
63 70 2907
63 71 3454
63 72 3202
63 73 1831
63 74 1072
63 75 2779
63 76 3023
63 77 1986
63 78 608
63 79 2033
63 80 2114
63 81 955
63 82 636
63 83 3022
63 84 477
63 85 1549
63 86 3388
63 87 1011
63 88 3635
63 89 2151
63 90 3422
63 91 2992
63 92 677
63 93 836
63 94 3120
63 95 3147
63 96 784
63 97 974
63 98 3585
63 99 729
63 100 1040
64 65 558
64 66 2213
64 67 280
64 68 1280
64 69 1855
64 70 1838
64 71 1608
64 72 1401
64 73 1913
64 74 2000
64 75 772
64 76 1918
64 77 957
64 78 2203
64 79 292
64 80 798
64 81 2241
64 82 2317
64 83 1227
64 84 2618
64 85 798
64 86 1764
64 87 2987
64 88 1588
64 89 1637
64 90 1182
64 91 1718
64 92 1984
64 93 1565
64 94 1806
64 95 1736
64 96 2709
64 97 2361
64 98 1469
64 99 1878
64 100 2115
65 66 1915
65 67 305
65 68 764
65 69 1347
65 70 1386
65 71 1458
65 72 1212
65 73 1362
65 74 1543
65 75 706
65 76 1481
65 77 400
65 78 2107
65 79 408
65 80 257
65 81 1803
65 82 2223
65 83 1023
65 84 2292
65 85 808
65 86 1504
65 87 2593
65 88 1576
65 89 1083
65 90 1366
65 91 1315
65 92 1612
65 93 1250
65 94 1423
65 95 1383
65 96 2326
65 97 1922
65 98 1513
65 99 1508
65 100 1663
66 67 2133
66 68 2110
66 69 1140
66 70 2666
66 71 3256
66 72 3005
66 73 1568
66 74 804
66 75 2614
66 76 2781
66 77 1788
66 78 823
66 79 1923
66 80 1929
66 81 690
66 82 873
66 83 2829
66 84 417
66 85 1483
66 86 3172
66 87 900
66 88 3456
66 89 1902
66 90 3278
66 91 2760
66 92 416
66 93 666
66 94 2888
66 95 2921
66 96 635
66 97 720
66 98 3415
66 99 482
66 100 771
67 68 1000
67 69 1647
67 70 1565
67 71 1428
67 72 1202
67 73 1665
67 74 1827
67 75 599
67 76 1648
67 77 697
67 78 2227
67 79 302
67 80 526
67 81 2081
67 82 2343
67 83 1018
67 84 2525
67 85 842
67 86 1544
67 87 2856
67 88 1469
67 89 1366
67 90 1158
67 91 1455
67 92 1862
67 93 1470
67 94 1548
67 95 1486
67 96 2583
67 97 2201
67 98 1375
67 99 1756
67 100 1946
68 69 1144
68 70 662
68 71 1202
68 72 968
68 73 917
68 74 1469
68 75 911
68 76 772
68 77 453
68 78 2546
68 79 1172
68 80 509
68 81 1737
68 82 2656
68 83 832
68 84 2403
68 85 1481
68 86 1065
68 87 2555
68 88 1493
68 89 460
68 90 1583
68 91 673
68 92 1718
68 93 1521
68 94 801
68 95 815
68 96 2328
68 97 1840
68 98 1520
68 99 1633
68 100 1579
69 70 1583
69 71 2346
69 72 2111
69 73 428
69 74 358
69 75 1910
69 76 1694
69 77 1020
69 78 1821
69 79 1595
69 80 1212
69 81 606
69 82 1909
69 83 1964
69 84 1331
69 85 1478
69 86 2185
69 87 1413
69 88 2625
69 89 811
69 90 2618
69 91 1717
69 92 727
69 93 828
69 94 1840
69 95 1896
69 96 1200
69 97 700
69 98 2634
69 99 688
69 100 450
70 71 1038
70 72 909
70 73 1217
70 74 1938
70 75 1246
70 76 116
70 77 1115
70 78 3175
70 79 1787
70 80 1143
70 81 2186
70 82 3283
70 83 899
70 84 2909
70 85 2139
70 86 737
70 87 2968
70 88 1420
70 89 773
70 90 1747
70 91 236
70 92 2256
70 93 2130
70 94 307
70 95 413
70 96 2777
70 97 2269
70 98 1523
70 99 2184
70 100 2032
71 72 252
71 73 2085
71 74 2667
71 75 838
71 76 1007
71 77 1469
71 78 3558
71 79 1728
71 80 1348
71 81 2937
71 82 3673
71 83 438
71 84 3580
71 85 2246
71 86 352
71 87 3756
71 88 392
71 89 1600
71 90 879
71 91 803
71 92 2886
71 93 2619
71 94 753
71 95 632
71 96 3525
71 97 3041
71 98 532
71 99 2793
71 100 2780
72 73 1868
72 74 2426
72 75 631
72 76 904
72 77 1217
72 78 3308
72 79 1499
72 80 1096
72 81 2697
72 82 3423
72 83 190
72 84 3332
72 85 2007
72 86 391
72 87 3517
72 88 540
72 89 1385
72 90 863
72 91 676
72 92 2637
72 93 2367
72 94 666
72 95 546
72 96 3282
72 97 2802
72 98 617
72 99 2543
72 100 2540
73 74 774
73 75 1790
73 76 1323
73 77 974
73 78 2237
73 79 1690
73 80 1161
73 81 991
73 82 2328
73 83 1745
73 84 1738
73 85 1708
73 86 1879
73 87 1752
73 88 2402
73 89 486
73 90 2486
73 91 1382
73 92 1155
73 93 1212
73 94 1498
73 95 1570
73 96 1571
73 97 1062
73 98 2437
73 99 1114
73 100 846
74 75 2167
74 76 2051
74 77 1273
74 78 1542
74 79 1719
74 80 1455
74 81 272
74 82 1620
74 83 2270
74 84 973
74 85 1486
74 86 2524
74 87 1092
74 88 2927
74 89 1166
74 90 2872
74 91 2066
74 92 408
74 93 670
74 94 2191
74 95 2242
74 96 859
74 97 385
74 98 2922
74 99 406
74 100 120
75 76 1297
75 77 895
75 78 2799
75 79 900
75 80 713
75 81 2437
75 82 2915
75 83 467
75 84 2981
75 85 1436
75 86 1006
75 87 3247
75 88 879
75 89 1368
75 90 708
75 91 1068
75 92 2292
75 93 1951
75 94 1126
75 95 1034
75 96 2989
75 97 2552
75 98 807
75 99 2190
75 100 2287
76 77 1223
76 78 3291
76 79 1879
76 80 1243
76 81 2296
76 82 3399
76 83 919
76 84 3022
76 85 2244
76 86 685
76 87 3075
76 88 1396
76 89 886
76 90 1758
76 91 236
76 92 2371
76 93 2246
76 94 254
76 95 375
76 96 2886
76 97 2378
76 98 1510
76 99 2300
76 100 2143
77 78 2136
77 79 781
77 80 194
77 81 1544
77 82 2249
77 83 1041
77 84 2125
77 85 1029
77 86 1419
77 87 2359
77 88 1678
77 89 688
77 90 1602
77 91 1104
77 92 1430
77 93 1153
77 94 1228
77 95 1220
77 96 2106
77 97 1658
77 98 1657
77 99 1333
77 100 1393
78 79 1949
78 80 2217
78 81 1495
78 82 116
78 83 3119
78 84 1075
78 85 1405
78 86 3551
78 87 1608
78 88 3678
78 89 2465
78 90 3372
78 91 3219
78 92 1138
78 93 1056
78 94 3346
78 95 3351
78 96 1392
78 97 1539
78 98 3599
78 99 1143
78 100 1544
79 80 664
79 81 1956
79 82 2064
79 83 1314
79 84 2327
79 85 550
79 86 1832
79 87 2696
79 88 1767
79 89 1469
79 90 1423
79 91 1701
79 92 1692
79 93 1273
79 94 1803
79 95 1752
79 96 2417
79 97 2076
79 98 1667
79 99 1587
79 100 1833
80 81 1724
80 82 2332
80 83 912
80 84 2281
80 85 1009
80 86 1340
80 87 2534
80 88 1526
80 89 840
80 90 1417
80 91 1092
80 92 1588
80 93 1278
80 94 1207
80 95 1181
80 96 2277
80 97 1840
80 98 1493
80 99 1488
80 100 1575
81 82 1556
81 83 2542
81 84 754
81 85 1675
81 86 2788
81 87 820
81 88 3199
81 89 1416
81 90 3140
81 91 2323
81 92 400
81 93 800
81 94 2446
81 95 2502
81 96 594
81 97 120
81 98 3194
81 99 463
81 100 158
82 83 3235
82 84 1084
82 85 1520
82 86 3665
82 87 1611
82 88 3794
82 89 2568
82 90 3487
82 91 3329
82 92 1213
82 93 1158
82 94 3457
82 95 3463
82 96 1410
82 97 1593
82 98 3715
82 99 1225
82 100 1614
83 84 3162
83 85 1818
83 86 539
83 87 3362
83 88 662
83 89 1271
83 90 850
83 91 683
83 92 2467
83 93 2186
83 94 708
83 95 600
83 96 3122
83 97 2649
83 98 695
83 99 2372
83 100 2385
84 85 1898
84 86 3468
84 87 535
84 88 3803
84 89 2136
84 90 3658
84 91 3028
84 92 695
84 93 1057
84 94 3154
84 95 3198
84 96 336
84 97 714
84 98 3774
84 99 793
84 100 892
85 86 2312
85 87 2326
85 88 2311
85 89 1640
85 90 1969
85 91 2101
85 92 1340
85 93 896
85 94 2216
85 95 2185
85 96 2044
85 97 1789
85 98 2216
85 99 1242
85 100 1584
86 87 3598
86 88 740
86 89 1397
86 90 1211
86 91 515
86 92 2783
86 93 2563
86 94 434
86 95 325
86 96 3382
86 97 2885
86 98 883
86 99 2697
86 100 2631
87 88 4019
87 89 2210
87 90 3946
87 91 3121
87 92 1004
87 93 1438
87 94 3241
87 95 3304
87 96 282
87 97 715
87 98 4013
87 99 1109
87 100 977
88 89 1922
88 90 596
88 91 1184
88 92 3108
88 93 2801
88 94 1143
88 95 1021
88 96 3776
88 97 3308
88 98 182
88 99 3010
88 100 3043
89 90 2043
89 91 911
89 92 1489
89 93 1410
89 94 1032
89 95 1094
89 96 2009
89 97 1504
89 98 1965
89 99 1423
89 100 1261
90 91 1524
90 92 2977
90 93 2612
90 94 1528
90 95 1409
90 96 3684
90 97 3256
90 98 417
90 99 2873
90 100 2992
91 92 2358
91 93 2190
91 94 129
91 95 192
91 96 2917
91 97 2413
91 98 1289
91 99 2279
91 100 2167
92 93 444
92 94 2485
92 95 2522
92 96 725
92 97 489
92 98 3081
92 99 106
92 100 409
93 94 2319
93 95 2336
93 96 1156
93 97 908
93 98 2755
93 99 348
93 100 741
94 95 123
94 96 3040
94 97 2535
94 98 1262
94 99 2407
94 100 2290
95 96 3096
95 97 2594
95 98 1139
95 99 2441
95 100 2345
96 97 509
96 98 3763
96 99 831
96 100 752
97 98 3306
97 99 564
97 100 266
98 99 2980
98 100 3040
99 100 438
