100 5049
1 2 2793
1 3 2097
1 4 1655
1 5 2251
1 6 2118
1 7 1515
1 8 685
1 9 2586
1 10 2736
1 11 590
1 12 2971
1 13 365
1 14 2003
1 15 1023
1 16 1433
1 17 636
1 18 2104
1 19 2630
1 20 2440
1 21 2939
1 22 1327
1 23 854
1 24 407
1 25 2415
1 26 2869
1 27 350
1 28 3096
1 29 1783
1 30 2741
1 31 1832
1 32 561
1 33 2057
1 34 360
1 35 2460
1 36 1681
1 37 2535
1 38 521
1 39 1183
1 40 2094
1 41 660
1 42 1005
1 43 1500
1 44 1796
1 45 2035
1 46 875
1 47 2858
1 48 2950
1 49 980
1 50 93
1 51 2609
1 52 663
1 53 2079
1 54 1301
1 55 2691
1 56 3156
1 57 1883
1 58 1579
1 59 1948
1 60 1979
1 61 1258
1 62 2361
1 63 1298
1 64 1709
1 65 1798
1 66 608
1 67 1661
1 68 2011
1 69 1060
1 70 974
1 71 1457
1 72 1791
1 73 1041
1 74 1260
1 75 1696
1 76 1452
1 77 1460
1 78 1761
1 79 438
1 80 1525
1 81 372
1 82 2311
1 83 2110
1 84 710
1 85 1918
1 86 1655
1 87 2872
1 88 403
1 89 780
1 90 654
1 91 1297
1 92 2778
1 93 1723
1 94 509
1 95 3179
1 96 1639
1 97 779
1 98 971
1 99 1877
1 100 2719
2 3 993
2 4 1157
2 5 725
2 6 1114
2 7 3132
2 8 2871
2 9 956
2 10 1101
2 11 3275
2 12 1788
2 13 2456
2 14 2059
2 15 1921
2 16 1674
2 17 3406
2 18 1323
2 19 195
2 20 1197
2 21 1395
2 22 3844
2 23 3235
2 24 2398
2 25 1224
2 26 837
2 27 2459
2 28 1722
2 29 3937
2 30 207
2 31 2444
2 32 3338
2 33 2143
2 34 2818
2 35 403
2 36 3583
2 37 260
2 38 2910
2 39 1641
2 40 1096
2 41 2151
2 42 3447
2 43 1372
2 44 1012
2 45 2302
2 46 2682
2 47 1560
2 48 202
2 49 3746
2 50 2862
2 51 188
2 52 2785
2 53 781
2 54 1630
2 55 773
2 56 1397
2 57 2663
2 58 3860
2 59 1223
2 60 821
2 61 2926
2 62 436
2 63 1718
2 64 1345
2 65 2064
2 66 2892
2 67 3475
2 68 2079
2 69 2158
2 70 3695
2 71 1344
2 72 2765
2 73 1767
2 74 3088
2 75 3470
2 76 2534
2 77 1480
2 78 2365
2 79 2382
2 80 2426
2 81 2771
2 82 1593
2 83 1065
2 84 2152
2 85 1365
2 86 1835
2 87 827
2 88 2390
2 89 3471
2 90 3409
2 91 1626
2 92 388
2 93 1070
2 94 3302
2 95 1306
2 96 1785
2 97 3565
2 98 3751
2 99 2415
2 100 102
3 4 572
3 5 268
3 6 156
3 7 2156
3 8 2004
3 9 506
3 10 688
3 11 2480
3 12 1206
3 13 1823
3 14 1085
3 15 1097
3 16 748
3 17 2648
3 18 371
3 19 798
3 20 479
3 21 972
3 22 2960
3 23 2360
3 24 1691
3 25 478
3 26 772
3 27 1747
3 28 1243
3 29 2983
3 30 1083
3 31 1454
3 32 2657
3 33 1175
3 34 2024
3 35 930
3 36 2614
3 37 780
3 38 2080
3 39 933
3 40 121
3 41 1441
3 42 2568
3 43 610
3 44 513
3 45 1327
3 46 1777
3 47 1000
3 48 1052
3 49 2970
3 50 2145
3 51 880
3 52 1921
3 53 340
3 54 800
3 55 595
3 56 1141
3 57 1672
3 58 2927
3 59 232
3 60 516
3 61 1968
3 62 654
3 63 839
3 64 412
3 65 1073
3 66 2042
3 67 2502
3 68 1106
3 69 1250
3 70 2891
3 71 747
3 72 1772
3 73 1083
3 74 2136
3 75 2493
3 76 1552
3 77 639
3 78 1373
3 79 1757
3 80 1439
3 81 1975
3 82 720
3 83 95
3 84 1391
3 85 372
3 86 845
3 87 775
3 88 1719
3 89 2665
3 90 2639
3 91 803
3 92 776
3 93 669
3 94 2581
3 95 1132
3 96 798
3 97 2870
3 98 2990
3 99 1426
3 100 980
4 5 623
4 6 682
4 7 2091
4 8 1723
4 9 1065
4 10 1256
4 11 2118
4 12 1754
4 13 1340
4 14 1344
4 15 776
4 16 643
4 17 2255
4 18 823
4 19 982
4 20 1042
4 21 1543
4 22 2696
4 23 2087
4 24 1252
4 25 1036
4 26 1288
4 27 1313
4 28 1807
4 29 2840
4 30 1144
4 31 1589
4 32 2210
4 33 1441
4 34 1661
4 35 886
4 36 2518
4 37 897
4 38 1754
4 39 484
4 40 642
4 41 1001
4 42 2299
4 43 252
4 44 145
4 45 1558
4 46 1557
4 47 1560
4 48 1300
4 49 2592
4 50 1718
4 51 982
4 52 1637
4 53 428
4 54 507
4 55 1105
4 56 1710
4 57 1793
4 58 2741
4 59 585
4 60 337
4 61 1853
4 62 721
4 63 623
4 64 453
4 65 1244
4 66 1740
4 67 2421
4 68 1364
4 69 1053
4 70 2539
4 71 202
4 72 1848
4 73 616
4 74 2001
4 75 2424
4 76 1538
4 77 394
4 78 1493
4 79 1268
4 80 1461
4 81 1614
4 82 1183
4 83 638
4 84 995
4 85 687
4 86 954
4 87 1288
4 88 1256
4 89 2314
4 90 2255
4 91 499
4 92 1126
4 93 178
4 94 2160
4 95 1694
4 96 894
4 97 2433
4 98 2601
4 99 1583
4 100 1095
5 6 402
5 7 2415
5 8 2219
5 9 504
5 10 707
5 11 2671
5 12 1329
5 13 1952
5 14 1348
5 15 1286
5 16 978
5 17 2827
5 18 620
5 19 531
5 20 612
5 21 1025
5 22 3184
5 23 2579
5 24 1844
5 25 626
5 26 671
5 27 1902
5 28 1331
5 29 3233
5 30 818
5 31 1721
5 32 2810
5 33 1437
5 34 2212
5 35 686
5 36 2870
5 37 515
5 38 2282
5 39 1069
5 40 378
5 41 1591
5 42 2789
5 43 753
5 44 509
5 45 1591
5 46 2006
5 47 1106
5 48 796
5 49 3157
5 50 2306
5 51 614
5 52 2135
5 53 218
5 54 985
5 55 490
5 56 1149
5 57 1940
5 58 3169
5 59 498
5 60 411
5 61 2219
5 62 404
5 63 1048
5 64 641
5 65 1341
5 66 2251
5 67 2759
5 68 1369
5 69 1477
5 70 3087
5 71 823
5 72 2040
5 73 1214
5 74 2384
5 75 2752
5 76 1813
5 77 824
5 78 1641
5 79 1882
5 80 1702
5 81 2163
5 82 940
5 83 347
5 84 1560
5 85 640
5 86 1110
5 87 670
5 88 1860
5 89 2861
5 90 2822
5 91 985
5 92 543
5 93 649
5 94 2747
5 95 1112
5 96 1061
5 97 3029
5 98 3172
5 99 1694
5 100 713
6 7 2069
6 8 1974
6 9 470
6 10 623
6 11 2470
6 12 1074
6 13 1864
6 14 948
6 15 1102
6 16 720
6 17 2647
6 18 219
6 19 923
6 20 364
6 21 875
6 22 2917
6 23 2323
6 24 1717
6 25 354
6 26 771
6 27 1769
6 28 1126
6 29 2907
6 30 1219
6 31 1333
6 32 2676
6 33 1035
6 34 2020
6 35 1080
6 36 2530
6 37 917
6 38 2063
6 39 984
6 40 41
6 41 1472
6 42 2528
6 43 668
6 44 646
6 45 1190
6 46 1734
6 47 878
6 48 1154
6 49 2962
6 50 2160
6 51 1015
6 52 1894
6 53 495
6 54 818
6 55 608
6 56 1065
6 57 1551
6 58 2863
6 59 173
6 60 668
6 61 1895
6 62 800
6 63 831
6 64 409
6 65 953
6 66 2018
6 67 2415
6 68 968
6 69 1214
6 70 2875
6 71 838
6 72 1659
6 73 1133
6 74 2065
6 75 2404
6 76 1461
6 77 664
6 78 1256
6 79 1802
6 80 1342
6 81 1970
6 82 565
6 83 60
6 84 1409
6 85 270
6 86 750
6 87 776
6 88 1753
6 89 2650
6 90 2635
6 91 823
6 92 859
6 93 799
6 94 2590
6 95 1071
6 96 709
6 97 2884
6 98 2987
6 99 1302
6 100 1111
7 8 830
7 9 2461
7 10 2508
7 11 1255
7 12 2365
7 13 1671
7 14 1305
7 15 1383
7 16 1472
7 17 1480
7 18 1909
7 19 2937
7 20 2205
7 21 2546
7 22 1138
7 23 833
7 24 1466
7 25 2170
7 26 2778
7 27 1442
7 28 2538
7 29 863
7 30 3182
7 31 879
7 32 1761
7 33 1282
7 34 1155
7 35 2955
7 36 463
7 37 2892
7 38 1005
7 39 1718
7 40 2073
7 41 1505
7 42 901
7 43 1840
7 44 2216
7 45 1147
7 46 701
7 47 2372
7 48 3208
7 49 1596
7 50 1454
7 51 2990
7 52 857
7 53 2363
7 54 1589
7 55 2649
7 56 2782
7 57 741
7 58 892
7 59 1926
7 60 2394
7 61 281
7 62 2731
7 63 1468
7 64 1788
7 65 1176
7 66 911
7 67 346
7 68 1295
7 69 1056
7 70 1432
7 71 1986
7 72 578
7 73 1690
7 74 265
7 75 338
7 76 608
7 77 1702
7 78 900
7 79 1692
7 80 734
7 81 1145
7 82 1858
7 83 2103
7 84 1387
7 85 1799
7 86 1320
7 87 2786
7 88 1565
7 89 1294
7 90 1431
7 91 1599
7 92 2926
7 93 2255
7 94 1584
7 95 2857
7 96 1361
7 97 1827
7 98 1666
7 99 936
7 100 3101
8 9 2433
8 10 2543
8 11 564
8 12 2623
8 13 883
8 14 1564
8 15 950
8 16 1257
8 17 789
8 18 1889
8 19 2686
8 20 2229
8 21 2680
8 22 974
8 23 364
8 24 713
8 25 2198
8 26 2744
8 27 672
8 28 2773
8 29 1217
8 30 2867
8 31 1285
8 32 994
8 33 1593
8 34 325
8 35 2604
8 36 1030
8 37 2613
8 38 185
8 39 1255
8 40 1961
8 41 847
8 42 577
8 43 1499
8 44 1866
8 45 1528
8 46 286
8 47 2557
8 48 2993
8 49 1037
8 50 625
8 51 2701
8 52 86
8 53 2097
8 54 1243
8 55 2581
8 56 2913
8 57 1283
8 58 1061
8 59 1803
8 60 2059
8 61 582
8 62 2438
8 63 1171
8 64 1592
8 65 1367
8 66 88
8 67 993
8 68 1566
8 69 760
8 70 921
8 71 1559
8 72 1166
8 73 1164
8 74 576
8 75 1024
8 76 880
8 77 1399
8 78 1237
8 79 920
8 80 987
8 81 319
8 82 1996
8 83 1985
8 84 775
8 85 1724
8 86 1329
8 87 2749
8 88 802
8 89 706
8 90 755
8 91 1246
8 92 2762
8 93 1849
8 94 831
8 95 2960
8 96 1337
8 97 1117
8 98 1081
8 99 1338
8 100 2815
9 10 203
9 11 2937
9 12 861
9 13 2324
9 14 1226
9 15 1571
9 16 1186
9 17 3116
9 18 559
9 19 805
9 20 275
9 21 523
9 22 3364
9 23 2778
9 24 2183
9 25 310
9 26 318
9 27 2236
9 28 839
9 29 3315
9 30 1123
9 31 1656
9 32 3145
9 33 1294
9 34 2488
9 35 1096
9 36 2924
9 37 859
9 38 2528
9 39 1436
9 40 492
9 41 1936
9 42 2980
9 43 1114
9 44 981
9 45 1459
9 46 2185
9 47 632
9 48 912
9 49 3430
9 50 2629
9 51 937
9 52 2355
9 53 716
9 54 1285
9 55 209
9 56 650
9 57 1867
9 58 3288
9 59 642
9 60 913
9 61 2312
9 62 831
9 63 1301
9 64 878
9 65 1296
9 66 2481
9 67 2805
9 68 1243
9 69 1673
9 70 3340
9 71 1249
9 72 1997
9 73 1586
9 74 2485
9 75 2789
9 76 1856
9 77 1128
9 78 1596
9 79 2259
9 80 1728
9 81 2439
9 82 687
9 83 477
9 84 1877
9 85 710
9 86 1157
9 87 326
9 88 2216
9 89 3116
9 90 3104
9 91 1289
9 92 593
9 93 1131
9 94 3060
9 95 629
9 96 1128
9 97 3353
9 98 3455
9 99 1614
9 100 995
10 11 3061
10 12 688
10 13 2487
10 14 1233
10 15 1714
10 16 1316
10 17 3247
10 18 654
10 19 968
10 20 315
10 21 324
10 22 3455
10 23 2879
10 24 2336
10 25 347
10 26 323
10 27 2388
10 28 646
10 29 3369
10 30 1282
10 31 1673
10 32 3292
10 33 1289
10 34 2618
10 35 1280
10 36 2970
10 37 1035
10 38 2648
10 39 1605
10 40 653
10 41 2093
10 42 3077
10 43 1286
10 44 1178
10 45 1453
10 46 2285
10 47 460
10 48 1027
10 49 3554
10 50 2774
10 51 1106
10 52 2467
10 53 918
10 54 1438
10 55 328
10 56 454
10 57 1876
10 58 3356
10 59 789
10 60 1116
10 61 2379
10 62 1022
10 63 1440
10 64 1029
10 65 1333
10 66 2595
10 67 2849
10 68 1248
10 69 1786
10 70 3457
10 71 1435
10 72 2015
10 73 1754
10 74 2553
10 75 2830
10 76 1911
10 77 1286
10 78 1623
10 79 2424
10 80 1779
10 81 2569
10 82 670
10 83 643
10 84 2026
10 85 828
10 86 1235
10 87 334
10 88 2375
10 89 3235
10 90 3233
10 91 1444
10 92 719
10 93 1330
10 94 3200
10 95 448
10 96 1215
10 97 3496
10 98 3583
10 99 1626
10 100 1152
11 12 3179
11 13 945
11 14 2127
11 15 1386
11 16 1751
11 17 231
11 18 2409
11 19 3100
11 20 2751
11 21 3219
11 22 744
11 23 429
11 24 902
11 25 2722
11 26 3240
11 27 841
11 28 3326
11 29 1270
11 30 3244
11 31 1843
11 32 519
11 33 2157
11 34 459
11 35 2969
11 36 1267
11 37 3015
11 38 418
11 39 1634
11 40 2453
11 41 1133
11 42 482
11 43 1924
11 44 2263
11 45 2091
11 46 850
11 47 3105
11 48 3416
11 49 493
11 50 497
11 51 3096
11 52 619
11 53 2524
11 54 1687
11 55 3070
11 56 3449
11 57 1824
11 58 1044
11 59 2297
11 60 2454
11 61 1071
11 62 2839
11 63 1643
11 64 2071
11 65 1929
11 66 489
11 67 1285
11 68 2129
11 69 1279
11 70 420
11 71 1932
11 72 1694
11 73 1510
11 74 992
11 75 1328
11 76 1438
11 77 1849
11 78 1799
11 79 1012
11 80 1549
11 81 508
11 82 2544
11 83 2474
11 84 1124
11 85 2234
11 86 1872
11 87 3245
11 88 944
11 89 200
11 90 192
11 91 1686
11 92 3212
11 93 2215
11 94 340
11 95 3489
11 96 1874
11 97 576
11 98 525
11 99 1898
11 100 3209
12 13 2790
12 14 1083
12 15 1974
12 16 1564
12 17 3390
12 18 952
12 19 1656
12 20 730
12 21 410
12 22 3433
12 23 2914
12 24 2602
12 25 728
12 26 971
12 27 2643
12 28 181
12 29 3217
12 30 1970
12 31 1486
12 32 3500
12 33 1088
12 34 2777
12 35 1957
12 36 2803
12 37 1719
12 38 2764
12 39 1977
12 40 1115
12 41 2386
12 42 3089
12 43 1697
12 44 1718
12 45 1219
12 46 2341
12 47 230
12 48 1702
12 49 3660
12 50 2990
12 51 1792
12 52 2561
12 53 1513
12 54 1758
12 55 1016
12 56 550
12 57 1643
12 58 3254
12 59 1181
12 60 1708
12 61 2311
12 62 1689
12 63 1709
12 64 1392
12 65 1263
12 66 2692
12 67 2678
12 68 1088
12 69 1927
12 70 3539
12 71 1895
12 72 1803
12 73 2115
12 74 2479
12 75 2649
12 76 1832
12 77 1642
12 78 1478
12 79 2739
12 80 1699
12 81 2730
12 82 662
12 83 1124
12 84 2288
12 85 1130
12 86 1321
12 87 982
12 88 2663
12 89 3328
12 90 3365
12 91 1769
12 92 1403
12 93 1872
12 94 3380
12 95 665
12 96 1333
12 97 3681
12 98 3703
12 99 1429
12 100 1840
13 14 1900
13 15 817
13 16 1227
13 17 1000
13 18 1880
13 19 2300
13 20 2204
13 21 2714
13 22 1667
13 23 1142
13 24 229
13 25 2183
13 26 2592
13 27 232
13 28 2901
13 29 2070
13 30 2394
13 31 1809
13 32 882
13 33 1968
13 34 600
13 35 2112
13 36 1913
13 37 2200
13 38 768
13 39 891
13 40 1835
13 41 404
13 42 1319
13 43 1215
13 44 1476
13 45 1975
13 46 977
13 47 2656
13 48 2620
13 49 1344
13 50 453
13 51 2270
13 52 829
13 53 1767
13 54 1054
13 55 2411
13 56 2922
13 57 1901
13 58 1882
13 59 1700
13 60 1652
13 61 1395
13 62 2029
13 63 1082
13 64 1459
13 65 1700
13 66 829
13 67 1874
13 68 1911
13 69 965
13 70 1339
13 71 1138
13 72 1838
13 73 741
13 74 1439
13 75 1903
13 76 1471
13 77 1200
13 78 1726
13 79 75
13 80 1514
13 81 580
13 82 2129
13 83 1848
13 84 510
13 85 1692
13 86 1508
13 87 2594
13 88 136
13 89 1139
13 90 1019
13 91 1046
13 92 2465
13 93 1389
13 94 864
13 95 2934
13 96 1480
13 97 1110
13 98 1332
13 99 1847
13 100 2378
14 15 1121
14 16 803
14 17 2347
14 18 736
14 19 1870
14 20 953
14 21 1242
14 22 2350
14 23 1837
14 24 1684
14 25 918
14 26 1529
14 27 1711
14 28 1249
14 29 2167
14 30 2166
14 31 441
14 32 2494
14 33 97
14 34 1756
14 35 2010
14 36 1759
14 37 1863
14 38 1718
14 39 1283
14 40 970
14 41 1519
14 42 2007
14 43 1146
14 44 1402
14 45 243
14 46 1279
14 47 1068
14 48 2082
14 49 2597
14 50 2003
14 51 1962
14 52 1509
14 53 1395
14 54 1041
14 55 1430
14 56 1477
14 57 643
14 58 2184
14 59 875
14 60 1516
14 61 1229
14 62 1738
14 63 930
14 64 894
14 65 205
14 66 1639
14 67 1635
14 68 21
14 69 947
14 70 2468
14 71 1371
14 72 783
14 73 1376
14 74 1398
14 75 1612
14 76 749
14 77 1017
14 78 405
14 79 1867
14 80 615
14 81 1713
14 82 565
14 83 1001
14 84 1395
14 85 728
14 86 436
14 87 1539
14 88 1765
14 89 2264
14 90 2317
14 91 1055
14 92 1770
14 93 1518
14 94 2357
14 95 1555
14 96 488
14 97 2656
14 98 2645
14 99 393
14 100 2058
15 16 414
15 17 1551
15 18 1082
15 19 1738
15 20 1417
15 21 1917
15 22 1923
15 23 1314
15 24 632
15 25 1392
15 26 1864
15 27 679
15 28 2088
15 29 2078
15 30 1919
15 31 1139
15 32 1577
15 33 1199
15 34 929
15 35 1661
15 36 1779
15 37 1663
15 38 997
15 39 337
15 40 1080
15 41 415
15 42 1526
15 43 550
15 44 918
15 45 1240
15 46 786
15 47 1846
15 48 2047
15 49 1874
15 50 1060
15 51 1751
15 52 864
15 53 1150
15 54 301
15 55 1690
15 56 2134
15 57 1291
15 58 1969
15 59 930
15 60 1110
15 61 1121
15 62 1488
15 63 276
15 64 694
15 65 933
15 66 972
15 67 1692
15 68 1135
15 69 335
15 70 1801
15 71 626
15 72 1287
15 73 323
15 74 1254
15 75 1701
15 76 921
15 77 463
15 78 1043
15 79 770
15 80 897
15 81 879
15 82 1312
15 83 1098
15 84 317
15 85 895
15 86 704
15 87 1868
15 88 689
15 89 1575
15 90 1543
15 91 301
15 92 1829
15 93 913
15 94 1489
15 95 2157
15 96 669
15 97 1783
15 98 1894
15 99 1160
15 100 1866
16 17 1933
16 18 672
16 19 1481
16 20 1011
16 21 1506
16 22 2212
16 23 1612
16 24 1046
16 25 985
16 26 1491
16 27 1092
16 28 1675
16 29 2263
16 30 1711
16 31 963
16 32 1982
16 33 893
16 34 1304
16 35 1484
16 36 1915
16 37 1427
16 38 1343
16 39 482
16 40 705
16 41 823
16 42 1819
16 43 398
16 44 752
16 45 977
16 46 1030
16 47 1432
16 48 1770
16 49 2244
16 50 1465
16 51 1523
16 52 1176
16 53 896
16 54 239
16 55 1325
16 56 1725
16 57 1158
16 58 2192
16 59 548
16 60 924
16 61 1254
16 62 1261
16 63 147
16 64 339
16 65 652
16 66 1299
16 67 1811
16 68 820
16 69 502
16 70 2155
16 71 602
16 72 1206
16 73 588
16 74 1414
16 75 1809
16 76 899
16 77 252
16 78 864
16 79 1176
16 80 818
16 81 1254
16 82 903
16 83 728
16 84 731
16 85 489
16 86 368
16 87 1496
16 88 1101
16 89 1931
16 90 1919
16 91 252
16 92 1517
16 93 818
16 94 1885
16 95 1753
16 96 315
16 97 2182
16 98 2270
16 99 963
16 100 1635
17 18 2598
17 19 3236
17 20 2940
17 21 3416
17 22 822
17 23 648
17 24 1009
17 25 2912
17 26 3414
17 27 947
17 28 3533
17 29 1415
17 30 3363
17 31 2071
17 32 340
17 33 2380
17 34 629
17 35 3084
17 36 1461
17 37 3146
17 38 629
17 39 1772
17 40 2628
17 41 1255
17 42 656
17 43 2075
17 44 2398
17 45 2317
17 46 1073
17 47 3309
17 48 3554
17 49 345
17 50 553
17 51 3224
17 52 837
17 53 2670
17 54 1849
17 55 3241
17 56 3644
17 57 2056
17 58 1178
17 59 2474
17 60 2586
17 61 1302
17 62 2971
17 63 1816
17 64 2243
17 65 2147
17 66 709
17 67 1489
17 68 2349
17 69 1476
17 70 358
17 71 2062
17 72 1926
17 73 1639
17 74 1219
17 75 1534
17 76 1667
17 77 2011
17 78 2025
17 79 1074
17 80 1776
17 81 678
17 82 2749
17 83 2647
17 84 1268
17 85 2420
17 86 2076
17 87 3418
17 88 1030
17 89 244
17 90 55
17 91 1847
17 92 3364
17 93 2338
17 94 185
17 95 3680
17 96 2075
17 97 347
17 98 346
17 99 2126
17 100 3335
18 19 1134
18 20 342
18 21 836
18 22 2809
18 23 2228
18 24 1712
18 25 314
18 26 877
18 27 1760
18 28 1035
18 29 2759
18 30 1435
18 31 1136
18 32 2655
18 33 821
18 34 1969
18 35 1299
18 36 2372
18 37 1133
18 38 1995
18 39 1032
18 40 250
18 41 1478
18 42 2427
18 43 745
18 44 816
18 45 979
18 46 1634
18 47 786
18 48 1350
18 49 2901
18 50 2137
18 51 1231
18 52 1813
18 53 707
18 54 828
18 55 740
18 56 1053
18 57 1353
18 58 2729
18 59 238
18 60 868
18 61 1754
18 62 1019
18 63 806
18 64 441
18 65 762
18 66 1941
18 67 2254
18 68 756
18 69 1133
18 70 2804
18 71 946
18 72 1470
18 73 1174
18 74 1926
18 75 2240
18 76 1301
18 77 697
18 78 1066
18 79 1823
18 80 1176
18 81 1920
18 82 366
18 83 278
18 84 1398
18 85 188
18 86 598
18 87 885
18 88 1760
18 89 2581
18 90 2582
18 91 837
18 92 1043
18 93 964
18 94 2556
18 95 1083
18 96 570
18 97 2854
18 98 2931
18 99 1102
18 100 1324
19 20 1029
19 21 1277
19 22 3659
19 23 3050
19 24 2231
19 25 1054
19 26 741
19 27 2292
19 28 1605
19 29 3744
19 30 320
19 31 2251
19 32 3179
19 33 1955
19 34 2642
19 35 362
19 36 3389
19 37 118
19 38 2730
19 39 1467
19 40 904
19 41 1982
19 42 3262
19 43 1188
19 44 838
19 45 2112
19 46 2493
19 47 1427
19 48 320
19 49 3575
19 50 2696
19 51 142
19 52 2601
19 53 591
19 54 1444
19 55 642
19 56 1308
19 57 2469
19 58 3669
19 59 1029
19 60 651
19 61 2733
19 62 272
19 63 1529
19 64 1151
19 65 1871
19 66 2710
19 67 3280
19 68 1890
19 69 1968
19 70 3520
19 71 1175
19 72 2571
19 73 1597
19 74 2895
19 75 3275
19 76 2339
19 77 1291
19 78 2171
19 79 2226
19 80 2231
19 81 2595
19 82 1416
19 83 873
19 84 1977
19 85 1171
19 86 1640
19 87 732
19 88 2228
19 89 3296
19 90 3238
19 91 1440
19 92 307
19 93 911
19 94 3137
19 95 1228
19 96 1590
19 97 3405
19 98 3582
19 99 2223
19 100 195
20 21 515
20 22 3141
20 23 2565
20 24 2044
20 25 35
20 26 578
20 27 2094
20 28 765
20 29 3063
20 30 1348
20 31 1386
20 32 2993
20 33 1020
20 34 2311
20 35 1278
20 36 2668
20 37 1064
20 38 2336
20 39 1336
20 40 402
20 41 1806
20 42 2762
20 43 1027
20 44 993
20 45 1184
20 46 1970
20 47 521
20 48 1174
20 49 3243
20 50 2475
20 51 1151
20 52 2154
20 53 785
20 54 1151
20 55 483
20 56 718
20 57 1595
20 58 3046
20 59 509
20 60 979
20 61 2069
20 62 998
20 63 1141
20 64 746
20 65 1033
20 66 2282
20 67 2548
20 68 970
20 69 1474
20 70 3145
20 71 1201
20 72 1728
20 73 1483
20 74 2242
20 75 2530
20 76 1604
20 77 1007
20 78 1330
20 79 2144
20 80 1473
20 81 2261
20 82 413
20 83 404
20 84 1731
20 85 523
20 86 921
20 87 587
20 88 2088
20 89 2923
20 90 2924
20 91 1158
20 92 854
20 93 1148
20 94 2896
20 95 742
20 96 900
20 97 3194
20 98 3273
20 99 1343
20 100 1224
21 22 3554
21 23 3000
21 24 2548
21 25 533
21 26 566
21 27 2596
21 28 328
21 29 3409
21 30 1585
21 31 1678
21 32 3487
21 33 1276
21 34 2789
21 35 1599
21 36 3001
21 37 1351
21 38 2801
21 39 1851
21 40 912
21 41 2314
21 42 3189
21 43 1542
21 44 1477
21 45 1430
21 46 2410
21 47 218
21 48 1298
21 49 3709
21 50 2969
21 51 1417
21 52 2610
21 53 1231
21 54 1661
21 55 636
21 56 237
21 57 1863
21 58 3419
21 59 1023
21 60 1430
21 61 2450
21 62 1345
21 63 1642
21 64 1260
21 65 1383
21 66 2740
21 67 2877
21 68 1252
21 69 1941
21 70 3601
21 71 1711
21 72 2015
21 73 1997
21 74 2623
21 75 2853
21 76 1971
21 77 1520
21 78 1646
21 79 2656
21 80 1835
21 81 2741
21 82 698
21 83 910
21 84 2234
21 85 1024
21 86 1352
21 87 577
21 88 2596
21 89 3383
21 90 3397
21 91 1669
21 92 1008
21 93 1632
21 94 3383
21 95 317
21 96 1345
21 97 3683
21 98 3743
21 99 1625
21 100 1455
22 23 610
22 24 1581
22 25 3108
22 26 3680
22 27 1524
22 28 3598
22 29 658
22 30 3840
22 31 1967
22 32 1156
22 33 2350
22 34 1099
22 35 3576
22 36 875
22 37 3586
22 38 962
22 39 2224
22 40 2908
22 41 1776
22 42 397
22 43 2472
22 44 2840
22 45 2238
22 46 1184
22 47 3405
22 48 3964
22 49 677
22 50 1233
22 51 3675
22 52 1059
22 53 3069
22 54 2215
22 55 3525
22 56 3791
22 57 1866
22 58 418
22 59 2750
22 60 3033
22 61 1123
22 62 3411
22 63 2137
22 64 2550
22 65 2180
22 66 960
22 67 961
22 68 2346
22 69 1710
22 70 522
22 71 2529
22 72 1707
22 73 2124
22 74 961
22 75 1009
22 76 1601
22 77 2370
22 78 1960
22 79 1729
22 80 1735
22 81 1136
22 82 2857
22 83 2934
22 84 1729
22 85 2657
22 86 2220
22 87 3686
22 88 1642
22 89 587
22 90 772
22 91 2218
22 92 3726
22 93 2819
22 94 1006
22 95 3851
22 96 2241
22 97 1074
22 98 759
22 99 2026
22 100 3789
23 24 1015
23 25 2533
23 26 3091
23 27 964
23 28 3071
23 29 931
23 30 3231
23 31 1503
23 32 947
23 33 1853
23 34 544
23 35 2967
23 36 854
23 37 2977
23 38 382
23 39 1617
23 40 2313
23 41 1186
23 42 213
23 43 1863
23 44 2230
23 45 1765
23 46 594
23 47 2865
23 48 3356
23 49 789
23 50 769
23 51 3065
23 52 450
23 53 2460
23 54 1606
23 55 2932
23 56 3235
23 57 1453
23 58 741
23 59 2154
23 60 2423
23 61 680
23 62 2802
23 63 1531
23 64 1948
23 65 1651
23 66 357
23 67 861
23 68 1836
23 69 1111
23 70 641
23 71 1921
23 72 1311
23 73 1521
23 74 576
23 75 903
23 76 1105
23 77 1762
23 78 1474
23 79 1194
23 80 1231
23 81 570
23 82 2308
23 83 2337
23 84 1128
23 85 2068
23 86 1651
23 87 3097
23 88 1091
23 89 468
23 90 598
23 91 1609
23 92 3122
23 93 2211
23 94 767
23 95 3288
23 96 1666
23 97 995
23 98 852
23 99 1560
23 100 3179
24 25 2021
24 26 2464
24 27 62
24 28 2720
24 29 1924
24 30 2354
24 31 1582
24 32 967
24 33 1749
24 34 482
24 35 2075
24 36 1736
24 37 2139
24 38 633
24 39 776
24 40 1691
24 41 253
24 42 1209
24 43 1093
24 44 1394
24 45 1752
24 46 765
24 47 2478
24 48 2550
24 49 1352
24 50 465
24 51 2215
24 52 647
24 53 1674
24 54 899
24 55 2285
24 56 2762
24 57 1672
24 58 1753
24 59 1548
24 60 1580
24 61 1187
24 62 1964
24 63 906
24 64 1308
24 65 1482
24 66 674
24 67 1688
24 68 1695
24 69 742
24 70 1318
24 71 1056
24 72 1611
24 73 636
24 74 1244
24 75 1713
24 76 1243
24 77 1055
24 78 1499
24 79 229
24 80 1285
24 81 448
24 82 1940
24 83 1706
24 84 315
24 85 1525
24 86 1304
24 87 2466
24 88 101
24 89 1102
24 90 1015
24 91 894
24 92 2372
24 93 1329
24 94 907
24 95 2782
24 96 1279
24 97 1185
24 98 1353
24 99 1619
24 100 2326
25 26 613
25 27 2070
25 28 771
25 29 3029
25 30 1373
25 31 1351
25 32 2967
25 33 985
25 34 2283
25 35 1297
25 36 2633
25 37 1086
25 38 2307
25 39 1318
25 40 394
25 41 1784
25 42 2730
25 43 1013
25 44 991
25 45 1149
25 46 1939
25 47 525
25 48 1205
25 49 3214
25 50 2450
25 51 1175
25 52 2123
25 53 792
25 54 1129
25 55 517
25 56 741
25 57 1560
25 58 3011
25 59 492
25 60 984
25 61 2035
25 62 1017
25 63 1117
25 64 727
25 65 998
25 66 2252
25 67 2512
25 68 935
25 69 1445
25 70 3115
25 71 1191
25 72 1692
25 73 1465
25 74 2208
25 75 2495
25 76 1569
25 77 988
25 78 1294
25 79 2124
25 80 1438
25 81 2234
25 82 380
25 83 399
25 84 1707
25 85 497
25 86 888
25 87 622
25 88 2066
25 89 2893
25 90 2895
25 91 1137
25 92 885
25 93 1146
25 94 2870
25 95 769
25 96 868
25 97 3168
25 98 3245
25 99 1308
25 100 1249
26 27 2519
26 28 888
26 29 3633
26 30 1033
26 31 1964
26 32 3429
26 33 1592
26 34 2788
26 35 1088
26 36 3241
26 37 831
26 38 2834
26 39 1701
26 40 787
26 41 2213
26 42 3294
26 43 1377
26 44 1180
26 45 1756
26 46 2499
26 47 753
26 48 732
26 49 3732
26 50 2916
26 51 882
26 52 2664
26 53 887
26 54 1571
26 55 183
26 56 568
26 57 2172
26 58 3606
26 59 943
26 60 1070
26 61 2631
26 62 869
26 63 1598
26 64 1171
26 65 1610
26 66 2789
26 67 3121
26 68 1545
26 69 1984
26 70 3646
26 71 1484
26 72 2305
26 73 1850
26 74 2803
26 75 3105
26 76 2173
26 77 1411
26 78 1907
26 79 2525
26 80 2044
26 81 2738
26 82 974
26 83 767
26 84 2163
26 85 1023
26 86 1475
26 87 12
26 88 2490
26 89 3421
26 90 3404
26 91 1574
26 92 450
26 93 1319
26 94 3351
26 95 491
26 96 1446
26 97 3642
26 98 3755
26 99 1920
26 100 905
27 28 2763
27 29 1878
27 30 2416
27 31 1594
27 32 911
27 33 1774
27 34 427
27 35 2137
27 36 1700
27 37 2200
27 38 582
27 39 836
27 40 1744
27 41 312
27 42 1155
27 43 1150
27 44 1455
27 45 1771
27 46 746
27 47 2523
27 48 2611
27 49 1290
27 50 405
27 51 2277
27 52 610
27 53 1734
27 54 952
27 55 2341
27 56 2812
27 57 1677
27 58 1703
27 59 1599
27 60 1641
27 61 1165
27 62 2025
27 63 954
27 64 1360
27 65 1509
27 66 628
27 67 1655
27 68 1721
27 69 766
27 70 1256
27 71 1117
27 72 1609
27 73 697
27 74 1215
27 75 1682
27 76 1245
27 77 1109
27 78 1513
27 79 251
27 80 1294
27 81 395
27 82 1981
27 83 1760
27 84 363
27 85 1574
27 86 1339
27 87 2522
27 88 130
27 89 1041
27 90 954
27 91 947
27 92 2432
27 93 1391
27 94 847
27 95 2832
27 96 1317
27 97 1127
27 98 1292
27 99 1633
27 100 2388
28 29 3393
28 30 1912
28 31 1660
28 32 3632
28 33 1258
28 34 2915
28 35 1925
28 36 2979
28 37 1678
28 38 2909
28 39 2067
28 40 1165
28 41 2497
28 42 3249
28 43 1774
28 44 1756
28 45 1394
28 46 2493
28 47 250
28 48 1619
28 49 3809
28 50 3119
28 51 1745
28 52 2708
28 53 1529
28 54 1857
28 55 964
28 56 399
28 57 1820
28 58 3426
28 59 1252
28 60 1727
28 61 2478
28 62 1667
28 63 1819
28 64 1475
28 65 1422
28 66 2840
28 67 2854
28 68 1254
28 69 2063
28 70 3691
28 71 1961
28 72 1980
28 73 2208
28 74 2647
28 75 2826
28 76 1998
28 77 1731
28 78 1647
28 79 2847
28 80 1863
28 81 2868
28 82 787
28 83 1169
28 84 2405
28 85 1219
28 86 1458
28 87 899
28 88 2776
28 89 3478
28 90 3510
28 91 1867
28 92 1334
28 93 1912
28 94 3516
28 95 517
28 96 1464
28 97 3818
28 98 3850
28 99 1603
28 100 1783
29 30 3967
29 31 1736
29 32 1755
29 33 2140
29 34 1470
29 35 3724
29 36 415
29 37 3689
29 38 1302
29 39 2411
29 40 2908
29 41 2060
29 42 791
29 43 2595
29 44 2975
29 45 1999
29 46 1294
29 47 3233
29 48 4028
29 49 1330
29 50 1695
29 51 3784
29 52 1293
29 53 3158
29 54 2334
29 55 3498
29 56 3644
29 57 1576
29 58 244
29 59 2756
29 60 3163
29 61 1014
29 62 3520
29 63 2229
29 64 2595
29 65 2038
29 66 1251
29 67 540
29 68 2157
29 69 1790
29 70 1168
29 71 2704
29 72 1414
29 73 2345
29 74 849
29 75 572
29 76 1460
29 77 2469
29 78 1763
29 79 2117
29 80 1591
29 81 1491
29 82 2721
29 83 2937
29 84 1975
29 85 2638
29 86 2163
29 87 3641
29 88 2008
29 89 1172
29 90 1361
29 91 2341
29 92 3758
29 93 2989
29 94 1586
29 95 3721
29 96 2199
29 97 1708
29 98 1412
29 99 1792
29 100 3897
30 31 2534
30 32 3275
30 33 2254
30 34 2792
30 35 283
30 36 3626
30 37 303
30 38 2894
30 39 1619
30 40 1196
30 41 2113
30 42 3443
30 43 1377
30 44 1002
30 45 2409
30 46 2695
30 47 1741
30 48 392
30 49 3705
30 50 2813
30 51 204
30 52 2781
30 53 819
30 54 1639
30 55 954
30 56 1597
30 57 2751
30 58 3879
30 59 1307
30 60 809
30 61 2964
30 62 451
30 63 1739
30 64 1397
30 65 2154
30 66 2883
30 67 3522
30 68 2187
30 69 2179
30 70 3664
30 71 1316
30 72 2845
30 73 1734
30 74 3121
30 75 3519
30 76 2593
30 77 1498
30 78 2450
30 79 2319
30 80 2492
30 81 2745
30 82 1731
30 83 1165
30 84 2127
30 85 1453
30 86 1908
30 87 1023
30 88 2338
30 89 3442
30 90 3369
30 91 1633
30 92 583
30 93 1030
30 94 3250
30 95 1508
30 96 1855
30 97 3504
30 98 3706
30 99 2508
30 100 130
31 32 2265
31 33 404
31 34 1533
31 35 2351
31 36 1325
31 37 2232
31 38 1458
31 39 1395
31 40 1348
31 41 1475
31 42 1651
31 43 1356
31 44 1678
31 45 272
31 46 1006
31 47 1497
31 48 2485
31 49 2286
31 50 1813
31 51 2331
31 52 1248
31 53 1731
31 54 1176
31 55 1857
31 56 1912
31 57 218
31 58 1768
31 59 1227
31 60 1821
31 61 847
31 62 2091
31 63 1045
31 64 1175
31 65 380
31 66 1368
31 67 1200
31 68 428
31 69 861
31 70 2144
31 71 1564
31 72 342
31 73 1447
31 74 1006
31 75 1175
31 76 405
31 77 1212
31 78 99
31 79 1792
31 80 307
31 81 1497
31 82 1005
31 83 1379
31 84 1340
31 85 1082
31 86 643
31 87 1973
31 88 1675
31 89 1955
31 90 2034
31 91 1189
31 92 2179
31 93 1767
31 94 2111
31 95 1993
31 96 702
31 97 2401
31 98 2342
31 99 59
31 100 2434
32 33 2538
32 34 739
32 35 2993
32 36 1785
32 37 3081
32 38 812
32 39 1742
32 40 2653
32 41 1220
32 42 987
32 43 2060
32 44 2349
32 45 2495
32 46 1261
32 47 3398
32 48 3499
32 49 574
32 50 518
32 51 3152
32 52 1019
32 53 2636
32 54 1861
32 55 3251
32 56 3708
32 57 2277
32 58 1518
32 59 2505
32 60 2530
32 61 1555
32 62 2909
32 63 1852
32 64 2267
32 65 2290
32 66 906
32 67 1804
32 68 2500
32 69 1574
32 70 660
32 71 2010
32 72 2160
32 73 1598
32 74 1496
32 75 1848
32 76 1865
32 77 2019
32 78 2208
32 79 957
32 80 1961
32 81 781
32 82 2845
32 83 2669
32 84 1268
32 85 2470
32 86 2179
32 87 3433
32 88 954
32 89 583
32 90 394
32 91 1856
32 92 3335
32 93 2269
32 94 179
32 95 3734
32 96 2168
32 97 230
32 98 527
32 99 2317
32 100 3260
33 34 1799
33 35 2102
33 36 1729
33 37 1952
33 38 1753
33 39 1373
33 40 1059
33 41 1592
33 42 2016
33 43 1242
33 44 1499
33 45 165
33 46 1307
33 47 1093
33 48 2161
33 49 2621
33 50 2054
33 51 2050
33 52 1543
33 53 1488
33 54 1131
33 55 1500
33 56 1509
33 57 590
33 58 2168
33 59 968
33 60 1612
33 61 1227
33 62 1829
33 63 1018
33 64 991
33 65 268
33 66 1671
33 67 1604
33 68 76
33 69 1008
33 70 2488
33 71 1467
33 72 739
33 73 1463
33 74 1392
33 75 1579
33 76 752
33 77 1112
33 78 390
33 79 1937
33 80 623
33 81 1758
33 82 619
33 83 1089
33 84 1466
33 85 821
33 86 526
33 87 1602
33 88 1832
33 89 2288
33 90 2348
33 91 1145
33 92 1847
33 93 1615
33 94 2397
33 95 1592
33 96 580
33 97 2694
33 98 2671
33 99 350
33 100 2145
34 35 2518
34 36 1333
34 37 2558
34 38 171
34 39 1177
34 40 2001
34 41 688
34 42 729
34 43 1465
34 44 1806
34 45 1757
34 46 540
34 47 2687
34 48 2958
34 49 946
34 50 303
34 51 2640
34 52 310
34 53 2065
34 54 1229
34 55 2616
34 56 3016
34 57 1561
34 58 1284
34 59 1847
34 60 1997
34 61 902
34 62 2382
34 63 1189
34 64 1617
34 65 1553
34 66 249
34 67 1307
34 68 1761
34 69 853
34 70 878
34 71 1477
34 72 1458
34 73 1057
34 74 900
34 75 1340
34 76 1139
34 77 1391
34 78 1472
34 79 650
34 80 1227
34 81 50
34 82 2128
34 83 2021
34 84 667
34 85 1791
34 86 1457
34 87 2792
34 88 550
34 89 653
34 90 616
34 91 1228
34 92 2753
34 93 1762
34 94 604
34 95 3052
34 96 1452
34 97 905
34 98 967
34 99 1583
34 100 2754
35 36 3393
35 37 257
35 38 2624
35 39 1352
35 40 1050
35 41 1836
35 42 3180
35 43 1128
35 44 748
35 45 2250
35 46 2443
35 47 1728
35 48 604
35 49 3427
35 50 2533
35 51 236
35 52 2518
35 53 620
35 54 1390
35 55 966
35 56 1653
35 57 2567
35 58 3627
35 59 1136
35 60 562
35 61 2728
35 62 283
35 63 1497
35 64 1188
35 65 1976
35 66 2617
35 67 3291
35 68 2031
35 69 1934
35 70 3388
35 71 1047
35 72 2650
35 73 1461
35 74 2881
35 75 3291
35 76 2378
35 77 1257
35 78 2263
35 79 2036
35 80 2283
35 81 2473
35 82 1627
35 83 1021
35 84 1855
35 85 1284
35 86 1714
35 87 1080
35 88 2057
35 89 3168
35 90 3091
35 91 1383
35 92 669
35 93 758
35 94 2969
35 95 1579
35 96 1658
35 97 3222
35 98 3427
35 99 2331
35 100 303
36 37 3340
36 38 1164
36 39 2116
36 40 2533
36 41 1829
36 42 806
36 43 2268
36 44 2648
36 45 1586
36 46 1021
36 47 2822
36 48 3665
36 49 1473
36 50 1603
36 51 3437
36 52 1090
36 53 2810
36 54 2012
36 55 3112
36 56 3236
36 57 1161
36 58 516
36 59 2384
36 60 2831
36 61 665
36 62 3176
36 63 1897
36 64 2238
36 65 1637
36 66 1089
36 67 125
36 68 1748
36 69 1468
36 70 1303
36 71 2398
36 72 1000
36 73 2069
36 74 526
36 75 159
36 76 1070
36 77 2135
36 78 1355
36 79 1949
36 80 1197
36 81 1341
36 82 2316
36 83 2563
36 84 1727
36 85 2260
36 86 1781
36 87 3249
36 88 1829
36 89 1233
36 90 1406
36 91 2020
36 92 3386
36 93 2675
36 94 1606
36 95 3314
36 96 1821
36 97 1792
36 98 1553
36 99 1380
36 100 3549
37 38 2650
37 39 1381
37 40 893
37 41 1891
37 42 3189
37 43 1114
37 44 752
37 45 2106
37 46 2428
37 47 1489
37 48 424
37 49 3486
37 50 2603
37 51 100
37 52 2527
37 53 531
37 54 1373
37 55 715
37 56 1397
37 57 2450
37 58 3608
37 59 1005
37 60 561
37 61 2681
37 62 176
37 63 1465
37 64 1105
37 65 1852
37 66 2633
37 67 3234
37 68 1884
37 69 1905
37 70 3435
37 71 1084
37 72 2545
37 73 1507
37 74 2840
37 75 3230
37 76 2299
37 77 1225
37 78 2149
37 79 2126
37 80 2195
37 81 2511
37 82 1436
37 83 863
37 84 1891
37 85 1151
37 86 1609
37 87 823
37 88 2132
37 89 3211
37 90 3149
37 91 1369
37 92 415
37 93 812
37 94 3043
37 95 1322
37 96 1557
37 97 3308
37 98 3491
37 99 2206
37 100 209
38 39 1274
38 40 2047
38 41 814
38 42 579
38 43 1544
38 44 1899
38 45 1696
38 46 453
38 47 2687
38 48 3042
38 49 908
38 50 452
38 51 2736
38 52 211
38 53 2146
38 54 1297
38 55 2666
38 56 3032
38 57 1465
38 58 1121
38 59 1890
38 60 2092
38 61 765
38 62 2474
38 63 1241
38 64 1669
38 65 1518
38 66 97
38 67 1141
38 68 1721
38 69 863
38 70 812
38 71 1578
38 72 1350
38 73 1166
38 74 745
38 75 1175
38 76 1056
38 77 1458
38 78 1406
38 79 816
38 80 1157
38 81 189
38 82 2126
38 83 2069
38 84 770
38 85 1822
38 86 1454
38 87 2839
38 88 709
38 89 588
38 90 602
38 91 1298
38 92 2825
38 93 1866
38 94 653
38 95 3073
38 96 1457
38 97 944
38 98 943
38 99 1511
38 100 2849
39 40 953
39 41 523
39 42 1829
39 43 324
39 44 629
39 45 1447
39 46 1117
39 47 1817
39 48 1783
39 49 2109
39 50 1241
39 51 1464
39 52 1169
39 53 899
39 54 244
39 55 1520
39 56 2048
39 57 1569
39 58 2294
39 59 827
39 60 820
39 61 1458
39 62 1205
39 63 358
39 64 593
39 65 1124
39 66 1265
39 67 2030
39 68 1301
39 69 664
39 70 2054
39 71 305
39 72 1585
39 73 150
39 74 1591
39 75 2038
39 76 1231
39 77 336
39 78 1296
39 79 824
39 80 1189
39 81 1130
39 82 1333
39 83 963
39 84 510
39 85 849
39 86 848
39 87 1703
39 88 792
39 89 1830
39 90 1772
39 91 230
39 92 1596
39 93 594
39 94 1682
39 95 2053
39 96 796
39 97 1961
39 98 2118
39 99 1406
39 100 1577
40 41 1445
40 42 2518
40 43 635
40 44 605
40 45 1213
40 46 1725
40 47 918
40 48 1143
40 49 2944
40 50 2137
40 51 992
40 52 1880
40 53 459
40 54 792
40 55 620
40 56 1098
40 57 1566
40 58 2860
40 59 158
40 60 629
40 61 1895
40 62 772
40 63 812
40 64 386
40 65 968
40 66 2004
40 67 2419
40 68 991
40 69 1202
40 70 2859
40 71 800
40 72 1672
40 73 1102
40 74 2064
40 75 2409
40 76 1466
40 77 637
40 78 1270
40 79 1772
40 80 1349
40 81 1951
40 82 602
40 83 31
40 84 1384
40 85 275
40 86 755
40 87 792
40 88 1726
40 89 2634
40 90 2617
40 91 797
40 92 853
40 93 759
40 94 2569
40 95 1101
40 96 712
40 97 2861
40 98 2968
40 99 1319
40 100 1090
41 42 1391
41 43 840
41 44 1144
41 45 1614
41 46 814
41 47 2253
41 48 2300
41 49 1595
41 50 717
41 51 1969
41 52 768
41 53 1421
41 54 656
41 55 2034
41 56 2524
41 57 1595
41 58 1908
41 59 1305
41 60 1331
41 61 1225
41 62 1716
41 63 678
41 64 1064
41 65 1323
41 66 831
41 67 1765
41 68 1531
41 69 615
41 70 1552
41 71 807
41 72 1556
41 73 385
41 74 1314
41 75 1785
41 76 1180
41 77 808
41 78 1385
41 79 355
41 80 1197
41 81 645
41 82 1725
41 83 1459
41 84 136
41 85 1291
41 86 1114
41 87 2216
41 88 282
41 89 1332
41 90 1258
41 91 649
41 92 2120
41 93 1084
41 94 1159
41 95 2540
41 96 1082
41 97 1438
41 98 1601
41 99 1506
41 100 2081
42 43 2075
42 44 2443
42 45 1918
42 46 795
42 47 3048
42 48 3568
42 49 698
42 50 915
42 51 3278
42 52 662
42 53 2672
42 54 1818
42 55 3137
42 56 3425
42 57 1579
42 58 574
42 59 2360
42 60 2636
42 61 807
42 62 3014
42 63 1742
42 64 2157
42 65 1827
42 66 566
42 67 844
42 68 2005
42 69 1318
42 70 532
42 71 2133
42 72 1428
42 73 1731
42 74 670
42 75 891
42 76 1264
42 77 1973
42 78 1631
42 79 1376
42 80 1394
42 81 761
42 82 2494
42 83 2544
42 84 1338
42 85 2271
42 86 1845
42 87 3300
42 88 1279
42 89 427
42 90 601
42 91 1821
42 92 3332
42 93 2423
42 94 812
42 95 3481
42 96 1862
42 97 985
42 98 772
42 99 1709
42 100 3392
43 44 380
43 45 1346
43 46 1318
43 47 1524
43 48 1498
43 49 2406
43 50 1554
43 51 1204
43 52 1413
43 53 602
43 54 262
43 55 1196
43 56 1733
43 57 1555
43 58 2502
43 59 523
43 60 569
43 61 1603
43 62 940
43 63 372
43 64 309
43 65 1025
43 66 1522
43 67 2170
43 68 1166
43 69 806
43 70 2342
43 71 227
43 72 1604
43 73 474
43 74 1753
43 75 2173
43 76 1288
43 77 146
43 78 1258
43 79 1148
43 80 1214
43 81 1416
43 82 1077
43 83 643
43 84 807
43 85 574
43 86 733
43 87 1379
43 88 1114
43 89 2116
43 90 2071
43 91 256
43 92 1290
43 93 422
43 94 1994
43 95 1734
43 96 673
43 97 2277
43 98 2420
43 99 1353
43 100 1318
44 45 1626
44 46 1696
44 47 1514
44 48 1156
44 49 2736
44 50 1860
44 51 837
44 52 1780
44 53 300
44 54 641
44 55 999
44 56 1630
44 57 1886
44 58 2880
44 59 584
44 60 193
44 61 1982
44 62 576
44 63 751
44 64 511
44 65 1320
44 66 1884
44 67 2549
44 68 1423
44 69 1186
44 70 2683
44 71 339
44 72 1950
44 73 759
44 74 2133
44 75 2550
44 76 1652
44 77 514
44 78 1583
44 79 1403
44 80 1568
44 81 1758
44 82 1182
44 83 594
44 84 1139
44 85 708
44 86 1036
44 87 1180
44 88 1396
44 89 2459
44 90 2399
44 91 635
44 92 991
44 93 155
44 94 2302
44 95 1606
44 96 976
44 97 2573
44 98 2744
44 99 1667
44 100 951
45 46 1245
45 47 1241
45 48 2323
45 49 2543
45 50 2025
45 51 2205
45 52 1485
45 53 1632
45 54 1210
45 55 1665
45 56 1661
45 57 434
45 58 2038
45 59 1114
45 60 1748
45 61 1117
45 62 1979
45 63 1088
45 64 1115
45 65 325
45 66 1610
45 67 1461
45 68 223
45 69 1011
45 70 2405
45 71 1567
45 72 589
45 73 1523
45 74 1277
45 75 1434
45 76 660
45 77 1210
45 78 293
45 79 1950
45 80 542
45 81 1718
45 82 783
45 83 1243
45 84 1484
45 85 966
45 86 614
45 87 1766
45 88 1839
45 89 2211
45 90 2283
45 91 1224
45 92 2010
45 93 1734
45 94 2347
45 95 1746
45 96 673
45 97 2640
45 98 2597
45 99 213
45 100 2301
46 47 2280
46 48 2792
46 49 1320
46 50 836
46 51 2520
46 52 242
46 53 1902
46 54 1056
46 55 2342
46 56 2644
46 57 1022
46 58 1184
46 59 1567
46 60 1886
46 61 422
46 62 2255
46 63 965
46 64 1369
46 65 1083
46 66 365
46 67 952
46 68 1280
46 69 529
46 70 1198
46 71 1413
46 72 919
46 73 1055
46 74 500
46 75 971
46 76 605
46 77 1203
46 78 954
46 79 993
46 80 705
46 81 511
46 82 1721
46 83 1750
46 84 706
46 85 1476
46 86 1059
46 87 2505
46 88 866
46 89 988
46 90 1040
46 91 1062
46 92 2546
46 93 1699
46 94 1106
46 95 2695
46 96 1072
46 97 1396
46 98 1366
46 99 1059
46 100 2634
47 48 1480
47 49 3591
47 50 2883
47 51 1563
47 52 2489
47 53 1297
47 54 1610
47 55 788
47 56 425
47 57 1674
47 58 3253
47 59 1002
47 60 1493
47 61 2292
47 62 1461
47 63 1575
47 64 1225
47 65 1226
47 66 2621
47 67 2697
47 68 1077
47 69 1834
47 70 3477
47 71 1712
47 72 1829
47 73 1960
47 74 2463
47 75 2672
47 76 1810
47 77 1482
47 78 1473
47 79 2602
47 80 1675
47 81 2639
47 82 561
47 83 924
47 84 2163
47 85 971
47 86 1233
47 87 764
47 88 2533
47 89 3262
47 90 3286
47 91 1619
47 92 1177
47 93 1669
47 94 3286
47 95 523
47 96 1235
47 97 3587
47 98 3630
47 99 1442
47 100 1612
48 49 3892
48 50 3015
48 51 377
48 52 2908
48 53 896
48 54 1750
48 55 711
48 56 1270
48 57 2702
48 58 3962
48 59 1284
48 60 970
48 61 3015
48 62 591
48 63 1828
48 64 1434
48 65 2107
48 66 3019
48 67 3553
48 68 2101
48 69 2265
48 70 3836
48 71 1494
48 72 2813
48 73 1915
48 74 3180
48 75 3546
48 76 2605
48 77 1594
48 78 2410
48 79 2546
48 80 2490
48 81 2909
48 82 1583
48 83 1113
48 84 2293
48 85 1418
48 86 1896
48 87 721
48 88 2548
48 89 3611
48 90 3555
48 91 1748
48 92 321
48 93 1231
48 94 3457
48 95 1170
48 96 1850
48 97 3725
48 98 3900
48 99 2451
48 100 304
49 50 898
49 51 3564
49 52 1102
49 53 3004
49 54 2174
49 55 3561
49 56 3940
49 57 2242
49 58 1087
49 59 2789
49 60 2925
49 61 1469
49 62 3310
49 63 2134
49 64 2562
49 65 2403
49 66 970
49 67 1529
49 68 2598
49 69 1770
49 70 171
49 71 2401
49 72 2100
49 73 1979
49 74 1353
49 75 1576
49 76 1884
49 77 2337
49 78 2251
49 79 1417
49 80 2004
49 81 995
49 82 3030
49 83 2965
49 84 1601
49 85 2727
49 86 2360
49 87 3736
49 88 1374
49 89 333
49 90 337
49 91 2173
49 92 3696
49 93 2679
49 94 494
49 95 3981
49 96 2363
49 97 421
49 98 82
49 99 2343
49 100 3676
50 51 2678
50 52 613
50 53 2139
50 54 1346
50 55 2739
50 56 3190
50 57 1853
50 58 1489
50 59 1989
50 60 2045
50 61 1205
50 62 2428
50 63 1334
50 64 1751
50 65 1798
50 66 543
50 67 1588
50 68 2010
50 69 1068
50 70 886
50 71 1521
50 72 1755
50 73 1102
50 74 1196
50 75 1624
50 76 1426
50 77 1506
50 78 1746
50 79 524
50 80 1506
50 81 325
50 82 2332
50 83 2154
50 84 753
50 85 1952
50 86 1670
50 87 2920
50 88 477
50 89 688
50 90 568
50 91 1342
50 92 2837
50 93 1792
50 94 442
50 95 3216
50 96 1657
50 97 725
50 98 894
50 99 1860
50 100 2789
51 52 2615
51 53 628
51 54 1464
51 55 781
51 56 1450
51 57 2549
51 58 3701
51 59 1105
51 60 644
51 61 2777
51 62 265
51 63 1558
51 64 1203
51 65 1952
51 66 2720
51 67 3332
51 68 1983
51 69 1999
51 70 3516
51 71 1164
51 72 2644
51 73 1586
51 74 2936
51 75 3328
51 76 2398
51 77 1318
51 78 2248
51 79 2195
51 80 2295
51 81 2593
51 82 1529
51 83 961
51 84 1974
51 85 1250
51 86 1709
51 87 873
51 88 2206
51 89 3293
51 90 3227
51 91 1460
51 92 445
51 93 886
51 94 3118
51 95 1369
51 96 1656
51 97 3379
51 98 3568
51 99 2305
51 100 114
52 53 2012
52 54 1158
52 55 2501
52 56 2842
52 57 1261
52 58 1143
52 59 1723
52 60 1973
52 61 596
52 62 2352
52 63 1087
52 64 1509
52 65 1310
52 66 131
52 67 1045
52 68 1512
52 69 682
52 70 992
52 71 1473
52 72 1152
52 73 1079
52 74 613
52 75 1073
52 76 847
52 77 1315
52 78 1195
52 79 861
52 80 946
52 81 291
52 82 1929
52 83 1904
52 84 692
52 85 1646
52 86 1259
52 87 2670
52 88 740
52 89 773
52 90 807
52 91 1161
52 92 2678
52 93 1763
52 94 863
52 95 2887
52 96 1265
52 97 1155
52 98 1142
52 99 1300
52 100 2729
53 54 854
53 55 707
53 56 1364
53 57 1947
53 58 3080
53 59 520
53 60 199
53 61 2150
53 62 368
53 63 938
53 64 578
53 65 1355
53 66 2123
53 67 2704
53 68 1416
53 69 1378
53 70 2943
53 71 630
53 72 2033
53 73 1038
53 74 2310
53 75 2701
53 76 1774
53 77 700
53 78 1644
53 79 1696
53 80 1673
53 81 2017
53 82 1060
53 83 435
53 84 1403
53 85 667
53 86 1096
53 87 885
53 88 1682
53 89 2717
53 90 2668
53 91 851
53 92 699
53 93 432
53 94 2581
53 95 1329
53 96 1041
53 97 2858
53 98 3015
53 99 1710
53 100 739
54 55 1395
54 56 1869
54 57 1361
54 58 2240
54 59 649
54 60 831
54 61 1346
54 62 1200
54 63 133
54 64 409
54 65 886
54 66 1270
54 67 1916
54 68 1059
54 69 546
54 70 2102
54 71 406
54 72 1392
54 73 361
54 74 1494
54 75 1919
54 76 1056
54 77 163
54 78 1076
54 79 995
54 80 996
54 81 1180
54 82 1106
54 83 809
54 84 593
54 85 641
54 86 606
54 87 1574
54 88 938
54 89 1876
54 90 1842
54 91 14
54 92 1528
54 93 666
54 94 1780
54 95 1884
54 96 553
54 97 2071
54 98 2192
54 99 1182
54 100 1579
55 56 696
55 57 2069
55 58 3463
55 59 778
55 60 893
55 61 2490
55 62 724
55 63 1428
55 64 999
55 65 1492
55 66 2624
55 67 2994
55 68 1448
55 69 1822
55 70 3479
55 71 1301
55 72 2196
55 73 1669
55 74 2662
55 75 2980
55 76 2042
55 77 1234
55 78 1794
55 79 2343
55 80 1916
55 81 2567
55 82 895
55 83 597
55 84 1986
55 85 870
55 86 1335
55 87 184
55 88 2310
55 89 3253
55 90 3232
55 91 1398
55 92 395
55 93 1139
55 94 3175
55 95 639
55 96 1302
55 97 3465
55 98 3583
55 99 1816
55 100 824
56 57 2094
56 58 3656
56 59 1223
56 60 1560
56 61 2688
56 62 1420
56 63 1858
56 64 1463
56 65 1620
56 66 2972
56 67 3111
56 68 1487
56 69 2170
56 70 3834
56 71 1888
56 72 2247
56 73 2196
56 74 2860
56 75 3087
56 76 2208
56 77 1723
56 78 1882
56 79 2862
56 80 2073
56 81 2967
56 82 935
56 83 1091
56 84 2449
56 85 1238
56 86 1586
56 87 576
56 88 2806
56 89 3615
56 90 3626
56 91 1876
56 92 1014
56 93 1782
56 94 3607
56 95 118
56 96 1577
56 97 3906
56 98 3973
56 99 1858
56 100 1470
57 58 1631
57 59 1445
57 60 2034
57 61 775
57 62 2308
57 63 1228
57 64 1387
57 65 598
57 66 1370
57 67 1036
57 68 628
57 69 987
57 70 2091
57 71 1757
57 72 163
57 73 1608
57 74 913
57 75 1007
57 76 433
57 77 1410
57 78 304
57 79 1892
57 80 399
57 81 1530
57 82 1206
57 83 1598
57 84 1459
57 85 1300
57 86 855
57 87 2182
57 88 1770
57 89 1916
57 90 2015
57 91 1374
57 92 2396
57 93 1971
57 94 2114
57 95 2180
57 96 914
57 97 2394
57 98 2303
57 99 253
57 100 2652
58 59 2705
58 60 3070
58 61 977
58 62 3437
58 63 2143
58 64 2529
58 65 2037
58 66 1082
58 67 627
58 68 2176
58 69 1702
58 70 924
58 71 2593
58 72 1467
58 73 2216
58 74 804
58 75 670
58 76 1450
58 77 2383
58 78 1781
58 79 1934
58 80 1585
58 81 1310
58 82 2724
58 83 2888
58 84 1834
58 85 2595
58 86 2131
58 87 3614
58 88 1831
58 89 934
58 90 1124
58 91 2246
58 92 3703
58 93 2881
58 94 1352
58 95 3726
58 96 2162
58 97 1466
58 98 1169
58 99 1826
58 100 3815
59 60 656
59 61 1742
59 62 868
59 63 659
59 64 241
59 65 847
59 66 1847
59 67 2271
59 68 896
59 69 1044
59 70 2703
59 71 714
59 72 1542
59 73 974
59 74 1910
59 75 2262
59 76 1321
59 77 500
59 78 1144
59 79 1639
59 80 1207
59 81 1797
59 82 600
59 83 184
59 84 1238
59 85 148
59 86 613
59 87 948
59 88 1586
59 89 2478
59 90 2462
59 91 655
59 92 1002
59 93 729
59 94 2418
59 95 1235
59 96 566
59 97 2712
59 98 2814
59 99 1202
59 100 1208
60 61 2166
60 62 385
60 63 935
60 64 647
60 65 1454
60 66 2077
60 67 2730
60 68 1537
60 69 1373
60 70 2874
60 71 524
60 72 2106
60 73 947
60 74 2319
60 75 2730
60 76 1822
60 77 695
60 78 1729
60 79 1578
60 80 1732
60 81 1950
60 82 1230
60 83 609
60 84 1331
60 85 796
60 86 1178
60 87 1067
60 88 1577
60 89 2650
60 90 2588
60 91 825
60 92 828
60 93 269
60 94 2486
60 95 1522
60 96 1120
60 97 2755
60 98 2932
60 99 1806
60 100 758
61 62 2515
61 63 1232
61 64 1582
61 65 1068
61 66 668
61 67 572
61 68 1224
61 69 804
61 70 1317
61 71 1736
61 72 631
61 73 1422
61 74 173
61 75 580
61 76 481
61 77 1471
61 78 837
61 79 1414
61 80 617
61 81 887
61 82 1753
61 83 1923
61 84 1108
61 85 1626
61 86 1156
61 87 2638
61 88 1287
61 89 1146
61 90 1257
61 91 1355
61 92 2743
61 93 2011
61 94 1384
61 95 2754
61 96 1189
61 97 1647
61 98 1531
61 99 906
61 100 2889
62 63 1294
62 64 946
62 65 1713
62 66 2458
62 67 3071
62 68 1759
62 69 1735
62 70 3259
62 71 909
62 72 2398
62 73 1331
62 74 2673
62 75 3068
62 76 2142
62 77 1054
62 78 2006
62 79 1955
62 80 2041
62 81 2335
62 82 1344
62 83 743
62 84 1715
62 85 1015
62 86 1461
62 87 863
62 88 1959
62 89 3035
62 90 2973
62 91 1195
62 92 511
62 93 640
62 94 2869
62 95 1357
62 96 1407
62 97 3135
62 98 3316
62 99 2068
62 100 379
63 64 428
63 65 766
63 66 1205
63 67 1798
63 68 947
63 69 441
63 70 2052
63 71 537
63 72 1259
63 73 448
63 74 1384
63 75 1801
63 76 926
63 77 241
63 78 945
63 79 1030
63 80 863
63 81 1140
63 82 1049
63 83 832
63 84 592
63 85 620
63 86 495
63 87 1603
63 88 958
63 89 1827
63 90 1805
63 91 146
63 92 1591
63 93 789
63 94 1760
63 95 1882
63 96 447
63 97 2056
63 98 2156
63 99 1053
63 100 1672
64 65 811
64 66 1630
64 67 2130
64 68 915
64 69 840
64 70 2480
64 71 526
64 72 1463
64 73 738
64 74 1746
64 75 2125
64 76 1196
64 77 261
64 78 1083
64 79 1399
64 80 1097
64 81 1568
64 82 768
64 83 405
64 84 999
64 85 265
64 86 532
64 87 1175
64 88 1346
64 89 2255
64 90 2233
64 91 415
64 92 1178
64 93 625
64 94 2183
64 95 1476
64 96 474
64 97 2476
64 98 2584
64 99 1161
64 100 1313
65 66 1440
65 67 1516
65 68 213
65 69 743
65 70 2277
65 71 1245
65 72 708
65 73 1205
65 74 1240
65 75 1498
65 76 588
65 77 887
65 78 304
65 79 1668
65 80 453
65 81 1509
65 82 686
65 83 999
65 84 1197
65 85 702
65 86 292
65 87 1618
65 88 1565
65 89 2070
65 90 2118
65 91 900
65 92 1804
65 93 1421
65 94 2154
65 95 1689
65 96 352
65 97 2454
65 98 2449
65 99 355
65 100 2053
66 67 1059
66 68 1641
66 69 809
66 70 863
66 71 1570
66 72 1254
66 73 1165
66 74 653
66 75 1092
66 76 965
66 77 1429
66 78 1318
66 79 871
66 80 1069
66 81 252
66 82 2060
66 83 2027
66 84 772
66 85 1773
66 86 1390
66 87 2794
66 88 758
66 89 642
66 90 678
66 91 1272
66 92 2794
66 93 1859
66 94 745
66 95 3017
66 96 1395
66 97 1033
66 98 1011
66 99 1422
66 100 2834
67 68 1624
67 69 1375
67 70 1359
67 71 2307
67 72 875
67 73 1989
67 74 452
67 75 48
67 76 954
67 77 2035
67 78 1232
67 79 1906
67 80 1078
67 81 1310
67 82 2193
67 83 2449
67 84 1658
67 85 2145
67 86 1666
67 87 3130
67 88 1783
67 89 1270
67 90 1436
67 91 1925
67 92 3272
67 93 2581
67 94 1625
67 95 3190
67 96 1707
67 97 1827
67 98 1607
67 99 1255
67 100 3443
68 69 956
68 70 2468
68 71 1391
68 72 769
68 73 1393
68 74 1392
68 75 1601
68 76 745
68 77 1036
68 78 396
68 79 1878
68 80 611
68 81 1719
68 82 579
68 83 1021
68 84 1407
68 85 749
68 86 453
68 87 1555
68 88 1776
68 89 2264
68 90 2319
68 91 1072
68 92 1789
68 93 1539
68 94 2362
68 95 1566
68 96 506
68 97 2660
68 98 2646
68 99 378
68 100 2079
69 70 1671
69 71 933
69 72 966
69 73 655
69 74 949
69 75 1381
69 76 593
69 77 681
69 78 771
69 79 940
69 80 588
69 81 805
69 82 1276
69 83 1227
69 84 480
69 85 964
69 86 606
69 87 1989
69 88 829
69 89 1449
69 90 1456
69 91 553
69 92 2017
69 93 1207
69 94 1454
69 95 2211
69 96 600
69 97 1755
69 98 1803
69 99 892
69 100 2113
70 71 2352
70 72 1946
70 73 1931
70 74 1194
70 75 1406
70 76 1745
70 77 2264
70 78 2113
70 79 1410
70 80 1868
70 81 926
70 82 2917
70 83 2881
70 84 1544
70 85 2633
70 86 2250
70 87 3651
70 88 1353
70 89 226
70 90 325
70 91 2102
70 92 3629
70 93 2635
70 94 539
70 95 3879
70 96 2257
70 97 552
70 98 250
70 99 2201
70 100 3629
71 72 1795
71 73 422
71 74 1876
71 75 2313
71 76 1462
71 77 358
71 78 1465
71 79 1066
71 80 1400
71 81 1430
71 82 1291
71 83 801
71 84 811
71 85 786
71 86 953
71 87 1484
71 88 1056
71 89 2129
71 90 2064
71 91 394
71 92 1328
71 93 290
71 94 1963
71 95 1877
71 96 894
71 97 2234
71 98 2407
71 99 1565
71 100 1277
72 73 1609
72 74 760
72 75 846
72 76 376
72 77 1458
72 78 404
72 79 1835
72 80 397
72 81 1430
72 82 1348
72 83 1703
72 84 1422
72 85 1401
72 86 937
72 87 2315
72 88 1710
72 89 1777
72 90 1883
72 91 1404
72 92 2512
72 93 2024
72 94 1994
72 95 2331
72 96 992
72 97 2268
72 98 2163
72 99 391
72 100 2749
73 74 1543
73 75 2001
73 76 1243
73 77 478
73 78 1349
73 79 675
73 80 1217
73 81 1012
73 82 1466
73 83 1112
73 84 395
73 85 989
73 86 942
73 87 1852
73 88 646
73 89 1708
73 90 1642
73 91 349
73 92 1737
73 93 705
73 94 1544
73 95 2202
73 96 896
73 97 1819
73 98 1985
73 99 1463
73 100 1699
74 75 472
74 76 652
74 77 1624
74 78 1002
74 79 1466
74 80 788
74 81 894
74 82 1925
74 83 2093
74 84 1206
74 85 1796
74 86 1328
74 87 2811
74 88 1342
74 89 1041
74 90 1171
74 91 1502
74 92 2911
74 93 2155
74 94 1320
74 95 2927
74 96 1360
74 97 1566
74 98 1420
74 99 1065
74 100 3049
75 76 943
75 77 2036
75 78 1210
75 79 1933
75 80 1064
75 81 1342
75 82 2172
75 83 2439
75 84 1675
75 85 2135
75 86 1654
75 87 3114
75 88 1809
75 89 1316
75 90 1480
75 91 1929
75 92 3262
75 93 2585
75 94 1668
75 95 3167
75 96 1697
75 97 1872
75 98 1654
75 99 1230
75 100 3439
76 77 1144
76 78 369
76 79 1464
76 80 135
76 81 1105
76 82 1274
76 83 1496
76 84 1045
76 85 1192
76 86 712
76 87 2181
76 88 1341
76 89 1552
76 90 1630
76 91 1068
76 92 2319
76 93 1710
76 94 1709
76 95 2276
76 96 755
76 97 1997
76 98 1939
76 99 460
76 100 2507
77 78 1114
77 79 1139
77 80 1068
77 81 1342
77 82 1002
77 83 651
77 84 753
77 85 513
77 86 596
77 87 1414
77 88 1089
77 89 2038
77 90 2004
77 91 164
77 92 1367
77 93 567
77 94 1942
77 95 1734
77 96 537
77 97 2231
77 98 2355
77 99 1211
77 100 1432
78 79 1707
78 80 249
78 81 1435
78 82 962
78 83 1301
78 84 1251
78 85 1001
78 86 551
78 87 1917
78 88 1591
78 89 1918
78 90 1990
78 91 1090
78 92 2108
78 93 1671
78 94 2058
78 95 1959
78 96 609
78 97 2350
78 98 2304
78 99 121
78 100 2352
79 80 1501
79 81 627
79 82 2079
79 83 1784
79 84 472
79 85 1635
79 86 1468
79 87 2527
79 88 127
79 89 1208
79 90 1091
79 91 987
79 92 2393
79 93 1315
79 94 939
79 95 2872
79 96 1437
79 97 1185
79 98 1406
79 99 1828
79 100 2303
80 81 1191
80 82 1139
80 83 1379
80 84 1061
80 85 1074
80 86 594
80 87 2053
80 88 1381
80 89 1671
80 90 1741
80 91 1008
80 92 2201
80 93 1635
80 94 1809
80 95 2141
80 96 642
80 97 2101
80 98 2056
80 99 356
80 100 2402
81 82 2081
81 83 1972
81 84 620
81 85 1741
81 86 1410
81 87 2742
81 88 521
81 89 701
81 90 666
81 91 1179
81 92 2704
81 93 1716
81 94 650
81 95 3002
81 96 1404
81 97 951
81 98 1017
81 99 1546
81 100 2707
82 83 625
82 84 1626
82 85 505
82 86 672
82 87 985
82 88 2001
82 89 2701
82 90 2726
82 91 1117
82 92 1263
82 93 1329
82 94 2729
82 95 1002
82 96 677
82 97 3030
82 98 3069
82 99 957
82 100 1611
83 84 1401
83 85 305
83 86 785
83 87 771
83 88 1739
83 89 2656
83 90 2637
83 91 813
83 92 823
83 93 748
83 94 2587
83 95 1091
83 96 742
83 97 2879
83 98 2988
83 99 1350
83 100 1059
84 85 1211
84 86 999
84 87 2166
84 88 377
84 89 1320
84 90 1265
84 91 589
84 92 2096
84 93 1098
84 94 1190
84 95 2470
84 96 971
84 97 1479
84 98 1613
84 99 1372
84 100 2087
85 86 480
85 87 1029
85 88 1572
85 89 2410
85 90 2405
85 91 649
85 92 1127
85 93 844
85 94 2374
85 95 1264
85 96 439
85 97 2671
85 98 2755
85 99 1055
85 100 1352
86 87 1483
86 88 1375
86 89 2032
86 90 2054
86 91 620
86 92 1608
86 93 1132
86 94 2059
86 95 1637
86 96 60
86 97 2361
86 98 2397
86 99 631
86 100 1815
87 88 2493
87 89 3426
87 90 3408
87 91 1578
87 92 440
87 93 1318
87 94 3355
87 95 499
87 96 1453
87 97 3645
87 98 3759
87 99 1929
87 100 895
88 89 1143
88 90 1042
88 91 931
88 92 2381
88 93 1320
88 94 913
88 95 2822
88 96 1348
88 97 1178
88 98 1370
88 99 1712
88 100 2315
89 90 190
89 91 1876
89 92 3403
89 93 2413
89 94 422
89 95 3658
89 96 2038
89 97 559
89 98 387
89 99 2011
89 100 3406
90 91 1840
90 92 3361
90 93 2342
90 94 234
90 95 3664
90 96 2054
90 97 397
90 98 351
90 99 2090
90 100 3339
91 92 1527
91 93 656
91 94 1777
91 95 1890
91 96 567
91 97 2068
91 98 2191
91 99 1196
91 100 1574
92 93 1097
92 94 3278
92 95 928
92 96 1565
92 97 3557
92 98 3709
92 99 2144
92 100 456
93 94 2232
93 95 1754
93 96 1071
93 97 2496
93 98 2682
93 99 1761
93 100 997
94 95 3638
94 96 2052
94 97 301
94 98 470
94 99 2164
94 100 3228
95 96 1624
95 97 3936
95 98 4012
95 99 1940
95 100 1382
96 97 2354
96 98 2399
96 99 691
96 100 1763
97 98 354
97 99 2454
97 100 3488
98 99 2398
98 100 3680
99 100 2406
