100 5049
1 2 3475
1 3 793
1 4 3349
1 5 1685
1 6 2940
1 7 147
1 8 1304
1 9 2084
1 10 1489
1 11 3496
1 12 365
1 13 2475
1 14 870
1 15 1050
1 16 671
1 17 854
1 18 3242
1 19 2851
1 20 1065
1 21 121
1 22 2309
1 23 910
1 24 3385
1 25 999
1 26 909
1 27 2882
1 28 1052
1 29 3520
1 30 2059
1 31 1809
1 32 455
1 33 1976
1 34 3096
1 35 535
1 36 826
1 37 3193
1 38 1899
1 39 2478
1 40 682
1 41 2706
1 42 1752
1 43 2701
1 44 984
1 45 931
1 46 832
1 47 447
1 48 1767
1 49 957
1 50 1350
1 51 380
1 52 867
1 53 3286
1 54 1028
1 55 2714
1 56 950
1 57 1605
1 58 561
1 59 712
1 60 1606
1 61 887
1 62 748
1 63 489
1 64 753
1 65 1397
1 66 2084
1 67 3030
1 68 1830
1 69 332
1 70 3092
1 71 911
1 72 1263
1 73 620
1 74 74
1 75 2620
1 76 297
1 77 3401
1 78 3391
1 79 872
1 80 1513
1 81 1041
1 82 3004
1 83 187
1 84 828
1 85 3341
1 86 2689
1 87 2700
1 88 492
1 89 1038
1 90 1832
1 91 2610
1 92 2873
1 93 2392
1 94 2958
1 95 728
1 96 3386
1 97 1292
1 98 553
1 99 913
1 100 3496
2 3 4127
2 4 146
2 5 1985
2 6 838
2 7 3401
2 8 2307
2 9 1425
2 10 2056
2 11 84
2 12 3340
2 13 1020
2 14 3050
2 15 3020
2 16 3442
2 17 2713
2 18 1746
2 19 1714
2 20 2999
2 21 3475
2 22 1910
2 23 3237
2 24 1699
2 25 2476
2 26 3830
2 27 659
2 28 3467
2 29 1579
2 30 1582
2 31 1677
2 32 3393
2 33 2133
2 34 908
2 35 2979
2 36 3555
2 37 729
2 38 2355
2 39 1675
2 40 2806
2 41 835
2 42 1940
2 43 1704
2 44 3031
2 45 2557
2 46 4123
2 47 3724
2 48 2035
2 49 2825
2 50 2356
2 51 3787
2 52 2985
2 53 1045
2 54 2454
2 55 1124
2 56 3015
2 57 1876
2 58 3281
2 59 3613
2 60 2078
2 61 3310
2 62 3010
2 63 3168
2 64 3268
2 65 2117
2 66 1452
2 67 571
2 68 2448
2 69 3807
2 70 599
2 71 3341
2 72 2886
2 73 3418
2 74 3461
2 75 869
2 76 3368
2 77 666
2 78 1041
2 79 3727
2 80 1981
2 81 3426
2 82 480
2 83 3436
2 84 2756
2 85 550
2 86 1825
2 87 936
2 88 3015
2 89 3346
2 90 1908
2 91 1286
2 92 602
2 93 1318
2 94 1712
2 95 3461
2 96 465
2 97 2189
2 98 3720
2 99 2585
2 100 1466
3 4 3993
3 5 2203
3 6 3503
3 7 933
3 8 1839
3 9 2789
3 10 2234
3 11 4138
3 12 1131
3 13 3108
3 14 1150
3 15 1822
3 16 740
3 17 1634
3 18 3612
3 19 3236
3 20 1838
3 21 875
3 22 2694
3 23 1649
3 24 3766
3 25 1694
3 26 530
3 27 3573
3 28 1723
3 29 3928
3 30 2610
3 31 2452
3 32 1187
3 33 2345
3 34 3631
3 35 1313
3 36 1466
3 37 3753
3 38 2203
3 39 2905
3 40 1430
3 41 3403
3 42 2264
3 43 3098
3 44 1220
3 45 1665
3 46 77
3 47 408
3 48 2230
3 49 1750
3 50 2134
3 51 786
3 52 1198
3 53 3789
3 54 1748
3 55 3246
3 56 1727
3 57 2300
3 58 1318
3 59 1323
3 60 2378
3 61 963
3 62 1538
3 63 1278
3 64 1495
3 65 2010
3 66 2687
3 67 3726
3 68 2111
3 69 582
3 70 3684
3 71 954
3 72 1481
3 73 744
3 74 851
3 75 3299
3 76 1064
3 77 3963
3 78 3893
3 79 596
3 80 2228
3 81 980
3 82 3671
3 83 735
3 84 1612
3 85 3923
3 86 3057
3 87 3418
3 88 1268
3 89 1036
3 90 2327
3 91 3118
3 92 3530
3 93 2936
3 94 3339
3 95 1408
3 96 3978
3 97 1999
3 98 1086
3 99 1658
3 100 3924
4 5 1842
4 6 697
4 7 3277
4 8 2168
4 9 1315
4 10 1945
4 11 147
4 12 3222
4 13 884
4 14 2910
4 15 2921
4 16 3304
4 17 2598
4 18 1633
4 19 1582
4 20 2901
4 21 3352
4 22 1765
4 23 3135
4 24 1594
4 25 2350
4 26 3690
4 27 583
4 28 3370
4 29 1486
4 30 1438
4 31 1546
4 32 3278
4 33 1987
4 34 782
4 35 2858
4 36 3450
4 37 609
4 38 2209
4 39 1531
4 40 2684
4 41 750
4 42 1796
4 43 1566
4 44 2889
4 45 2436
4 46 3987
4 47 3591
4 48 1890
4 49 2720
4 50 2255
4 51 3666
4 52 2845
4 53 939
4 54 2332
4 55 980
4 56 2913
4 57 1754
4 58 3169
4 59 3504
4 60 1981
4 61 3169
4 62 2900
4 63 3052
4 64 3162
4 65 1983
4 66 1313
4 67 529
4 68 2301
4 69 3681
4 70 460
4 71 3200
4 72 2742
4 73 3280
4 74 3337
4 75 761
4 76 3249
4 77 579
4 78 947
4 79 3587
4 80 1863
4 81 3284
4 82 381
4 83 3306
4 84 2642
4 85 450
4 86 1688
4 87 871
4 88 2894
4 89 3203
4 90 1763
4 91 1142
4 92 481
4 93 1171
4 94 1585
4 95 3353
4 96 376
4 97 2067
4 98 3605
4 99 2465
4 100 1373
5 6 1301
5 7 1662
5 8 381
5 9 959
5 10 940
5 11 1982
5 12 1698
5 13 985
5 14 1078
5 15 1766
5 16 1483
5 17 1222
5 18 1605
5 19 1216
5 20 1756
5 21 1729
5 22 723
5 23 1884
5 24 1734
5 25 824
5 26 1855
5 27 1545
5 28 2153
5 29 1851
5 30 411
5 31 504
5 32 1792
5 33 512
5 34 1431
5 35 1325
5 36 2106
5 37 1550
5 38 640
5 39 823
5 40 1149
5 41 1414
5 42 68
5 43 1062
5 44 1048
5 45 975
5 46 2187
5 47 1819
5 48 182
5 49 1488
5 50 1261
5 51 2052
5 52 1018
5 53 1605
5 54 882
5 55 1046
5 56 1696
5 57 680
5 58 1736
5 59 2095
5 60 1196
5 61 1329
5 62 1553
5 63 1571
5 64 1826
5 65 391
5 66 549
5 67 1703
5 68 678
5 69 2003
5 70 1490
5 71 1359
5 72 910
5 73 1467
5 74 1698
5 75 1264
5 76 1695
5 77 1760
5 78 1711
5 79 1752
5 80 769
5 81 1442
5 82 1575
5 83 1588
5 84 1267
5 85 1722
5 86 1082
5 87 1505
5 88 1343
5 89 1361
5 90 157
5 91 928
5 92 1422
5 93 733
5 94 1322
5 95 1982
5 96 1782
5 97 741
5 98 2099
5 99 1022
5 100 1819
6 7 2893
6 8 1668
6 9 1157
6 10 1709
6 11 798
6 12 2880
6 13 591
6 14 2375
6 15 2722
6 16 2783
6 17 2293
6 18 1027
6 19 900
6 20 2704
6 21 2964
6 22 1081
6 23 2907
6 24 1036
6 25 1971
6 26 3146
6 27 851
6 28 3164
6 29 998
6 30 894
6 31 1168
6 32 2955
6 33 1335
6 34 217
6 35 2501
6 36 3194
6 37 253
6 38 1553
6 39 840
6 40 2319
6 41 897
6 42 1243
6 43 871
6 44 2335
6 45 2088
6 46 3488
6 47 3115
6 48 1302
6 49 2479
6 50 2067
6 51 3288
6 52 2317
6 53 472
6 54 1980
6 55 296
6 56 2689
6 57 1449
6 58 2866
6 59 3221
6 60 1835
6 61 2617
6 62 2623
6 63 2724
6 64 2899
6 65 1543
6 66 863
6 67 933
6 68 1651
6 69 3268
6 70 240
6 71 2645
6 72 2151
6 73 2768
6 74 2941
6 75 771
6 76 2893
6 77 462
6 78 553
6 79 3043
6 80 1577
6 81 2710
6 82 689
6 83 2865
6 84 2340
6 85 426
6 86 993
6 87 1073
6 88 2530
6 89 2630
6 90 1187
6 91 459
6 92 593
6 93 569
6 94 919
6 95 3082
6 96 496
6 97 1733
6 98 3280
6 99 2126
6 100 901
7 8 1285
7 9 1997
7 10 1389
7 11 3425
7 12 221
7 13 2410
7 14 936
7 15 904
7 16 789
7 17 739
7 18 3241
7 19 2849
7 20 918
7 21 75
7 22 2312
7 23 765
7 24 3380
7 25 931
7 26 1051
7 27 2797
7 28 919
7 29 3509
7 30 2023
7 31 1746
7 32 318
7 33 1986
7 34 3056
7 35 430
7 36 704
7 37 3146
7 38 1925
7 39 2469
7 40 595
7 41 2619
7 42 1730
7 43 2697
7 44 1052
7 45 845
7 46 975
7 47 594
7 48 1758
7 49 818
7 50 1227
7 51 395
7 52 922
7 53 3253
7 54 946
7 55 2677
7 56 804
7 57 1525
7 58 415
7 59 601
7 60 1490
7 61 988
7 62 605
7 63 346
7 64 609
7 65 1351
7 66 2032
7 67 2942
7 68 1862
7 69 424
7 70 3036
7 71 1016
7 72 1322
7 73 736
7 74 81
7 75 2540
7 76 153
7 77 3352
7 78 3358
7 79 1010
7 80 1427
7 81 1152
7 82 2926
7 83 308
7 84 708
7 85 3287
7 86 2692
7 87 2605
7 88 389
7 89 1143
7 90 1814
7 91 2579
7 92 2799
7 93 2354
7 94 2956
7 95 597
7 96 3329
7 97 1212
7 98 482
7 99 820
7 100 3480
8 9 1108
8 10 846
8 11 2312
8 12 1333
8 13 1289
8 14 747
8 15 1483
8 16 1136
8 17 918
8 18 1964
8 19 1572
8 20 1476
8 21 1350
8 22 1049
8 23 1570
8 24 2099
8 25 515
8 26 1524
8 27 1808
8 28 1837
8 29 2224
8 30 774
8 31 675
8 32 1432
8 33 758
8 34 1807
8 35 968
8 36 1765
8 37 1919
8 38 785
8 39 1187
8 40 800
8 41 1657
8 42 448
8 43 1419
8 44 745
8 45 670
8 46 1827
8 47 1448
8 48 479
8 49 1204
8 50 1085
8 51 1673
8 52 679
8 53 1986
8 54 598
8 55 1423
8 56 1401
8 57 681
8 58 1387
8 59 1742
8 60 1108
8 61 1013
8 62 1232
8 63 1217
8 64 1495
8 65 267
8 66 856
8 67 1967
8 68 771
8 69 1621
8 70 1845
8 71 1048
8 72 696
8 73 1113
8 74 1318
8 75 1525
8 76 1325
8 77 2129
8 78 2091
8 79 1422
8 80 708
8 81 1153
8 82 1871
8 83 1207
8 84 959
8 85 2085
8 86 1424
8 87 1717
8 88 982
8 89 1074
8 90 529
8 91 1309
8 92 1723
8 93 1105
8 94 1679
8 95 1639
8 96 2139
8 97 569
8 98 1731
8 99 718
8 100 2195
9 10 631
9 11 1460
9 12 1921
9 13 566
9 14 1825
9 15 1616
9 16 2169
9 17 1291
9 18 1994
9 19 1687
9 20 1597
9 21 2072
9 22 1428
9 23 1824
9 24 2065
9 25 1098
9 26 2575
9 27 800
9 28 2065
9 29 2091
9 30 780
9 31 458
9 32 1970
9 33 1398
9 34 1370
9 35 1569
9 36 2136
9 37 1374
9 38 1576
9 39 1351
9 40 1404
9 41 622
9 42 961
9 43 1562
9 44 1843
9 45 1154
9 46 2797
9 47 2381
9 48 1113
9 49 1405
9 50 948
9 51 2375
9 52 1752
9 53 1622
9 54 1057
9 55 1105
9 56 1602
9 57 490
9 58 1857
9 59 2189
9 60 690
9 61 2095
9 62 1586
9 63 1747
9 64 1847
9 65 852
9 66 558
9 67 946
9 68 1628
9 69 2413
9 70 1196
9 71 2133
9 72 1797
9 73 2133
9 74 2062
9 75 556
9 76 1952
9 77 1548
9 78 1709
9 79 2477
9 80 571
9 81 2250
9 82 944
9 83 2069
9 84 1333
9 85 1445
9 86 1647
9 87 631
9 88 1608
9 89 2174
9 90 1000
9 91 1127
9 92 836
9 93 887
9 94 1767
9 95 2038
9 96 1457
9 97 795
9 98 2296
9 99 1176
9 100 2012
10 11 2091
10 12 1297
10 13 1141
10 14 1410
10 15 1013
10 16 1686
10 17 665
10 18 2387
10 19 2028
10 20 995
10 21 1464
10 22 1623
10 23 1206
10 24 2487
10 25 568
10 26 2093
10 27 1424
10 28 1458
10 29 2552
10 30 1035
10 31 597
10 32 1341
10 33 1452
10 34 1910
10 35 960
10 36 1510
10 37 1947
10 38 1560
10 39 1642
10 40 810
10 41 1243
10 42 985
10 43 1882
10 44 1461
10 45 568
10 46 2250
10 47 1829
10 48 1122
10 49 781
10 50 367
10 51 1758
10 52 1337
10 53 2148
10 54 492
10 55 1582
10 56 985
10 57 295
10 58 1226
10 59 1559
10 60 264
10 61 1670
10 62 955
10 63 1121
10 64 1219
10 65 603
10 66 903
10 67 1563
10 68 1574
10 69 1811
10 70 1790
10 71 1710
10 72 1508
10 73 1642
10 74 1460
10 75 1186
10 76 1332
10 77 2136
10 78 2244
10 79 2002
10 80 175
10 81 1847
10 82 1575
10 83 1500
10 84 706
10 85 2044
10 86 1936
10 87 1217
10 88 1001
10 89 1780
10 90 1065
10 91 1550
10 92 1465
10 93 1292
10 94 2124
10 95 1409
10 96 2066
10 97 296
10 98 1666
10 99 579
10 100 2489
11 12 3369
11 13 1030
11 14 3052
11 15 3063
11 16 3447
11 17 2744
11 18 1679
11 19 1660
11 20 3043
11 21 3499
11 22 1877
11 23 3278
11 24 1627
11 25 2498
11 26 3831
11 27 713
11 28 3512
11 29 1503
11 30 1575
11 31 1693
11 32 3424
11 33 2110
11 34 851
11 35 3005
11 36 3594
11 37 669
11 38 2331
11 39 1638
11 40 2831
11 41 885
11 42 1935
11 43 1656
11 44 3030
11 45 2583
11 46 4132
11 47 3736
11 48 2025
11 49 2864
11 50 2398
11 51 3813
11 52 2987
11 53 975
11 54 2479
11 55 1089
11 56 3057
11 57 1901
11 58 3315
11 59 3649
11 60 2122
11 61 3309
11 62 3046
11 63 3198
11 64 3306
11 65 2128
11 66 1456
11 67 638
11 68 2426
11 69 3828
11 70 559
11 71 3340
11 72 2878
11 73 3424
11 74 3484
11 75 905
11 76 3396
11 77 592
11 78 967
11 79 3729
11 80 2010
11 81 3422
11 82 521
11 83 3453
11 84 2788
11 85 481
11 86 1777
11 87 996
11 88 3041
11 89 3342
11 90 1899
11 91 1252
11 92 628
11 93 1300
11 94 1655
11 95 3498
11 96 394
11 97 2214
11 98 3752
11 99 2612
11 100 1390
12 13 2370
12 14 1097
12 15 692
12 16 998
12 17 632
12 18 3296
12 19 2905
12 20 708
12 21 259
12 22 2378
12 23 545
12 24 3430
12 25 911
12 26 1272
12 27 2720
12 28 707
12 29 3549
12 30 2032
12 31 1717
12 32 116
12 33 2065
12 34 3053
12 35 381
12 36 512
12 37 3131
12 38 2026
12 39 2517
12 40 563
12 41 2539
12 42 1766
12 43 2752
12 44 1213
12 45 795
12 46 1178
12 47 811
12 48 1812
12 49 642
12 50 1088
12 51 469
12 52 1073
12 53 3261
12 54 903
12 55 2681
12 56 596
12 57 1470
12 58 195
12 59 435
12 60 1363
12 61 1182
12 62 420
12 63 179
12 64 389
12 65 1356
12 66 2017
12 67 2860
12 68 1971
12 69 580
12 70 3008
12 71 1213
12 72 1470
12 73 943
12 74 294
12 75 2473
12 76 69
12 77 3335
12 78 3365
12 79 1229
12 80 1360
12 81 1354
12 82 2862
12 83 525
12 84 592
12 85 3262
12 86 2756
12 87 2512
12 88 356
12 89 1338
12 90 1853
12 91 2594
12 92 2742
12 93 2359
12 94 3012
12 95 394
12 96 3298
12 97 1161
12 98 403
12 99 761
12 100 3513
13 14 2034
13 15 2152
13 16 2423
13 17 1760
13 18 1489
13 19 1233
13 20 2133
13 21 2483
13 22 1134
13 23 2346
13 24 1540
13 25 1479
13 26 2813
13 27 586
13 28 2598
13 29 1545
13 30 609
13 31 666
13 32 2435
13 33 1242
13 34 805
13 35 1998
13 36 2645
13 37 813
13 38 1458
13 39 974
13 40 1820
13 41 504
13 42 948
13 43 1135
13 44 2020
13 45 1576
13 46 3103
13 47 2707
13 48 1065
13 49 1920
13 50 1489
13 51 2802
13 52 1968
13 53 1057
13 54 1470
13 55 577
13 56 2126
13 57 905
13 58 2335
13 59 2683
13 60 1248
13 61 2297
13 62 2079
13 63 2205
13 64 2351
13 65 1099
13 66 438
13 67 738
13 68 1537
13 69 2807
13 70 650
13 71 2329
13 72 1895
13 73 2398
13 74 2466
13 75 335
13 76 2391
13 77 996
13 78 1143
13 79 2711
13 80 1026
13 81 2421
13 82 591
13 83 2425
13 84 1806
13 85 904
13 86 1241
13 87 655
13 88 2031
13 89 2341
13 90 934
13 91 648
13 92 438
13 93 479
13 94 1295
13 95 2538
13 96 931
13 97 1209
13 98 2763
13 99 1609
13 100 1460
14 15 1580
14 16 412
14 17 1082
14 18 2476
14 19 2095
14 20 1583
14 21 969
14 22 1549
14 23 1554
14 24 2628
14 25 858
14 26 780
14 27 2553
14 28 1778
14 29 2784
14 30 1489
14 31 1415
14 32 1214
14 33 1201
14 34 2491
14 35 890
14 36 1608
14 37 2621
14 38 1079
14 39 1756
14 40 838
14 41 2398
14 42 1133
14 43 1953
14 44 116
14 45 935
14 46 1124
14 47 804
14 48 1085
14 49 1351
14 50 1493
14 51 1237
14 52 74
14 53 2641
14 54 954
14 55 2108
14 56 1474
14 57 1354
14 58 1246
14 59 1526
14 60 1637
14 61 271
14 62 1249
14 63 1083
14 64 1422
14 65 977
14 66 1598
14 67 2711
14 68 997
14 69 1105
14 70 2568
14 71 308
14 72 395
14 73 407
14 74 921
14 75 2270
14 76 1053
14 77 2830
14 78 2745
14 79 677
14 80 1330
14 81 437
14 82 2618
14 83 700
14 84 1096
14 85 2798
14 86 1919
14 87 2448
14 88 868
14 89 371
14 90 1189
14 91 1974
14 92 2469
14 93 1805
14 94 2199
14 95 1487
14 96 2859
14 97 1118
14 98 1413
14 99 961
14 100 2777
15 16 1612
15 17 569
15 18 3339
15 19 2961
15 20 22
15 21 951
15 22 2489
15 23 238
15 24 3452
15 25 968
15 26 1937
15 27 2366
15 28 449
15 29 3535
15 30 1990
15 31 1582
15 32 640
15 33 2235
15 34 2921
15 35 693
15 36 569
15 37 2960
15 38 2264
15 39 2566
15 40 761
15 41 2186
15 42 1829
15 43 2809
15 44 1685
15 45 813
15 46 1871
15 47 1497
15 48 1925
15 49 280
15 50 668
15 51 1099
15 52 1531
15 53 3156
15 54 891
15 55 2584
15 56 108
15 57 1282
15 58 505
15 59 672
15 60 942
15 61 1744
15 62 337
15 63 571
15 64 349
15 65 1376
15 66 1898
15 67 2486
15 68 2238
15 69 1257
15 70 2800
15 71 1780
15 72 1884
15 73 1556
15 74 982
15 75 2162
15 76 760
15 77 3147
15 78 3254
15 79 1882
15 80 1151
15 81 1931
15 82 2543
15 83 1185
15 84 532
15 85 3053
15 86 2843
15 87 2116
15 88 721
15 89 1896
15 90 1919
15 91 2536
15 92 2449
15 93 2281
15 94 3064
15 95 516
15 96 3071
15 97 1049
15 98 872
15 99 765
15 100 3480
16 17 1216
16 18 2875
16 19 2497
16 20 1621
16 21 791
16 22 1954
16 23 1525
16 24 3029
16 25 1118
16 26 409
16 27 2923
16 28 1705
16 29 3189
16 30 1894
16 31 1786
16 32 1105
16 33 1606
16 34 2902
16 35 940
16 36 1493
16 37 3030
16 38 1468
16 39 2166
16 40 969
16 41 2762
16 42 1541
16 43 2358
16 44 481
16 45 1146
16 46 712
16 47 430
16 48 1497
16 49 1435
16 50 1690
16 51 977
16 52 466
16 53 3053
16 54 1198
16 55 2519
16 56 1504
16 57 1684
16 58 1181
16 59 1382
16 60 1882
16 61 252
16 62 1277
16 63 1052
16 64 1375
16 65 1340
16 66 1991
16 67 3080
16 68 1380
16 69 801
16 70 2972
16 71 262
16 72 751
16 73 56
16 74 741
16 75 2642
16 76 937
16 77 3240
16 78 3157
16 79 316
16 80 1638
16 81 372
16 82 3001
16 83 485
16 84 1215
16 85 3206
16 86 2319
16 87 2798
16 88 903
16 89 382
16 90 1599
16 91 2386
16 92 2855
16 93 2214
16 94 2601
16 95 1386
16 96 3265
16 97 1412
16 98 1216
16 99 1157
16 100 3185
17 18 2817
17 19 2433
17 20 563
17 21 812
17 22 1941
17 23 662
17 24 2938
17 25 404
17 26 1596
17 27 2088
17 28 932
17 29 3036
17 30 1491
17 31 1126
17 32 680
17 33 1673
17 34 2478
17 35 321
17 36 907
17 37 2541
17 38 1696
17 39 2037
17 40 250
17 41 1908
17 42 1287
17 43 2279
17 44 1175
17 45 249
17 46 1662
17 47 1245
17 48 1371
17 49 295
17 50 501
17 51 1095
17 52 1022
17 53 2699
17 54 341
17 55 2119
17 56 483
17 57 855
17 58 575
17 59 927
17 60 752
17 61 1289
17 62 337
17 63 456
17 64 616
17 65 838
17 66 1437
17 67 2228
17 68 1669
17 69 1163
17 70 2405
17 71 1328
17 72 1342
17 73 1163
17 74 814
17 75 1844
17 76 669
17 77 2740
17 78 2801
17 79 1521
17 80 737
17 81 1479
17 82 2233
17 83 905
17 84 47
17 85 2660
17 86 2303
17 87 1880
17 88 366
17 89 1430
17 90 1377
17 91 2051
17 92 2117
17 93 1803
17 94 2537
17 95 791
17 96 2691
17 97 561
17 98 1008
17 99 201
17 100 2989
18 19 392
18 20 3326
18 21 3302
18 22 934
18 23 3477
18 24 160
18 25 2426
18 26 3153
18 27 1877
18 28 3746
18 29 357
18 30 1355
18 31 1790
18 32 3394
18 33 1278
18 34 863
18 35 2927
18 36 3710
18 37 1024
18 38 1411
18 39 782
18 40 2753
18 41 1906
18 42 1537
18 43 545
18 44 2395
18 45 2574
18 46 3576
18 47 3280
18 48 1486
18 49 3066
18 50 2751
18 51 3620
18 52 2442
18 53 706
18 54 2476
18 55 912
18 56 3279
18 57 2092
18 58 3340
18 59 3699
18 60 2585
18 61 2651
18 62 3152
18 63 3174
18 64 3427
18 65 1979
18 66 1496
18 67 1959
18 68 1505
18 69 3539
18 70 1208
18 71 2665
18 72 2132
18 73 2880
18 74 3266
18 75 1761
18 76 3288
18 77 1098
18 78 736
18 79 3058
18 80 2220
18 81 2674
18 82 1713
18 83 3116
18 84 2863
18 85 1198
18 86 558
18 87 2081
18 88 2944
18 89 2603
18 90 1448
18 91 867
18 92 1619
18 93 1116
18 94 285
18 95 3586
18 96 1286
18 97 2290
18 98 3694
18 99 2621
18 100 416
19 20 2949
19 21 2911
19 22 547
19 23 3094
19 24 535
19 25 2039
19 26 2788
19 27 1704
19 28 3363
19 29 693
19 30 993
19 31 1435
19 32 3003
19 33 893
19 34 810
19 35 2537
19 36 3322
19 37 994
19 38 1042
19 39 396
19 40 2363
19 41 1698
19 42 1149
19 43 154
19 44 2017
19 45 2188
19 46 3202
19 47 2897
19 48 1094
19 49 2687
19 50 2389
19 51 3228
19 52 2058
19 53 769
19 54 2091
19 55 687
19 56 2898
19 57 1733
19 58 2951
19 59 3309
19 60 2239
19 61 2278
19 62 2766
19 63 2784
19 64 3041
19 65 1595
19 66 1158
19 67 1811
19 68 1140
19 69 3150
19 70 1125
19 71 2294
19 72 1761
19 73 2500
19 74 2875
19 75 1539
19 76 2897
19 77 1134
19 78 844
19 79 2691
19 80 1858
19 81 2312
19 82 1574
19 83 2727
19 84 2479
19 85 1198
19 86 186
19 87 1868
19 88 2553
19 89 2239
19 90 1059
19 91 585
19 92 1454
19 93 800
19 94 107
19 95 3198
19 96 1288
19 97 1914
19 98 3303
19 99 2235
19 100 703
20 21 967
20 22 2479
20 23 260
20 24 3439
20 25 961
20 26 1948
20 27 2346
20 28 469
20 29 3520
20 30 1976
20 31 1567
20 32 658
20 33 2226
20 34 2904
20 35 698
20 36 591
20 37 2942
20 38 2258
20 39 2553
20 40 761
20 41 2165
20 42 1818
20 43 2797
20 44 1688
20 45 806
20 46 1886
20 47 1511
20 48 1915
20 49 271
20 50 649
20 51 1119
20 52 1533
20 53 3139
20 54 882
20 55 2568
20 56 117
20 57 1266
20 58 522
20 59 694
20 60 921
20 61 1750
20 62 344
20 63 583
20 64 369
20 65 1365
20 66 1882
20 67 2465
20 68 2232
20 69 1275
20 70 2781
20 71 1787
20 72 1884
20 73 1565
20 74 997
20 75 2142
20 76 776
20 77 3129
20 78 3237
20 79 1892
20 80 1135
20 81 1937
20 82 2522
20 83 1197
20 84 528
20 85 3034
20 86 2831
20 87 2095
20 88 727
20 89 1902
20 90 1908
20 91 2521
20 92 2429
20 93 2266
20 94 3051
20 95 538
20 96 3052
20 97 1036
20 98 893
20 99 759
20 100 3465
21 22 2372
21 23 799
21 24 3442
21 25 1005
21 26 1026
21 27 2872
21 28 933
21 29 3573
21 30 2092
21 31 1820
21 32 339
21 33 2043
21 34 3126
21 35 504
21 36 706
21 37 3217
21 38 1977
21 39 2533
21 40 669
21 41 2694
21 42 1796
21 43 2759
21 44 1084
21 45 919
21 46 920
21 47 555
21 48 1820
21 49 880
21 50 1298
21 51 325
21 52 960
21 53 3322
21 54 1021
21 55 2747
21 56 854
21 57 1600
21 58 453
21 59 592
21 60 1563
21 61 1002
21 62 664
21 63 406
21 64 642
21 65 1422
21 66 2104
21 67 3017
21 68 1911
21 69 351
21 70 3109
21 71 1027
21 72 1360
21 73 739
21 74 50
21 75 2614
21 76 191
21 77 3424
21 78 3427
21 79 992
21 80 1502
21 81 1159
21 82 3001
21 83 305
21 84 780
21 85 3360
21 86 2752
21 87 2680
21 88 464
21 89 1154
21 90 1879
21 91 2648
21 92 2874
21 93 2424
21 94 3018
21 95 608
21 96 3402
21 97 1287
21 98 445
21 99 895
21 100 3545
22 23 2603
22 24 1081
22 25 1539
22 26 2256
22 27 1701
22 28 2872
22 29 1235
22 30 650
22 31 1067
22 32 2480
22 33 348
22 34 1100
22 35 2017
22 36 2813
22 37 1272
22 38 522
22 39 252
22 40 1848
22 41 1638
22 42 662
22 43 404
22 44 1474
22 45 1693
22 46 2661
22 47 2350
22 48 573
22 49 2211
22 50 1965
22 51 2688
22 52 1512
22 53 1171
22 54 1603
22 55 788
22 56 2418
22 57 1336
22 58 2436
22 59 2791
22 60 1860
22 61 1740
22 62 2269
22 63 2266
22 64 2538
22 65 1114
22 66 871
22 67 1839
22 68 624
22 69 2605
22 70 1319
22 71 1757
22 72 1225
22 73 1955
22 74 2335
22 75 1469
22 76 2367
22 77 1460
22 78 1268
22 79 2157
22 80 1448
22 81 1784
22 82 1636
22 83 2182
22 84 1986
22 85 1480
22 86 380
22 87 1784
22 88 2030
22 89 1709
22 90 573
22 91 625
22 92 1489
22 93 660
22 94 652
22 95 2687
22 96 1562
22 97 1458
22 98 2772
22 99 1741
22 100 1232
23 24 3596
23 25 1064
23 26 1816
23 27 2587
23 28 270
23 29 3689
23 30 2141
23 31 1752
23 32 464
23 33 2328
23 34 3101
23 35 673
23 36 332
23 37 3149
23 38 2336
23 39 2698
23 40 792
23 41 2406
23 42 1949
23 43 2940
23 44 1665
23 45 910
23 46 1703
23 47 1354
23 48 2032
23 49 428
23 50 881
23 51 897
23 52 1513
23 53 3331
23 54 1003
23 55 2754
23 56 222
23 57 1459
23 58 350
23 59 437
23 60 1162
23 61 1685
23 62 340
23 63 478
23 64 157
23 65 1499
23 66 2067
23 67 2710
23 68 2300
23 69 1072
23 70 2996
23 71 1719
23 72 1889
23 73 1469
23 74 837
23 75 2375
23 76 613
23 77 3340
23 78 3430
23 79 1771
23 80 1330
23 81 1866
23 82 2758
23 83 1066
23 84 617
23 85 3250
23 86 2966
23 87 2342
23 88 688
23 89 1840
23 90 2040
23 91 2697
23 92 2659
23 93 2444
23 94 3198
23 95 284
23 96 3272
23 97 1199
23 98 647
23 99 862
23 100 3638
24 25 2552
24 26 3310
24 27 1886
24 28 3865
24 29 205
24 30 1463
24 31 1890
24 32 3526
24 33 1427
24 34 850
24 35 3059
24 36 3836
24 37 993
24 38 1566
24 39 913
24 40 2883
24 41 1930
24 42 1666
24 43 684
24 44 2548
24 45 2698
24 46 3730
24 47 3430
24 48 1623
24 49 3182
24 50 2853
24 51 3761
24 52 2593
24 53 655
24 54 2598
24 55 966
24 56 3395
24 57 2194
24 58 3469
24 59 3829
24 60 2676
24 61 2806
24 62 3274
24 63 3305
24 64 3551
24 65 2103
24 66 1588
24 67 1957
24 68 1661
24 69 3685
24 70 1193
24 71 2820
24 72 2288
24 73 3032
24 74 3407
24 75 1792
24 76 3424
24 77 1037
24 78 664
24 79 3214
24 80 2323
24 81 2831
24 82 1710
24 83 3262
24 84 2985
24 85 1149
24 86 709
24 87 2106
24 88 3076
24 89 2760
24 90 1578
24 91 946
24 92 1628
24 93 1202
24 94 429
24 95 3713
24 96 1234
24 97 2404
24 98 3830
24 99 2744
24 100 285
25 26 1526
25 27 1890
25 28 1333
25 29 2658
25 30 1125
25 31 816
25 32 992
25 33 1269
25 34 2142
25 35 531
25 36 1284
25 37 2223
25 38 1298
25 39 1644
25 40 349
25 41 1716
25 42 890
25 43 1885
25 44 923
25 45 156
25 46 1704
25 47 1286
25 48 968
25 49 689
25 50 651
25 51 1324
25 52 787
25 53 2351
25 54 102
25 55 1771
25 56 887
25 57 610
25 58 921
25 59 1281
25 60 780
25 61 1110
25 62 729
25 63 764
25 64 1002
25 65 452
25 66 1107
25 67 2040
25 68 1276
25 69 1331
25 70 2106
25 71 1150
25 72 1026
25 73 1075
25 74 987
25 75 1623
25 76 923
25 77 2427
25 78 2455
25 79 1435
25 80 535
25 81 1292
25 82 2006
25 83 972
25 84 447
25 85 2359
25 86 1905
25 87 1724
25 88 559
25 89 1228
25 90 981
25 91 1688
25 92 1874
25 93 1449
25 94 2144
25 95 1162
25 96 2399
25 97 305
25 98 1313
25 99 204
25 100 2616
26 27 3323
26 28 1958
26 29 3481
26 30 2266
26 31 2185
26 32 1364
26 33 1911
26 34 3253
26 35 1300
26 36 1721
26 37 3389
26 38 1746
26 39 2482
26 40 1355
26 41 3165
26 42 1908
26 43 2657
26 44 811
26 45 1547
26 46 467
26 47 490
26 48 1847
26 49 1790
26 50 2082
26 51 1101
26 52 845
26 53 3389
26 54 1603
26 55 2873
26 56 1831
26 57 2092
26 58 1466
26 59 1593
26 60 2284
26 61 529
26 62 1611
26 63 1366
26 64 1661
26 65 1741
26 66 2378
26 67 3481
26 68 1649
26 69 889
26 70 3344
26 71 504
26 72 1030
26 73 451
26 74 983
26 75 3042
26 76 1204
26 77 3598
26 78 3492
26 79 103
26 80 2047
26 81 481
26 82 3395
26 83 753
26 84 1590
26 85 3571
26 86 2605
26 87 3204
26 88 1259
26 89 550
26 90 1959
26 91 2733
26 92 3247
26 93 2577
26 94 2888
26 95 1632
26 96 3634
26 97 1821
26 98 1386
26 99 1555
26 100 3486
27 28 2813
27 29 1831
27 30 1191
27 31 1138
27 32 2765
27 33 1828
27 34 1041
27 35 2369
27 36 2908
27 37 938
27 38 2043
27 39 1515
27 40 2204
27 41 182
27 42 1516
27 43 1636
27 44 2552
27 45 1953
27 46 3576
27 47 3166
27 48 1642
27 49 2181
27 50 1706
27 51 3176
27 52 2483
27 53 1276
27 54 1855
27 55 1017
27 56 2366
27 57 1280
27 58 2648
27 59 2972
27 60 1425
27 61 2821
27 62 2373
27 63 2545
27 64 2625
27 65 1583
27 66 998
27 67 159
27 68 2122
27 69 3212
27 70 719
27 71 2856
27 72 2452
27 73 2892
27 74 2862
27 75 283
27 76 2752
27 77 1025
27 78 1325
27 79 3223
27 80 1370
27 81 2958
27 82 218
27 83 2861
27 84 2130
27 85 892
27 86 1752
27 87 290
27 88 2408
27 89 2879
27 90 1511
27 91 1143
27 92 258
27 93 1042
27 94 1743
27 95 2818
27 96 861
27 97 1591
27 98 3090
27 99 1976
27 100 1727
28 29 3957
28 30 2409
28 31 2014
28 32 600
28 33 2595
28 34 3361
28 35 918
28 36 260
28 37 3404
28 38 2598
28 39 2967
28 40 1051
28 41 2633
28 42 2218
28 43 3210
28 44 1891
28 45 1179
28 46 1785
28 47 1477
28 48 2300
28 49 689
28 50 1117
28 51 940
28 52 1743
28 53 3593
28 54 1273
28 55 3017
28 56 477
28 57 1719
28 58 534
28 59 405
28 60 1390
28 61 1886
28 62 605
28 63 695
28 64 360
28 65 1769
28 66 2330
28 67 2930
28 68 2560
28 69 1142
28 70 3247
28 71 1917
28 72 2128
28 73 1650
28 74 978
28 75 2611
28 76 768
28 77 3593
28 78 3691
28 79 1925
28 80 1589
28 81 2060
28 82 2991
28 83 1227
28 84 887
28 85 3500
28 86 3235
28 87 2559
28 88 926
28 89 2041
28 90 2309
28 91 2963
28 92 2898
28 93 2709
28 94 3468
28 95 326
28 96 3519
28 97 1466
28 98 647
28 99 1131
28 100 3905
29 30 1548
29 31 1958
29 32 3641
29 33 1583
29 34 792
29 35 3173
29 36 3939
29 37 907
29 38 1735
29 39 1042
29 40 2995
29 41 1894
29 42 1783
29 43 831
29 44 2708
29 45 2800
29 46 3894
29 47 3584
29 48 1753
29 49 3270
29 50 2919
29 51 3894
29 52 2745
29 53 560
29 54 2698
29 55 987
29 56 3483
29 57 2263
29 58 3578
29 59 3939
29 60 2727
29 61 2971
29 62 3373
29 63 3417
29 64 3651
29 65 2206
29 66 1648
29 67 1887
29 68 1832
29 69 3826
29 70 1119
29 71 2987
29 72 2454
29 73 3190
29 74 3539
29 75 1768
29 76 3546
29 77 912
29 78 539
29 79 3384
29 80 2393
29 81 3004
29 82 1642
29 83 3403
29 84 3083
29 85 1035
29 86 876
29 87 2069
29 88 3193
29 89 2931
29 90 1697
29 91 1002
29 92 1576
29 93 1260
29 94 594
29 95 3818
29 96 1115
29 97 2491
29 98 3950
29 99 2845
29 100 113
30 31 443
30 32 2117
30 33 653
30 34 1037
30 35 1652
30 36 2397
30 37 1145
30 38 859
30 39 612
30 40 1470
30 41 1085
30 42 360
30 43 849
30 44 1458
30 45 1260
30 46 2596
30 47 2222
30 48 458
30 49 1722
30 50 1397
30 51 2417
30 52 1428
30 53 1231
30 54 1155
30 55 655
30 56 1936
30 57 740
30 58 2043
30 59 2404
30 60 1249
30 61 1740
30 62 1828
30 63 1888
30 64 2107
30 65 676
30 66 229
30 67 1345
30 68 934
30 69 2384
30 70 1079
30 71 1769
30 72 1304
30 73 1877
30 74 2066
30 75 922
30 76 2038
30 77 1355
30 78 1335
30 79 2163
30 80 865
30 81 1847
30 82 1193
30 83 1976
30 84 1538
30 85 1313
30 86 911
30 87 1204
30 88 1677
30 89 1767
30 90 328
30 91 563
30 92 1038
30 93 333
30 94 1090
30 95 2278
30 96 1371
30 97 944
30 98 2435
30 99 1303
30 100 1499
31 32 1788
31 33 972
31 34 1353
31 35 1340
31 36 2029
31 37 1417
31 38 1134
31 39 1055
31 40 1160
31 41 983
31 42 514
31 43 1291
31 44 1420
31 45 922
31 46 2450
31 47 2047
31 48 667
31 49 1325
31 50 963
31 51 2139
31 52 1345
31 53 1580
31 54 815
31 55 1003
31 56 1538
31 57 305
31 58 1697
31 59 2053
31 60 806
31 61 1685
31 62 1457
31 63 1558
31 64 1735
31 65 446
31 66 316
31 67 1296
31 68 1179
31 69 2141
31 70 1292
31 71 1720
31 72 1349
31 73 1757
31 74 1801
31 75 857
31 76 1734
31 77 1619
31 78 1679
31 79 2085
31 80 435
31 81 1828
31 82 1220
31 83 1760
31 84 1173
31 85 1545
31 86 1353
31 87 1044
31 88 1372
31 89 1750
31 90 565
31 91 957
31 92 1079
31 93 700
31 94 1529
31 95 1916
31 96 1584
31 97 565
31 98 2115
31 99 959
31 100 1899
32 33 2170
32 34 3132
32 35 468
32 36 396
32 37 3205
32 38 2136
32 39 2614
32 40 648
32 41 2584
32 42 1860
32 43 2850
32 44 1330
32 45 867
32 46 1240
32 47 893
32 48 1911
32 49 638
32 50 1104
32 51 468
32 52 1189
32 53 3343
32 54 975
32 55 2763
32 56 554
32 57 1531
32 58 140
32 59 321
32 60 1386
32 61 1295
32 62 416
32 63 231
32 64 309
32 65 1442
32 66 2092
32 67 2902
32 68 2083
32 69 617
32 70 3077
32 71 1325
32 72 1586
32 73 1051
32 74 381
32 75 2524
32 76 169
32 77 3407
32 78 3447
32 79 1327
32 80 1416
32 81 1465
32 82 2913
32 83 627
32 84 637
32 85 3331
32 86 2856
32 87 2549
32 88 450
32 89 1451
32 90 1948
32 91 2680
32 92 2797
32 93 2442
32 94 3110
32 95 282
32 96 3365
32 97 1227
32 98 328
32 99 829
32 100 3604
33 34 1391
33 35 1715
33 36 2517
33 37 1551
33 38 222
33 39 573
33 40 1554
33 41 1733
33 42 473
33 43 753
33 44 1125
33 45 1425
33 46 2313
33 47 2003
33 48 331
33 49 1955
33 50 1767
33 51 2355
33 52 1165
33 53 1493
33 54 1344
33 55 1040
33 56 2156
33 57 1188
33 58 2136
33 59 2486
33 60 1707
33 61 1392
33 62 1990
33 63 1964
33 64 2252
33 65 883
33 66 878
33 67 1977
33 68 316
33 69 2265
33 70 1564
33 71 1411
33 72 881
33 73 1607
33 74 2005
33 75 1567
33 76 2049
33 77 1750
33 78 1593
33 79 1811
33 80 1281
33 81 1442
33 82 1801
33 83 1843
33 84 1715
33 85 1752
33 86 720
33 87 1857
33 88 1724
33 89 1366
33 90 407
33 91 881
33 92 1647
33 93 820
33 94 998
33 95 2390
33 96 1829
33 97 1242
33 98 2453
33 99 1473
33 100 1580
34 35 2673
34 36 3382
34 37 185
34 38 1602
34 39 849
34 40 2491
34 41 1103
34 42 1368
34 43 818
34 44 2443
34 45 2265
34 46 3612
34 47 3250
34 48 1407
34 49 2673
34 50 2270
34 51 3451
34 52 2437
34 53 255
34 54 2158
34 55 385
34 56 2884
34 57 1642
34 58 3047
34 59 3404
34 60 2044
34 61 2724
34 62 2810
34 63 2901
34 64 3088
34 65 1705
34 66 1041
34 67 1106
34 68 1703
34 69 3421
34 70 345
34 71 2749
34 72 2241
34 73 2890
34 74 3101
34 75 984
34 76 3063
34 77 361
34 78 338
34 79 3151
34 80 1772
34 81 2805
34 82 860
34 83 3012
34 84 2525
34 85 393
34 86 936
34 87 1278
34 88 2700
34 89 2725
34 90 1304
34 91 520
34 92 785
34 93 704
34 94 804
34 95 3269
34 96 482
34 97 1917
34 98 3455
34 99 2305
34 100 691
35 36 804
35 37 2752
35 38 1696
35 39 2147
35 40 182
35 41 2191
35 42 1393
35 43 2383
35 44 998
35 45 422
35 46 1342
35 47 926
35 48 1446
35 49 495
35 50 822
35 51 808
35 52 845
35 53 2881
35 54 528
35 55 2301
35 56 586
35 57 1103
35 58 422
35 59 774
35 60 1071
35 61 1053
35 62 359
35 63 249
35 64 559
35 65 976
35 66 1637
35 67 2514
35 68 1651
35 69 852
35 70 2632
35 71 1090
35 72 1216
35 73 885
35 74 500
35 75 2115
35 76 394
35 77 2956
35 78 2984
35 79 1231
35 80 1000
35 81 1241
35 82 2502
35 83 587
35 84 301
35 85 2886
35 86 2392
35 87 2175
35 88 45
35 89 1204
35 90 1481
35 91 2215
35 92 2378
35 93 1979
35 94 2644
35 95 677
35 96 2923
35 97 791
35 98 783
35 99 394
35 100 3136
36 37 3439
36 38 2499
36 39 2928
36 40 965
36 41 2727
36 42 2173
36 43 3168
36 44 1724
36 45 1139
36 46 1529
36 47 1235
36 48 2240
36 49 731
36 50 1203
36 51 681
36 52 1582
36 53 3606
36 54 1242
36 55 3026
36 56 545
36 57 1746
36 58 384
36 59 145
36 60 1487
36 61 1690
36 62 572
36 63 558
36 64 294
36 65 1734
36 66 2342
36 67 3034
36 68 2452
36 69 886
36 70 3294
36 71 1718
36 72 1977
36 73 1439
36 74 754
36 75 2689
36 76 563
36 77 3634
36 78 3707
36 79 1694
36 80 1620
36 81 1856
36 82 3075
36 83 1008
36 84 860
36 85 3549
36 86 3184
36 87 2668
36 88 801
36 89 1845
36 90 2263
36 91 2958
36 92 2972
36 93 2710
36 94 3428
36 95 127
36 96 3574
36 97 1466
36 98 387
36 99 1094
36 100 3895
37 38 1766
37 39 1022
37 40 2571
37 41 1026
37 42 1490
37 43 1002
37 44 2578
37 45 2338
37 46 3736
37 47 3366
37 48 1542
37 49 2721
37 50 2300
37 51 3541
37 52 2564
37 53 346
37 54 2230
37 55 518
37 56 2930
37 57 1693
37 58 3115
37 59 3468
37 60 2060
37 61 2860
37 62 2869
37 63 2974
37 64 3145
37 65 1796
37 66 1115
37 67 982
37 68 1865
37 69 3521
37 70 219
37 71 2886
37 72 2386
37 73 3016
37 74 3194
37 75 929
37 76 3145
37 77 210
37 78 387
37 79 3287
37 80 1820
37 81 2948
37 82 740
37 83 3118
37 84 2588
37 85 210
37 86 1120
37 87 1197
37 88 2782
37 89 2868
37 90 1432
37 91 671
37 92 692
37 93 817
37 94 985
37 95 3329
37 96 298
37 97 1981
37 98 3531
37 99 2376
37 100 798
38 39 767
38 40 1548
38 41 1944
38 42 620
38 43 915
38 44 989
38 45 1452
38 46 2165
38 47 1881
38 48 467
38 49 1986
38 50 1850
38 51 2278
38 52 1054
38 53 1691
38 54 1383
38 55 1258
38 56 2178
38 57 1316
38 58 2116
38 59 2456
38 60 1822
38 61 1241
38 62 1996
38 63 1941
38 64 2247
38 65 965
38 66 1078
38 67 2194
38 68 102
38 69 2171
38 70 1784
38 71 1254
38 72 722
38 73 1476
38 74 1935
38 75 1779
38 76 2003
38 77 1962
38 78 1789
38 79 1649
38 80 1395
38 81 1269
38 82 2021
38 83 1752
38 84 1735
38 85 1969
38 86 859
38 87 2063
38 88 1699
38 89 1196
38 90 576
38 91 1097
38 92 1867
38 93 1042
38 94 1142
38 95 2372
38 96 2046
38 97 1322
38 98 2401
38 99 1499
38 100 1743
39 40 1971
39 41 1471
39 42 755
39 43 243
39 44 1688
39 45 1793
39 46 2876
39 47 2551
39 48 712
39 49 2291
39 50 2000
39 51 2853
39 52 1713
39 53 924
39 54 1695
39 55 552
39 56 2502
39 57 1347
39 58 2559
39 59 2918
39 60 1861
39 61 1960
39 62 2371
39 63 2393
39 64 2646
39 65 1199
39 66 801
39 67 1644
39 68 869
39 69 2784
39 70 1079
39 71 1980
39 72 1453
39 73 2163
39 74 2499
39 75 1304
39 76 2512
39 77 1209
39 78 1022
39 79 2382
39 80 1470
39 81 2015
39 82 1429
39 83 2362
39 84 2083
39 85 1231
39 86 300
39 87 1628
39 88 2164
39 89 1939
39 90 666
39 91 393
39 92 1288
39 93 497
39 94 500
39 95 2805
39 96 1314
39 97 1519
39 98 2917
39 99 1840
39 100 1024
40 41 2026
40 42 1216
40 43 2209
40 44 936
40 45 251
40 46 1451
40 47 1030
40 48 1276
40 49 514
40 50 728
40 51 983
40 52 782
40 53 2699
40 54 352
40 55 2119
40 56 661
40 57 931
40 58 588
40 59 946
40 60 951
40 61 1039
40 62 454
40 63 422
40 64 700
40 65 794
40 66 1455
40 67 2350
40 68 1509
40 69 1009
40 70 2452
40 71 1078
40 72 1123
40 73 917
40 74 658
40 75 1945
40 76 575
40 77 2775
40 78 2802
40 79 1276
40 80 833
40 81 1229
40 82 2332
40 83 695
40 84 258
40 85 2705
40 86 2221
40 87 2018
40 88 212
40 89 1182
40 90 1305
40 91 2033
40 92 2205
40 93 1797
40 94 2470
40 95 839
40 96 2744
40 97 617
40 98 965
40 99 232
40 100 2957
41 42 1391
41 43 1616
41 44 2402
41 45 1776
41 46 3408
41 47 2996
41 48 1524
41 49 1999
41 50 1525
41 51 2996
41 52 2327
41 53 1349
41 54 1679
41 55 1014
41 56 2185
41 57 1106
41 58 2467
41 59 2790
41 60 1245
41 61 2667
41 62 2191
41 63 2364
41 64 2443
41 65 1424
41 66 877
41 67 324
41 68 2018
41 69 3035
41 70 810
41 71 2703
41 72 2314
41 73 2730
41 74 2685
41 75 169
41 76 2573
41 77 1140
41 78 1410
41 79 3065
41 80 1193
41 81 2809
41 82 370
41 83 2688
41 84 1949
41 85 1012
41 86 1727
41 87 176
41 88 2230
41 89 2731
41 90 1395
41 91 1121
41 92 338
41 93 981
41 94 1748
41 95 2636
41 96 993
41 97 1415
41 98 2909
41 99 1798
41 100 1794
42 43 995
42 44 1099
42 45 1041
42 46 2246
42 47 1882
42 48 154
42 49 1551
42 50 1313
42 51 2120
42 52 1074
42 53 1540
42 54 946
42 55 983
42 56 1759
42 57 715
42 58 1803
42 59 2163
42 60 1237
42 61 1381
42 62 1618
42 63 1639
42 64 1892
42 65 453
42 66 518
42 67 1674
42 68 667
42 69 2069
42 70 1436
42 71 1410
42 72 948
42 73 1526
42 74 1766
42 75 1237
42 76 1763
42 77 1700
42 78 1645
42 79 1805
42 80 811
42 81 1488
42 82 1538
42 83 1653
42 84 1332
42 85 1666
42 86 1017
42 87 1489
42 88 1411
42 89 1407
42 90 91
42 91 863
42 92 1384
42 93 673
42 94 1255
42 95 2049
42 96 1727
42 97 798
42 98 2167
42 99 1088
42 100 1751
43 44 1878
43 45 2035
43 46 3065
43 47 2754
43 48 941
43 49 2534
43 50 2241
43 51 3078
43 52 1915
43 53 824
43 54 1938
43 55 623
43 56 2746
43 57 1587
43 58 2797
43 59 3156
43 60 2096
43 61 2143
43 62 2613
43 63 2631
43 64 2887
43 65 1441
43 66 1023
43 67 1752
43 68 1015
43 69 3002
43 70 1106
43 71 2160
43 72 1628
43 73 2359
43 74 2724
43 75 1452
43 76 2744
43 77 1163
43 78 911
43 79 2559
43 80 1710
43 81 2183
43 82 1522
43 83 2579
43 84 2325
43 85 1211
43 86 121
43 87 1781
43 88 2399
43 89 2109
43 90 905
43 91 495
43 92 1393
43 93 681
43 94 260
43 95 3044
43 96 1300
43 97 1762
43 98 3150
43 99 2081
43 100 829
44 45 1013
44 46 1188
44 47 893
44 48 1036
44 49 1450
44 50 1568
44 51 1348
44 52 154
44 53 2585
44 54 1022
44 55 2063
44 56 1580
44 57 1383
44 58 1360
44 59 1643
44 60 1697
44 61 282
44 62 1356
44 63 1196
44 64 1535
44 65 991
44 66 1582
44 67 2711
44 68 903
44 69 1211
44 70 2534
44 71 311
44 72 286
44 73 487
44 74 1037
44 75 2268
44 76 1169
44 77 2787
44 78 2688
44 79 708
44 80 1370
44 81 408
44 82 2608
44 83 812
44 84 1192
44 85 2761
44 86 1838
44 87 2460
44 88 978
44 89 331
44 90 1148
44 91 1924
44 92 2457
44 93 1767
44 94 2120
44 95 1603
44 96 2824
44 97 1166
44 98 1529
44 99 1043
44 100 2705
45 46 1683
45 47 1261
45 48 1122
45 49 535
45 50 559
45 51 1230
45 52 868
45 53 2480
45 54 108
45 55 1899
45 56 731
45 57 682
45 58 784
45 59 1144
45 60 737
45 61 1171
45 62 578
45 63 636
45 64 853
45 65 595
45 66 1225
45 67 2100
45 68 1428
45 69 1259
45 70 2213
45 71 1211
45 72 1145
45 73 1098
45 74 909
45 75 1695
45 76 815
45 77 2541
45 78 2582
45 79 1461
45 80 583
45 81 1358
45 82 2082
45 83 932
45 84 293
45 85 2467
45 86 2057
45 87 1769
45 88 458
45 89 1300
45 90 1131
45 91 1823
45 92 1956
45 93 1579
45 94 2293
45 95 1018
45 96 2503
45 97 369
45 98 1193
45 99 48
45 100 2756
46 47 422
46 48 2208
46 49 1789
46 50 2163
46 51 851
46 52 1175
46 53 3765
46 54 1762
46 55 3228
46 56 1774
46 57 2307
46 58 1368
46 59 1387
46 60 2402
46 61 925
46 62 1580
46 63 1320
46 64 1549
46 65 2007
46 66 2679
46 67 3730
46 68 2073
46 69 643
46 70 3671
46 71 912
46 72 1443
46 73 721
46 74 894
46 75 3300
46 76 1111
46 77 3947
46 78 3869
46 79 541
46 80 2239
46 81 929
46 82 3670
46 83 758
46 84 1642
46 85 3909
46 86 3022
46 87 3426
46 88 1297
46 89 989
46 90 2308
46 91 3097
46 92 3528
46 93 2919
46 94 3304
46 95 1468
46 96 3966
46 97 2009
46 98 1152
46 99 1677
46 100 3893
47 48 1859
47 49 1389
47 50 1745
47 51 616
47 52 839
47 53 3416
47 54 1341
47 55 2865
47 56 1396
47 57 1892
47 58 1006
47 59 1105
47 60 1981
47 61 681
47 62 1188
47 63 931
47 64 1197
47 65 1608
47 66 2289
47 67 3319
47 68 1796
47 69 410
47 70 3290
47 71 687
47 72 1173
47 73 409
47 74 518
47 75 2892
47 76 743
47 77 3576
47 78 3521
47 79 481
47 80 1820
47 81 769
47 82 3266
47 83 340
47 84 1227
47 85 3532
47 86 2722
47 87 3010
47 88 882
47 89 799
47 90 1950
47 91 2742
47 92 3126
47 93 2550
47 94 3002
47 95 1152
47 96 3585
47 97 1591
47 98 897
47 99 1255
47 100 3574
48 49 1645
48 50 1438
48 51 2141
48 52 1032
48 53 1559
48 54 1035
48 55 1026
48 56 1850
48 57 861
48 58 1864
48 59 2220
48 60 1377
48 61 1318
48 62 1696
48 63 1695
48 64 1965
48 65 558
48 66 648
48 67 1798
48 68 515
48 69 2075
48 70 1508
48 71 1344
48 72 854
48 73 1487
48 74 1786
48 75 1367
48 76 1803
48 77 1751
48 78 1663
48 79 1745
48 80 950
48 81 1409
48 82 1651
48 83 1654
48 84 1415
48 85 1727
48 86 945
48 87 1629
48 88 1461
48 89 1329
48 90 131
48 91 890
48 92 1496
48 93 736
48 94 1201
48 95 2114
48 96 1794
48 97 915
48 98 2209
48 99 1170
48 100 1731
49 50 481
49 51 1102
49 52 1296
49 53 2904
49 54 611
49 55 2328
49 56 213
49 57 1031
49 58 502
49 59 792
49 60 767
49 61 1538
49 62 224
49 63 475
49 64 444
49 65 1098
49 66 1641
49 67 2309
49 68 1962
49 69 1220
49 70 2570
49 71 1576
49 72 1631
49 73 1380
49 74 899
49 75 1959
49 76 700
49 77 2913
49 78 3003
49 79 1725
49 80 902
49 81 1728
49 82 2345
49 83 1056
49 84 265
49 85 2824
49 86 2566
49 87 1946
49 88 533
49 89 1686
49 90 1641
49 91 2274
49 92 2241
49 93 2020
49 94 2790
49 95 637
49 96 2847
49 97 779
49 98 937
49 99 488
49 100 3217
50 51 1556
50 52 1425
50 53 2511
50 54 549
50 55 1948
50 56 660
50 57 659
50 58 974
50 59 1272
50 60 286
50 61 1729
50 62 691
50 63 910
50 64 923
50 65 887
50 66 1271
50 67 1832
50 68 1850
50 69 1648
50 70 2135
50 71 1769
50 72 1675
50 73 1640
50 74 1306
50 75 1495
50 76 1137
50 77 2484
50 78 2606
50 79 2002
50 80 532
50 81 1916
50 82 1877
50 83 1406
50 84 523
50 85 2387
50 86 2291
50 87 1467
50 88 866
50 89 1859
50 90 1398
50 91 1917
50 92 1781
50 93 1659
50 94 2486
50 95 1116
50 96 2403
50 97 528
50 98 1414
50 99 538
50 100 2856
51 52 1240
51 53 3647
51 54 1334
51 55 3072
51 56 1020
51 57 1912
51 58 608
51 59 537
51 60 1832
51 61 1217
51 62 878
51 63 647
51 64 753
51 65 1746
51 66 2427
51 67 3318
51 68 2208
51 69 216
51 70 3430
51 71 1235
51 72 1632
51 73 935
51 74 355
51 75 2923
51 76 426
51 77 3747
51 78 3751
51 79 1096
51 80 1808
51 81 1347
51 82 3311
51 83 537
51 84 1057
51 85 3682
51 86 3067
51 87 2974
51 88 772
51 89 1359
51 90 2202
51 91 2972
51 92 3186
51 93 2749
51 94 3336
51 95 634
51 96 3723
51 97 1599
51 98 301
51 99 1202
51 100 3868
52 53 2591
52 54 884
52 55 2053
52 56 1426
52 57 1281
52 58 1213
52 59 1505
52 60 1565
52 61 344
52 62 1202
52 63 1047
52 64 1385
52 65 905
52 66 1533
52 67 2641
52 68 976
52 69 1119
52 70 2507
52 71 382
52 72 400
52 73 454
52 74 914
52 75 2200
52 76 1032
52 77 2774
52 78 2695
52 79 743
52 80 1257
52 81 511
52 82 2550
52 83 705
52 84 1039
52 85 2740
52 86 1885
52 87 2376
52 88 826
52 89 443
52 90 1133
52 91 1922
52 92 2402
52 93 1747
52 94 2164
52 95 1459
52 96 2799
52 97 1045
52 98 1403
52 99 895
52 100 2736
53 54 2373
53 55 581
53 56 3116
53 57 1874
53 58 3264
53 59 3623
53 60 2291
53 61 2863
53 62 3034
53 63 3114
53 64 3313
53 65 1907
53 66 1264
53 67 1327
53 68 1793
53 69 3607
53 70 559
53 71 2885
53 72 2365
53 73 3045
53 74 3295
53 75 1236
53 76 3268
53 77 393
53 78 105
53 79 3288
53 80 2005
53 81 2930
53 82 1083
53 83 3193
53 84 2747
53 85 495
53 86 929
53 87 1524
53 88 2907
53 89 2852
53 90 1467
53 91 677
53 92 1024
53 93 902
53 94 730
53 95 3490
53 96 582
53 97 2140
53 98 3664
53 99 2521
53 100 453
54 55 1792
54 56 815
54 57 579
54 58 891
54 59 1250
54 60 689
54 61 1202
54 62 676
54 63 744
54 64 954
54 65 496
54 66 1118
54 67 2003
54 68 1366
54 69 1358
54 70 2106
54 71 1242
54 72 1128
54 73 1153
54 74 1009
54 75 1594
54 76 922
54 77 2433
54 78 2476
54 79 1514
54 80 486
54 81 1385
54 82 1980
54 83 1018
54 84 387
54 85 2360
54 86 1963
54 87 1677
54 88 563
54 89 1323
54 90 1037
54 91 1718
54 92 1853
54 93 1473
54 94 2196
54 95 1122
54 96 2396
54 97 265
54 98 1300
54 99 148
54 100 2653
55 56 2541
55 57 1302
55 58 2683
55 59 3042
55 60 1744
55 61 2344
55 62 2454
55 63 2533
55 64 2733
55 65 1328
55 66 687
55 67 1130
55 68 1356
55 69 3038
55 70 532
55 71 2370
55 72 1868
55 73 2506
55 74 2721
55 75 859
55 76 2689
55 77 725
55 78 684
55 79 2771
55 80 1433
55 81 2430
55 82 899
55 83 2628
55 84 2166
55 85 714
55 86 742
55 87 1185
55 88 2327
55 89 2350
55 90 920
55 91 163
55 92 771
55 93 323
55 94 734
55 95 2910
55 96 789
55 97 1560
55 98 3084
55 99 1940
55 100 913
56 57 1242
56 58 416
56 59 629
56 60 942
56 61 1636
56 62 229
56 63 467
56 64 285
56 65 1307
56 66 1854
56 67 2490
56 68 2149
56 69 1168
56 70 2775
56 71 1672
56 72 1782
56 73 1448
56 74 883
56 75 2152
56 76 663
56 77 3120
56 78 3215
56 79 1775
56 80 1113
56 81 1823
56 82 2536
56 83 1080
56 84 443
56 85 3029
56 86 2775
56 87 2123
56 88 614
56 89 1789
56 90 1850
56 91 2487
56 92 2437
56 93 2233
56 94 3002
56 95 471
56 96 3050
56 97 992
56 98 810
56 99 683
56 100 3430
57 58 1430
57 59 1779
57 60 526
57 61 1624
57 62 1177
57 63 1302
57 64 1452
57 65 415
57 66 617
57 67 1430
57 68 1342
57 69 1935
57 70 1551
57 71 1662
57 72 1375
57 73 1647
57 74 1587
57 75 1016
57 76 1494
57 77 1889
57 78 1973
57 79 1995
57 80 131
57 81 1786
57 82 1401
57 83 1582
57 84 901
57 85 1806
57 86 1642
57 87 1120
57 88 1140
57 89 1713
57 90 789
57 91 1261
57 92 1275
57 93 1004
57 94 1829
57 95 1637
57 96 1836
57 97 313
57 98 1859
57 99 711
57 100 2203
58 59 361
58 60 1258
58 61 1354
58 62 283
58 63 175
58 64 195
58 65 1372
58 66 2006
58 67 2783
58 68 2069
58 69 753
58 70 2980
58 71 1386
58 72 1603
58 73 1126
58 74 489
58 75 2412
58 76 264
58 77 3314
58 78 3366
58 79 1422
58 80 1312
58 81 1530
58 82 2801
58 83 717
58 84 530
58 85 3235
58 86 2809
58 87 2427
58 88 417
58 89 1509
58 90 1893
58 91 2606
58 92 2688
58 93 2364
58 94 3057
58 95 256
58 96 3266
58 97 1133
58 98 443
58 99 743
58 100 3537
59 60 1558
59 61 1589
59 62 605
59 63 525
59 64 350
59 65 1733
59 66 2363
59 67 3101
59 68 2403
59 69 745
59 70 3330
59 71 1616
59 72 1904
59 73 1331
59 74 641
59 75 2744
59 76 474
59 77 3667
59 78 3725
59 79 1570
59 80 1657
59 81 1750
59 82 3132
59 83 897
59 84 880
59 85 3585
59 86 3166
59 87 2739
59 88 763
59 89 1743
59 90 2252
59 91 2967
59 92 3024
59 93 2723
59 94 3416
59 95 159
59 96 3614
59 97 1488
59 98 242
59 99 1102
59 100 3898
60 61 1890
60 62 975
60 63 1185
60 64 1209
60 65 867
60 66 1089
60 67 1548
60 68 1837
60 69 1914
60 70 1885
60 71 1930
60 72 1761
60 73 1835
60 74 1566
60 75 1223
60 76 1409
60 77 2237
60 78 2382
60 79 2198
60 80 428
60 81 2071
60 82 1601
60 83 1644
60 84 782
60 85 2134
60 86 2158
60 87 1181
60 88 1115
60 89 2007
60 90 1313
60 91 1731
60 92 1511
60 93 1474
60 94 2331
60 95 1401
60 96 2146
60 97 548
60 98 1699
60 99 732
60 100 2657
61 62 1407
61 63 1207
61 64 1542
61 65 1247
61 66 1859
61 67 2979
61 68 1148
61 69 1049
61 70 2816
61 71 40
61 72 519
61 73 285
61 74 952
61 75 2538
61 76 1127
61 77 3069
61 78 2966
61 79 427
61 80 1597
61 81 190
61 82 2883
61 83 701
61 84 1296
61 85 3043
61 86 2098
61 87 2718
61 88 1023
61 89 156
61 90 1430
61 91 2205
61 92 2733
61 93 2049
61 94 2380
61 95 1576
61 96 3106
61 97 1382
61 98 1440
61 99 1192
61 100 2972
62 63 260
62 64 279
62 65 1172
62 66 1770
62 67 2506
62 68 1961
62 69 999
62 70 2727
62 71 1443
62 72 1566
62 73 1221
62 74 686
62 75 2141
62 76 480
62 77 3066
62 78 3135
62 79 1552
62 80 1053
62 81 1594
62 82 2530
62 83 864
62 84 290
62 85 2982
62 86 2634
62 87 2147
62 88 385
62 89 1560
62 90 1709
62 91 2388
62 92 2420
62 93 2139
62 94 2871
62 95 460
62 96 3010
62 97 894
62 98 724
62 99 531
62 100 3326
63 64 339
63 65 1214
63 66 1862
63 67 2684
63 68 1894
63 69 747
63 70 2846
63 71 1241
63 72 1434
63 73 996
63 74 427
63 75 2300
63 76 228
63 77 3176
63 78 3217
63 79 1312
63 80 1189
63 81 1388
63 82 2689
63 83 614
63 84 415
63 85 3101
63 86 2640
63 87 2334
63 88 243
63 89 1362
63 90 1727
63 91 2452
63 92 2571
63 93 2212
63 94 2891
63 95 431
63 96 3135
63 97 997
63 98 558
63 99 599
63 100 3378
64 65 1449
64 66 2049
64 67 2753
64 68 2205
64 69 921
64 70 3000
64 71 1575
64 72 1769
64 73 1319
64 74 681
64 75 2401
64 76 457
64 77 3340
64 78 3413
64 79 1617
64 80 1326
64 81 1720
64 82 2788
64 83 912
64 84 569
64 85 3255
64 86 2906
64 87 2389
64 88 567
64 89 1698
64 90 1983
64 91 2667
64 92 2683
64 93 2418
64 94 3146
64 95 193
64 96 3281
64 97 1173
64 98 526
64 99 807
64 100 3605
65 66 689
65 67 1740
65 68 973
65 69 1727
65 70 1697
65 71 1284
65 72 962
65 73 1311
65 74 1398
65 75 1302
65 76 1362
65 77 2004
65 78 2011
65 79 1641
65 80 451
65 81 1398
65 82 1664
65 83 1332
65 84 884
65 85 1945
65 86 1468
65 87 1471
65 88 1000
65 89 1322
65 90 543
65 91 1239
65 92 1521
65 93 1005
65 94 1699
65 95 1612
65 96 1992
65 97 360
65 98 1759
65 99 641
65 100 2165
66 67 1156
66 68 1146
66 69 2415
66 70 1008
66 71 1892
66 72 1459
66 73 1968
66 74 2082
66 75 720
66 76 2030
66 77 1320
66 78 1365
66 79 2275
66 80 748
66 81 1982
66 82 1028
66 83 2020
66 84 1484
66 85 1257
66 86 1100
66 87 986
66 88 1667
66 89 1902
66 90 518
66 91 647
66 92 876
66 93 389
66 94 1247
66 95 2228
66 96 1303
66 97 876
66 98 2417
66 99 1264
66 100 1586
67 68 2275
67 69 3359
67 70 768
67 71 3014
67 72 2610
67 73 3049
67 74 3008
67 75 442
67 76 2894
67 77 1038
67 78 1366
67 79 3381
67 80 1517
67 81 3117
67 82 247
67 83 3012
67 84 2269
67 85 902
67 86 1870
67 87 374
67 88 2553
67 89 3038
67 90 1667
67 91 1265
67 92 359
67 93 1182
67 94 1843
67 95 2946
67 96 856
67 97 1740
67 98 3226
67 99 2122
67 100 1780
68 69 2095
68 70 1880
68 71 1161
68 72 630
68 73 1390
68 74 1869
68 75 1855
68 76 1945
68 77 2063
68 78 1891
68 79 1553
68 80 1413
68 81 1171
68 82 2107
68 83 1679
68 84 1707
68 85 2068
68 86 956
68 87 2132
68 88 1651
68 89 1099
68 90 635
68 91 1196
68 92 1952
68 93 1132
68 94 1239
68 95 2325
68 96 2145
68 97 1324
68 98 2341
68 99 1475
68 100 1842
69 70 3422
69 71 1062
69 72 1497
69 73 764
69 74 352
69 75 2951
69 76 520
69 77 3729
69 78 3712
69 79 890
69 80 1842
69 81 1163
69 82 3336
69 83 423
69 84 1132
69 85 3671
69 86 2983
69 87 3025
69 88 810
69 89 1183
69 90 2147
69 91 2930
69 92 3205
69 93 2717
69 94 3257
69 95 826
69 96 3717
69 97 1623
69 98 515
69 99 1239
69 100 3806
70 71 2845
70 72 2362
70 73 2954
70 74 3088
70 75 721
70 76 3026
70 77 353
70 78 606
70 79 3241
70 80 1674
70 81 2917
70 82 524
70 83 3027
70 84 2451
70 85 255
70 86 1227
70 87 979
70 88 2664
70 89 2836
70 90 1388
70 91 695
70 92 474
70 93 772
70 94 1133
70 95 3187
70 96 295
70 97 1850
70 98 3404
70 99 2248
70 100 1012
71 72 533
71 73 300
71 74 978
71 75 2573
71 76 1156
71 77 3095
71 78 2988
71 79 403
71 80 1636
71 81 152
71 82 2916
71 83 725
71 84 1335
71 85 3070
71 86 2112
71 87 2755
71 88 1059
71 89 127
71 90 1458
71 91 2229
71 92 2766
71 93 2076
71 94 2395
71 95 1606
71 96 3134
71 97 1421
71 98 1463
71 99 1232
71 100 2989
72 73 765
72 74 1313
72 75 2169
72 76 1431
72 77 2593
72 78 2467
72 79 931
72 80 1390
72 81 565
72 82 2486
72 83 1095
72 84 1367
72 85 2577
72 86 1579
72 87 2391
72 88 1203
72 89 487
72 90 979
72 91 1721
72 92 2332
72 93 1589
72 94 1862
72 95 1853
72 96 2645
72 97 1214
72 98 1803
72 99 1182
72 100 2457
73 74 690
73 75 2613
73 76 882
73 77 3226
73 78 3149
73 79 363
73 80 1598
73 81 420
73 82 2974
73 83 434
73 84 1161
73 85 3189
73 86 2323
73 87 2763
73 88 848
73 89 425
73 90 1587
73 91 2376
73 92 2828
73 93 2199
73 94 2604
73 95 1332
73 96 3247
73 97 1371
73 98 1167
73 99 1108
73 100 3184
74 75 2603
74 76 225
74 77 3401
74 78 3399
74 79 946
74 80 1492
74 81 1109
74 82 2988
74 83 256
74 84 785
74 85 3339
74 86 2715
74 87 2674
74 88 458
74 89 1105
74 90 1847
74 91 2619
74 92 2860
74 93 2398
74 94 2982
74 95 654
74 96 3382
74 97 1274
74 98 493
74 99 887
74 100 3513
75 76 2502
75 77 1067
75 78 1304
75 79 2941
75 80 1115
75 81 2675
75 82 389
75 83 2592
75 84 1887
75 85 948
75 86 1562
75 87 328
75 88 2153
75 89 2595
75 90 1236
75 91 958
75 92 289
75 93 812
75 94 1592
75 95 2593
75 96 943
75 97 1329
75 98 2851
75 99 1721
75 100 1672
76 77 3350
76 78 3372
76 79 1163
76 80 1388
76 81 1295
76 82 2890
76 83 460
76 84 632
76 85 3279
76 86 2745
76 87 2549
76 88 363
76 89 1282
76 90 1849
76 91 2599
76 92 2768
76 93 2367
76 94 3004
76 95 451
76 96 3317
76 97 1184
76 98 406
76 99 784
76 100 3513
77 78 375
77 79 3496
77 80 2014
77 81 3155
77 82 812
77 83 3327
77 84 2787
77 85 136
77 86 1277
77 87 1303
77 88 2987
77 89 3076
77 90 1642
77 91 874
77 92 803
77 93 1027
77 94 1109
77 95 3526
77 96 203
77 97 2181
77 98 3733
77 99 2578
77 100 800
78 79 3391
78 80 2103
78 81 3032
78 82 1125
78 83 3298
78 84 2848
78 85 496
78 86 1012
78 87 1582
78 88 3010
78 89 2954
78 90 1572
78 91 782
78 92 1079
78 93 1006
78 94 796
78 95 3592
78 96 576
78 97 2241
78 98 3768
78 99 2624
78 100 427
79 80 1952
79 81 391
79 82 3293
79 83 705
79 84 1516
79 85 3468
79 86 2508
79 87 3106
79 88 1192
79 89 456
79 90 1856
79 91 2631
79 92 3145
79 93 2474
79 94 2791
79 95 1600
79 96 3531
79 97 1727
79 98 1372
79 99 1471
79 100 3388
80 81 1767
80 82 1503
80 83 1502
80 84 782
80 85 1929
80 86 1763
80 87 1191
80 88 1039
80 89 1696
80 90 891
80 91 1392
80 92 1382
80 93 1134
80 94 1955
80 95 1513
80 96 1957
80 97 230
80 98 1744
80 99 607
80 100 2334
81 82 3010
81 83 854
81 84 1486
81 85 3136
81 86 2128
81 87 2868
81 88 1210
81 89 81
81 90 1528
81 91 2284
81 92 2858
81 93 2145
81 94 2410
81 95 1746
81 96 3203
81 97 1556
81 98 1587
81 99 1380
81 100 3012
82 83 2971
82 84 2277
82 85 677
82 86 1641
82 87 506
82 88 2540
82 89 2930
82 90 1521
82 91 1042
82 92 155
82 93 988
82 94 1602
82 95 2980
82 96 643
82 97 1714
82 98 3240
82 99 2109
82 100 1536
83 84 887
83 85 3274
83 86 2560
83 87 2694
83 88 542
83 89 852
83 90 1729
83 91 2516
83 92 2835
83 93 2309
83 94 2834
83 95 905
83 96 3323
83 97 1275
83 98 739
83 99 923
83 100 3384
84 85 2706
84 86 2349
84 87 1919
84 88 345
84 89 1440
84 90 1423
84 91 2098
84 92 2161
84 93 1850
84 94 2583
84 95 744
84 96 2737
84 97 608
84 98 964
84 99 245
84 100 3036
85 86 1329
85 87 1172
85 88 2917
85 89 3056
85 90 1613
85 91 872
85 92 676
85 93 994
85 94 1184
85 95 3442
85 96 90
85 97 2104
85 98 3658
85 99 2503
85 100 923
86 87 1890
86 88 2406
86 89 2055
86 90 926
86 91 609
86 92 1511
86 93 777
86 94 283
86 95 3059
86 96 1418
86 97 1800
86 98 3151
86 99 2104
86 100 889
87 88 2216
87 89 2790
87 90 1501
87 91 1287
87 92 505
87 93 1133
87 94 1919
87 95 2582
87 96 1146
87 97 1419
87 98 2870
87 99 1787
87 100 1969
88 89 1175
88 90 1499
88 91 2239
88 92 2414
88 93 2005
88 94 2660
88 95 673
88 96 2956
88 97 827
88 98 759
88 99 432
88 100 3157
89 90 1448
89 91 2205
89 92 2778
89 93 2065
89 94 2338
89 95 1732
89 96 3123
89 97 1487
89 98 1589
89 99 1324
89 100 2938
90 91 792
90 92 1366
90 93 619
90 94 1165
90 95 2139
90 96 1677
90 97 886
90 98 2254
90 99 1179
90 100 1667
91 92 906
91 93 258
91 94 650
91 95 2839
91 96 949
91 97 1498
91 98 2998
91 99 1866
91 100 943
92 93 837
92 94 1489
92 95 2874
92 96 661
92 97 1588
92 98 3124
92 99 1985
92 100 1473
93 94 879
93 95 2593
93 96 1058
93 97 1247
93 98 2762
93 99 1621
93 100 1199
94 95 3304
94 96 1274
94 97 2016
94 98 3410
94 99 2340
94 100 612
95 96 3469
95 97 1352
95 98 366
95 99 974
95 100 3775
96 97 2138
96 98 3692
96 99 2538
96 100 1002
97 98 1555
97 99 400
97 100 2440
98 99 1156
98 100 3916
99 100 2801
