105 5564
1 2 31
1 3 309
1 4 1210
1 5 1151
1 6 150
1 7 181
1 8 598
1 9 697
1 10 299
1 11 331
1 12 488
1 13 1275
1 14 1227
1 15 473
1 16 763
1 17 846
1 18 819
1 19 715
1 20 624
1 21 579
1 22 610
1 23 661
1 24 747
1 25 847
1 26 870
1 27 773
1 28 691
1 29 642
1 30 717
1 31 757
1 32 787
1 33 849
1 34 1461
1 35 1428
1 36 1084
1 37 1147
1 38 1655
1 39 1631
1 40 1220
1 41 1357
1 42 1409
1 43 1424
1 44 1367
1 45 1317
1 46 1482
1 47 1427
1 48 1380
1 49 1358
1 50 1442
1 51 1487
1 52 1540
1 53 1598
1 54 1548
1 55 1504
1 56 1567
1 57 1608
1 58 1657
1 59 1673
1 60 2123
1 61 2115
1 62 1933
1 63 1972
1 64 2046
1 65 2382
1 66 2379
1 67 2130
1 68 2160
1 69 2228
1 70 2264
1 71 2182
1 72 2226
1 73 2253
1 74 2289
1 75 2326
1 76 2292
1 77 2265
1 78 2269
1 79 2296
1 80 2322
1 81 2356
1 82 2300
1 83 2341
1 84 2344
1 85 2418
1 86 2451
1 87 2744
1 88 2745
1 89 2627
1 90 2658
1 91 2693
1 92 2724
1 93 2756
1 94 3023
1 95 3027
1 96 2843
1 97 2874
1 98 2928
1 99 2957
1 100 3189
1 101 2992
1 102 3024
1 103 563
1 104 1142
1 105 1743
2 3 303
2 4 1208
2 5 1147
2 6 119
2 7 150
2 8 588
2 9 687
2 10 268
2 11 300
2 12 464
2 13 1265
2 14 1216
2 15 442
2 16 743
2 17 827
2 18 797
2 19 690
2 20 596
2 21 549
2 22 579
2 23 632
2 24 721
2 25 824
2 26 847
2 27 748
2 28 662
2 29 611
2 30 686
2 31 727
2 32 756
2 33 820
2 34 1444
2 35 1410
2 36 1058
2 37 1121
2 38 1634
2 39 1609
2 40 1190
2 41 1328
2 42 1381
2 43 1396
2 44 1337
2 45 1287
2 46 1453
2 47 1397
2 48 1349
2 49 1327
2 50 1411
2 51 1457
2 52 1511
2 53 1569
2 54 1518
2 55 1474
2 56 1536
2 57 1578
2 58 1628
2 59 1642
2 60 2098
2 61 2089
2 62 1903
2 63 1943
2 64 2015
2 65 2356
2 66 2352
2 67 2099
2 68 2129
2 69 2198
2 70 2234
2 71 2151
2 72 2196
2 73 2223
2 74 2259
2 75 2296
2 76 2261
2 77 2234
2 78 2238
2 79 2265
2 80 2292
2 81 2326
2 82 2269
2 83 2310
2 84 2313
2 85 2387
2 86 2421
2 87 2716
2 88 2717
2 89 2597
2 90 2628
2 91 2662
2 92 2693
2 93 2725
2 94 2994
2 95 2998
2 96 2812
2 97 2843
2 98 2897
2 99 2927
2 100 3161
2 101 2961
2 102 2993
2 103 533
2 104 1112
2 105 1712
3 4 907
3 5 845
3 6 309
3 7 318
3 8 292
3 9 388
3 10 373
3 11 393
3 12 307
3 13 967
3 14 921
3 15 441
3 16 512
3 17 577
3 18 572
3 19 512
3 20 499
3 21 546
3 22 574
3 23 538
3 24 550
3 25 606
3 26 634
3 27 581
3 28 570
3 29 604
3 30 640
3 31 693
3 32 728
3 33 716
3 34 1175
3 35 1148
3 36 889
3 37 931
3 38 1391
3 39 1375
3 40 1146
3 41 1186
3 42 1220
3 43 1253
3 44 1226
3 45 1223
3 46 1314
3 47 1289
3 48 1285
3 49 1290
3 50 1348
3 51 1352
3 52 1376
3 53 1437
3 54 1415
3 55 1411
3 56 1474
3 57 1477
3 58 1499
3 59 1600
3 60 1899
3 61 1898
3 62 1790
3 63 1815
3 64 1945
3 65 2174
3 66 2178
3 67 2054
3 68 2086
3 69 2094
3 70 2117
3 71 2114
3 72 2135
3 73 2138
3 74 2153
3 75 2191
3 76 2177
3 77 2174
3 78 2201
3 79 2205
3 80 2208
3 81 2222
3 82 2232
3 83 2270
3 84 2265
3 85 2349
3 86 2354
3 87 2552
3 88 2560
3 89 2502
3 90 2522
3 91 2631
3 92 2662
3 93 2661
3 94 2841
3 95 2851
3 96 2780
3 97 2811
3 98 2807
3 99 2826
3 100 3013
3 101 2929
3 102 2960
3 103 488
3 104 1023
3 105 1638
4 5 71
4 6 1208
4 7 1209
4 8 654
4 9 555
4 10 1222
4 11 1227
4 12 947
4 13 307
4 14 345
4 15 1174
4 16 765
4 17 686
4 18 777
4 19 908
4 20 1068
4 21 1226
4 22 1238
4 23 1085
4 24 929
4 25 801
4 26 821
4 27 946
4 28 1100
4 29 1251
4 30 1210
4 31 1260
4 32 1291
4 33 1136
4 34 717
4 35 751
4 36 1043
4 37 990
4 38 1024
4 39 1057
4 40 1537
4 41 1298
4 42 1258
4 43 1342
4 44 1422
4 45 1544
4 46 1398
4 47 1475
4 48 1593
4 49 1663
4 50 1643
4 51 1529
4 52 1455
4 53 1512
4 54 1583
4 55 1694
4 56 1745
4 57 1639
4 58 1570
4 59 1901
4 60 1638
4 61 1671
4 62 1856
4 63 1831
4 64 2118
4 65 1945
4 66 1978
4 67 2283
4 68 2318
4 69 2147
4 70 2126
4 71 2361
4 72 2312
4 73 2243
4 74 2193
4 75 2230
4 76 2280
4 77 2348
4 78 2438
4 79 2376
4 80 2309
4 81 2260
4 82 2465
4 83 2494
4 84 2466
4 85 2571
4 86 2493
4 87 2355
4 88 2387
4 89 2541
4 90 2524
4 91 2851
4 92 2879
4 93 2782
4 94 2662
4 95 2694
4 96 2988
4 97 3016
4 98 2838
4 99 2825
4 100 2843
4 101 3125
4 102 3154
4 103 1141
4 104 1343
4 105 1845
5 6 1144
5 7 1145
5 8 587
5 9 487
5 10 1155
5 11 1160
5 12 878
5 13 282
5 14 307
5 15 1104
5 16 695
5 17 617
5 18 707
5 19 838
5 20 998
5 21 1155
5 22 1167
5 23 1014
5 24 858
5 25 732
5 26 753
5 27 876
5 28 1030
5 29 1180
5 30 1140
5 31 1190
5 32 1220
5 33 1066
5 34 688
5 35 716
5 36 979
5 37 929
5 38 994
5 39 1023
5 40 1471
5 41 1240
5 42 1202
5 43 1285
5 44 1361
5 45 1479
5 46 1342
5 47 1415
5 48 1529
5 49 1597
5 50 1580
5 51 1470
5 52 1399
5 53 1457
5 54 1525
5 55 1632
5 56 1684
5 57 1581
5 58 1516
5 59 1839
5 60 1607
5 61 1638
5 62 1805
5 63 1782
5 64 2062
5 65 1914
5 66 1945
5 67 2225
5 68 2260
5 69 2098
5 70 2079
5 71 2303
5 72 2257
5 73 2192
5 74 2145
5 75 2183
5 76 2228
5 77 2293
5 78 2381
5 79 2322
5 80 2258
5 81 2213
5 82 2408
5 83 2438
5 84 2411
5 85 2514
5 86 2441
5 87 2324
5 88 2354
5 89 2494
5 90 2480
5 91 2796
5 92 2824
5 93 2731
5 94 2631
5 95 2661
5 96 2933
5 97 2962
5 98 2794
5 99 2782
5 100 2812
5 101 3071
5 102 3101
5 103 1071
5 104 1278
5 105 1786
6 7 31
6 8 565
6 9 667
6 10 149
6 11 181
6 12 382
6 13 1236
6 14 1182
6 15 327
6 16 672
6 17 763
6 18 723
6 19 602
6 20 491
6 21 431
6 22 462
6 23 525
6 24 631
6 25 747
6 26 767
6 27 654
6 28 554
6 29 493
6 30 571
6 31 610
6 32 639
6 33 712
6 34 1384
6 35 1345
6 36 960
6 37 1029
6 38 1557
6 39 1529
6 40 1072
6 41 1222
6 42 1279
6 43 1289
6 44 1226
6 45 1170
6 46 1346
6 47 1285
6 48 1232
6 49 1208
6 50 1294
6 51 1345
6 52 1403
6 53 1460
6 54 1404
6 55 1356
6 56 1418
6 57 1465
6 58 1518
6 59 1524
6 60 2003
6 61 1991
6 62 1790
6 63 1832
6 64 1898
6 65 2255
6 66 2250
6 67 1981
6 68 2011
6 69 2084
6 70 2121
6 71 2032
6 72 2078
6 73 2107
6 74 2144
6 75 2182
6 76 2145
6 77 2116
6 78 2119
6 79 2147
6 80 2175
6 81 2212
6 82 2150
6 83 2191
6 84 2194
6 85 2268
6 86 2303
6 87 2611
6 88 2610
6 89 2481
6 90 2514
6 91 2543
6 92 2574
6 93 2607
6 94 2886
6 95 2889
6 96 2693
6 97 2724
6 98 2781
6 99 2811
6 100 3052
6 101 2842
6 102 2874
6 103 421
6 104 998
6 105 1596
7 8 562
7 9 664
7 10 118
7 11 150
7 12 364
7 13 1230
7 14 1175
7 15 297
7 16 655
7 17 748
7 18 705
7 19 581
7 20 464
7 21 401
7 22 431
7 23 498
7 24 608
7 25 728
7 26 747
7 27 631
7 28 526
7 29 463
7 30 541
7 31 580
7 32 608
7 33 684
7 34 1369
7 35 1329
7 36 935
7 37 1006
7 38 1538
7 39 1509
7 40 1041
7 41 1195
7 42 1253
7 43 1262
7 44 1197
7 45 1140
7 46 1318
7 47 1256
7 48 1202
7 49 1178
7 50 1264
7 51 1315
7 52 1375
7 53 1432
7 54 1375
7 55 1326
7 56 1388
7 57 1435
7 58 1490
7 59 1493
7 60 1978
7 61 1966
7 62 1761
7 63 1803
7 64 1867
7 65 2229
7 66 2223
7 67 1950
7 68 1980
7 69 2054
7 70 2092
7 71 2001
7 72 2047
7 73 2076
7 74 2115
7 75 2152
7 76 2115
7 77 2086
7 78 2088
7 79 2116
7 80 2145
7 81 2182
7 82 2119
7 83 2160
7 84 2163
7 85 2237
7 86 2272
7 87 2583
7 88 2582
7 89 2451
7 90 2484
7 91 2512
7 92 2543
7 93 2577
7 94 2858
7 95 2861
7 96 2662
7 97 2693
7 98 2751
7 99 2781
7 100 3023
7 101 2811
7 102 2843
7 103 392
7 104 969
7 105 1565
8 9 102
8 10 568
8 11 573
8 12 312
8 13 677
8 14 629
8 15 536
8 16 307
8 17 331
8 18 363
8 19 386
8 20 481
8 21 608
8 22 627
8 23 510
8 24 423
8 25 402
8 26 434
8 27 453
8 28 535
8 29 647
8 30 637
8 31 693
8 32 728
8 33 637
8 34 891
8 35 869
8 36 716
8 37 731
8 38 1125
8 39 1116
8 40 1087
8 41 1023
8 42 1036
8 43 1086
8 44 1094
8 45 1138
8 46 1149
8 47 1157
8 48 1198
8 49 1229
8 50 1259
8 51 1219
8 52 1212
8 53 1275
8 54 1282
8 55 1319
8 56 1380
8 57 1345
8 58 1338
8 59 1521
8 60 1665
8 61 1672
8 62 1637
8 63 1648
8 64 1830
8 65 1952
8 66 1963
8 67 1960
8 68 1993
8 69 1944
8 70 1955
8 71 2028
8 72 2025
8 73 2004
8 74 2000
8 75 2039
8 76 2043
8 77 2063
8 78 2112
8 79 2094
8 80 2074
8 81 2070
8 82 2142
8 83 2178
8 84 2165
8 85 2257
8 86 2235
8 87 2343
8 88 2356
8 89 2354
8 90 2364
8 91 2543
8 92 2573
8 93 2540
8 94 2639
8 95 2655
8 96 2689
8 97 2719
8 98 2661
8 99 2671
8 100 2815
8 101 2835
8 102 2866
8 103 526
8 104 926
8 105 1526
9 10 668
9 11 672
9 12 398
9 13 579
9 14 533
9 15 625
9 16 317
9 17 308
9 18 363
9 19 426
9 20 548
9 21 689
9 22 705
9 23 574
9 24 459
9 25 402
9 26 433
9 27 487
9 28 596
9 29 723
9 30 702
9 31 757
9 32 791
9 33 679
9 34 815
9 35 799
9 36 716
9 37 717
9 38 1064
9 39 1060
9 40 1124
9 41 1021
9 42 1024
9 43 1082
9 44 1105
9 45 1166
9 46 1145
9 47 1166
9 48 1224
9 49 1264
9 50 1283
9 51 1228
9 52 1208
9 53 1270
9 54 1290
9 55 1342
9 56 1402
9 57 1352
9 58 1333
9 59 1547
9 60 1622
9 61 1632
9 62 1633
9 63 1638
9 64 1840
9 65 1914
9 66 1928
9 67 1978
9 68 2012
9 69 1940
9 70 1945
9 71 2048
9 72 2036
9 73 2007
9 74 1995
9 75 2033
9 76 2046
9 77 2074
9 78 2131
9 79 2105
9 80 2076
9 81 2064
9 82 2161
9 83 2196
9 84 2180
9 85 2275
9 86 2242
9 87 2310
9 88 2326
9 89 2349
9 90 2355
9 91 2560
9 92 2590
9 93 2546
9 94 2609
9 95 2627
9 96 2705
9 97 2736
9 98 2656
9 99 2662
9 100 2787
9 101 2850
9 102 2881
9 103 605
9 104 953
9 105 1540
10 11 32
10 12 313
10 13 1213
10 14 1154
10 15 188
10 16 603
10 17 701
10 18 647
10 19 508
10 20 369
10 21 285
10 22 316
10 23 400
10 24 531
10 25 664
10 26 680
10 27 550
10 28 425
10 29 347
10 30 429
10 31 465
10 32 492
10 33 580
10 34 1317
10 35 1273
10 36 844
10 37 920
10 38 1468
10 39 1435
10 40 924
10 41 1092
10 42 1154
10 43 1159
10 44 1087
10 45 1024
10 46 1213
10 47 1146
10 48 1086
10 49 1060
10 50 1148
10 51 1204
10 52 1269
10 53 1325
10 54 1263
10 55 1210
10 56 1272
10 57 1323
10 58 1382
10 59 1375
10 60 1886
10 61 1871
10 62 1649
10 63 1694
10 64 1751
10 65 2131
10 66 2123
10 67 1832
10 68 1862
10 69 1941
10 70 1980
10 71 1883
10 72 1930
10 73 1961
10 74 2001
10 75 2039
10 76 1999
10 77 1968
10 78 1970
10 79 1999
10 80 2029
10 81 2068
10 82 2001
10 83 2042
10 84 2046
10 85 2119
10 86 2155
10 87 2480
10 88 2477
10 89 2336
10 90 2371
10 91 2394
10 92 2425
10 93 2459
10 94 2752
10 95 2753
10 96 2544
10 97 2575
10 98 2635
10 99 2667
10 100 2916
10 101 2693
10 102 2725
10 103 287
10 104 858
10 105 1450
11 12 306
11 13 1210
11 14 1150
11 15 160
11 16 592
11 17 692
11 18 634
11 19 492
11 20 346
11 21 255
11 22 285
11 23 375
11 24 512
11 25 650
11 26 664
11 27 531
11 28 400
11 29 316
11 30 400
11 31 434
11 32 461
11 33 553
11 34 1305
11 35 1260
11 36 820
11 37 898
11 38 1450
11 39 1416
11 40 892
11 41 1065
11 42 1128
11 43 1131
11 44 1058
11 45 993
11 46 1185
11 47 1116
11 48 1055
11 49 1028
11 50 1116
11 51 1174
11 52 1241
11 53 1296
11 54 1233
11 55 1178
11 56 1240
11 57 1293
11 58 1353
11 59 1343
11 60 1861
11 61 1846
11 62 1619
11 63 1665
11 64 1720
11 65 2105
11 66 2096
11 67 1800
11 68 1830
11 69 1910
11 70 1950
11 71 1851
11 72 1898
11 73 1930
11 74 1971
11 75 2008
11 76 1968
11 77 1937
11 78 1938
11 79 1967
11 80 1998
11 81 2038
11 82 1969
11 83 2010
11 84 2014
11 85 2087
11 86 2123
11 87 2452
11 88 2449
11 89 2305
11 90 2340
11 91 2362
11 92 2393
11 93 2428
11 94 2723
11 95 2724
11 96 2512
11 97 2543
11 98 2604
11 99 2636
11 100 2886
11 101 2661
11 102 2693
11 103 260
11 104 828
11 105 1418
12 13 907
12 14 845
12 15 227
12 16 292
12 17 389
12 18 341
12 19 227
12 20 197
12 21 296
12 22 317
12 23 235
12 24 260
12 25 364
12 26 385
12 27 289
12 28 266
12 29 340
12 30 349
12 31 405
12 32 441
12 33 409
12 34 1008
12 35 966
12 36 602
12 37 659
12 38 1175
12 39 1148
12 40 843
12 41 889
12 42 931
12 43 956
12 44 922
12 45 916
12 46 1016
12 47 984
12 48 979
12 49 988
12 50 1042
12 51 1047
12 52 1077
12 53 1138
12 54 1109
12 55 1105
12 56 1168
12 57 1172
12 58 1199
12 59 1296
12 60 1636
12 61 1629
12 62 1487
12 63 1516
12 64 1638
12 65 1899
12 66 1898
12 67 1748
12 68 1780
12 69 1790
12 70 1815
12 71 1809
12 72 1828
12 73 1831
12 74 1849
12 75 1887
12 76 1870
12 77 1867
12 78 1896
12 79 1898
12 80 1901
12 81 1918
12 82 1927
12 83 1965
12 84 1959
12 85 2044
12 86 2047
12 87 2268
12 88 2272
12 89 2196
12 90 2219
12 91 2327
12 92 2357
12 93 2354
12 94 2552
12 95 2560
12 96 2475
12 97 2506
12 98 2502
12 99 2522
12 100 2722
12 101 2623
12 102 2655
12 103 217
12 104 716
12 105 1331
13 14 71
13 15 1120
13 16 654
13 17 555
13 18 642
13 19 796
13 20 975
13 21 1145
13 22 1150
13 23 981
13 24 804
13 25 652
13 26 663
13 27 813
13 28 988
13 29 1155
13 30 1094
13 31 1136
13 32 1161
13 33 982
13 34 410
13 35 445
13 36 824
13 37 753
13 38 717
13 39 751
13 40 1334
13 41 1043
13 42 990
13 43 1079
13 44 1177
13 45 1322
13 46 1131
13 47 1225
13 48 1365
13 49 1447
13 50 1409
13 51 1275
13 52 1184
13 53 1239
13 54 1325
13 55 1455
13 56 1502
13 57 1376
13 58 1293
13 59 1658
13 60 1331
13 61 1364
13 62 1572
13 63 1540
13 64 1845
13 65 1638
13 66 1671
13 67 2017
13 68 2052
13 69 1856
13 70 1831
13 71 2097
13 72 2037
13 73 1958
13 74 1901
13 75 1938
13 76 1994
13 77 2071
13 78 2171
13 79 2099
13 80 2022
13 81 1967
13 82 2197
13 83 2224
13 84 2193
13 85 2299
13 86 2210
13 87 2048
13 88 2080
13 89 2245
13 90 2226
13 91 2576
13 92 2604
13 93 2493
13 94 2355
13 95 2387
13 96 2710
13 97 2737
13 98 2541
13 99 2524
13 100 2536
13 101 2844
13 102 2873
13 103 1063
13 104 1136
13 105 1585
14 15 1056
14 16 587
14 17 487
14 18 573
14 19 728
14 20 908
14 21 1078
14 22 1082
14 23 913
14 24 736
14 25 583
14 26 593
14 27 744
14 28 919
14 29 1088
14 30 1024
14 31 1067
14 32 1091
14 33 911
14 34 383
14 35 409
14 36 755
14 37 685
14 38 688
14 39 716
14 40 1265
14 41 979
14 42 929
14 43 1017
14 44 1112
14 45 1254
14 46 1071
14 47 1161
14 48 1298
14 49 1379
14 50 1343
14 51 1211
14 52 1125
14 53 1180
14 54 1262
14 55 1389
14 56 1437
14 57 1315
14 58 1236
14 59 1593
14 60 1301
14 61 1331
14 62 1517
14 63 1489
14 64 1786
14 65 1607
14 66 1638
14 67 1957
14 68 1991
14 69 1805
14 70 1782
14 71 2036
14 72 1979
14 73 1904
14 74 1850
14 75 1888
14 76 1940
14 77 2014
14 78 2111
14 79 2042
14 80 1969
14 81 1917
14 82 2138
14 83 2165
14 84 2135
14 85 2241
14 86 2156
14 87 2017
14 88 2047
14 89 2197
14 90 2180
14 91 2519
14 92 2546
14 93 2441
14 94 2324
14 95 2354
14 96 2653
14 97 2681
14 98 2494
14 99 2480
14 100 2505
14 101 2788
14 102 2818
14 103 997
14 104 1066
14 105 1523
15 16 476
15 17 578
15 18 509
15 19 356
15 20 192
15 21 111
15 22 142
15 23 217
15 24 370
15 25 519
15 26 529
15 27 384
15 28 240
15 29 174
15 30 244
15 31 285
15 32 315
15 33 393
15 34 1176
15 35 1127
15 36 663
15 37 744
15 38 1304
15 39 1267
15 40 750
15 41 905
15 42 968
15 43 971
15 44 900
15 45 845
15 46 1025
15 47 959
15 48 907
15 49 889
15 50 969
15 51 1018
15 52 1081
15 53 1137
15 54 1078
15 55 1032
15 56 1094
15 57 1138
15 58 1194
15 59 1204
15 60 1702
15 61 1687
15 62 1464
15 63 1507
15 64 1573
15 65 1944
15 66 1935
15 67 1662
15 68 1692
15 69 1757
15 70 1795
15 71 1716
15 72 1755
15 73 1781
15 74 1817
15 75 1855
15 76 1819
15 77 1794
15 78 1803
15 79 1825
15 80 1849
15 81 1885
15 82 1834
15 83 1874
15 84 1875
15 85 1952
15 86 1979
15 87 2292
15 88 2289
15 89 2155
15 90 2187
15 91 2230
15 92 2261
15 93 2285
15 94 2564
15 95 2565
15 96 2380
15 97 2411
15 98 2455
15 99 2484
15 100 2728
15 101 2529
15 102 2561
15 103 100
15 104 672
15 105 1270
16 17 102
16 18 60
16 19 145
16 20 321
16 21 491
16 22 496
16 23 329
16 24 164
16 25 97
16 26 128
16 27 184
16 28 339
16 29 502
16 30 448
16 31 496
16 32 526
16 33 378
16 34 715
16 35 674
16 36 409
16 37 429
16 38 891
16 39 869
16 40 813
16 41 716
16 42 731
16 43 779
16 44 790
16 45 850
16 46 842
16 47 853
16 48 908
16 49 951
16 50 966
16 51 915
16 52 905
16 53 968
16 54 977
16 55 1026
16 56 1085
16 57 1040
16 58 1031
16 59 1231
16 60 1388
16 61 1388
16 62 1330
16 63 1342
16 64 1526
16 65 1665
16 66 1672
16 67 1661
16 68 1695
16 69 1637
16 70 1648
16 71 1731
16 72 1722
16 73 1698
16 74 1693
16 75 1732
16 76 1737
16 77 1760
16 78 1815
16 79 1791
16 80 1768
16 81 1763
16 82 1845
16 83 1879
16 84 1865
16 85 1959
16 86 1931
16 87 2049
16 88 2060
16 89 2047
16 90 2058
16 91 2244
16 92 2274
16 93 2235
16 94 2343
16 95 2356
16 96 2390
16 97 2420
16 98 2354
16 99 2364
16 100 2517
16 101 2535
16 102 2566
16 103 411
16 104 637
16 105 1225
17 18 91
17 19 241
17 20 421
17 21 592
17 22 595
17 23 426
17 24 251
17 25 116
17 26 141
17 27 264
17 28 433
17 29 600
17 30 540
17 31 586
17 32 613
17 33 450
17 34 621
17 35 583
17 36 414
17 37 409
17 38 814
17 39 798
17 40 864
17 41 715
17 42 716
17 43 775
17 44 806
17 45 888
17 46 838
17 47 867
17 48 943
17 49 997
17 50 1000
17 51 928
17 52 900
17 53 963
17 54 989
17 55 1056
17 56 1114
17 57 1050
17 58 1026
17 59 1264
17 60 1336
17 61 1341
17 62 1326
17 63 1330
17 64 1539
17 65 1621
17 66 1632
17 67 1683
17 68 1717
17 69 1632
17 70 1637
17 71 1755
17 72 1736
17 73 1701
17 74 1687
17 75 1726
17 76 1740
17 77 1774
17 78 1837
17 79 1804
17 80 1771
17 81 1757
17 82 1867
17 83 1900
17 84 1882
17 85 1979
17 86 1939
17 87 2012
17 88 2026
17 89 2042
17 90 2047
17 91 2264
17 92 2294
17 93 2241
17 94 2309
17 95 2325
17 96 2408
17 97 2438
17 98 2348
17 99 2354
17 100 2485
17 101 2552
17 102 2583
17 103 512
17 104 679
17 105 1243
18 19 158
18 20 340
18 21 512
18 22 513
18 23 341
18 24 163
18 25 39
18 26 71
18 27 173
18 28 346
18 29 516
18 30 452
18 31 496
18 32 523
18 33 359
18 34 671
18 35 627
18 36 355
18 37 370
18 38 836
18 39 813
18 40 780
18 41 661
18 42 674
18 43 724
18 44 741
18 45 810
18 46 787
18 47 803
18 48 867
18 49 916
18 50 924
18 51 865
18 52 850
18 53 913
18 54 927
18 55 983
18 56 1041
18 57 989
18 58 976
18 59 1189
18 60 1328
18 61 1328
18 62 1275
18 63 1285
18 64 1477
18 65 1605
18 66 1612
18 67 1615
18 68 1649
18 69 1582
18 70 1592
18 71 1686
18 72 1673
18 73 1646
18 74 1638
18 75 1677
18 76 1684
18 77 1711
18 78 1769
18 79 1741
18 80 1715
18 81 1708
18 82 1798
18 83 1833
18 84 1817
18 85 1912
18 86 1880
18 87 1990
18 88 2001
18 89 1992
18 90 2002
18 91 2197
18 92 2227
18 93 2184
18 94 2283
18 95 2297
18 96 2342
18 97 2372
18 98 2299
18 99 2308
18 100 2458
18 101 2487
18 102 2518
18 103 435
18 104 599
18 105 1177
19 20 182
19 21 354
19 22 355
19 23 185
19 24 39
19 25 163
19 26 173
19 27 71
19 28 194
19 29 360
19 30 303
19 31 352
19 32 383
19 33 254
19 34 820
19 35 771
19 36 379
19 37 432
19 38 960
19 39 929
19 40 701
19 41 674
19 42 709
19 43 741
19 44 724
19 45 752
19 46 803
19 47 787
19 48 813
19 49 843
19 50 874
19 51 850
19 52 865
19 53 927
19 54 913
19 55 936
19 56 997
19 57 976
19 58 989
19 59 1136
19 60 1409
19 61 1402
19 62 1282
19 63 1305
19 64 1454
19 65 1673
19 66 1673
19 67 1578
19 68 1612
19 69 1588
19 70 1607
19 71 1645
19 72 1648
19 73 1638
19 74 1646
19 75 1684
19 76 1677
19 77 1687
19 78 1730
19 79 1718
19 80 1708
19 81 1715
19 82 1760
19 83 1796
19 84 1785
19 85 1876
19 86 1862
19 87 2045
19 88 2050
19 89 1997
19 90 2014
19 91 2161
19 92 2191
19 93 2169
19 94 2331
19 95 2341
19 96 2308
19 97 2338
19 98 2303
19 99 2319
19 100 2503
19 101 2454
19 102 2486
19 103 278
19 104 542
19 105 1149
20 21 172
20 22 175
20 23 39
20 24 186
20 25 342
20 26 347
20 27 195
20 28 71
20 29 183
20 30 157
20 31 213
20 32 249
20 33 227
20 34 994
20 35 942
20 36 475
20 37 553
20 38 1113
20 39 1075
20 40 647
20 41 733
20 42 789
20 43 800
20 44 747
20 45 724
20 46 857
20 47 808
20 48 787
20 49 792
20 50 850
20 51 869
20 52 915
20 53 974
20 54 931
20 55 913
20 56 976
20 57 993
20 58 1034
20 59 1101
20 60 1517
20 61 1503
20 62 1314
20 63 1349
20 64 1450
20 65 1765
20 66 1759
20 67 1555
20 68 1587
20 69 1613
20 70 1644
20 71 1615
20 72 1638
20 73 1648
20 74 1673
20 75 1711
20 76 1687
20 77 1677
20 78 1702
20 79 1708
20 80 1718
20 81 1742
20 82 1733
20 83 1771
20 84 1767
20 85 1850
20 86 1859
20 87 2121
20 88 2121
20 89 2017
20 90 2043
20 91 2132
20 92 2163
20 93 2166
20 94 2398
20 95 2403
20 96 2281
20 97 2312
20 98 2321
20 99 2345
20 100 2565
20 101 2429
20 102 2461
20 103 99
20 104 530
20 105 1143
21 22 31
21 23 177
21 24 356
21 25 513
21 26 517
21 27 361
21 28 187
21 29 63
21 30 148
21 31 179
21 32 207
21 33 317
21 34 1162
21 35 1108
21 36 603
21 37 692
21 38 1264
21 39 1223
21 40 641
21 41 822
21 42 892
21 43 887
21 44 806
21 45 739
21 46 939
21 47 863
21 48 801
21 49 780
21 50 863
21 51 921
21 52 992
21 53 1047
21 54 979
21 55 925
21 56 987
21 57 1038
21 58 1102
21 59 1095
21 60 1632
21 61 1612
21 62 1365
21 63 1412
21 64 1467
21 65 1864
21 66 1853
21 67 1552
21 68 1583
21 69 1656
21 70 1696
21 71 1606
21 72 1647
21 73 1676
21 74 1716
21 75 1753
21 76 1714
21 77 1686
21 78 1693
21 79 1717
21 80 1744
21 81 1783
21 82 1724
21 83 1764
21 84 1766
21 85 1842
21 86 1872
21 87 2204
21 88 2199
21 89 2051
21 90 2085
21 91 2119
21 92 2150
21 93 2177
21 94 2472
21 95 2472
21 96 2269
21 97 2300
21 98 2350
21 99 2381
21 100 2635
21 101 2418
21 102 2450
21 103 84
21 104 574
21 105 1165
22 23 173
22 24 354
22 25 512
22 26 514
22 27 356
22 28 178
22 29 32
22 30 123
22 31 150
22 32 177
22 33 296
22 34 1155
22 35 1100
22 36 585
22 37 677
22 38 1251
22 39 1208
22 40 610
22 41 797
22 42 869
22 43 862
22 44 778
22 45 709
22 46 913
22 47 835
22 48 771
22 49 749
22 50 832
22 51 892
22 52 966
22 53 1020
22 54 950
22 55 894
22 56 957
22 57 1009
22 58 1075
22 59 1064
22 60 1609
22 61 1589
22 62 1336
22 63 1384
22 64 1436
22 65 1840
22 66 1828
22 67 1521
22 68 1552
22 69 1626
22 70 1667
22 71 1575
22 72 1616
22 73 1646
22 74 1687
22 75 1724
22 76 1684
22 77 1655
22 78 1662
22 79 1686
22 80 1714
22 81 1753
22 82 1693
22 83 1733
22 84 1735
22 85 1811
22 86 1841
22 87 2178
22 88 2172
22 89 2021
22 90 2055
22 91 2088
22 92 2119
22 93 2146
22 94 2445
22 95 2444
22 96 2238
22 97 2269
22 98 2320
22 99 2351
22 100 2607
22 101 2387
22 102 2419
22 103 100
22 104 546
22 105 1134
23 24 181
23 25 339
23 26 341
23 27 184
23 28 32
23 29 175
23 30 129
23 31 184
23 32 218
23 33 189
23 34 984
23 35 931
23 36 445
23 37 527
23 38 1093
23 39 1054
23 40 609
23 41 697
23 42 756
23 43 764
23 44 709
23 45 685
23 46 821
23 47 770
23 48 748
23 49 754
23 50 811
23 51 831
23 52 879
23 53 937
23 54 893
23 55 874
23 56 937
23 57 954
23 58 996
23 59 1062
23 60 1486
23 61 1472
23 62 1276
23 63 1312
23 64 1411
23 65 1732
23 66 1725
23 67 1516
23 68 1548
23 69 1575
23 70 1606
23 71 1577
23 72 1599
23 73 1609
23 74 1635
23 75 1673
23 76 1648
23 77 1638
23 78 1663
23 79 1669
23 80 1679
23 81 1703
23 82 1694
23 83 1732
23 84 1728
23 85 1811
23 86 1820
23 87 2086
23 88 2085
23 89 1978
23 90 2005
23 91 2094
23 92 2124
23 93 2127
23 94 2362
23 95 2366
23 96 2243
23 97 2273
23 98 2282
23 99 2306
23 100 2529
23 101 2391
23 102 2423
23 103 119
23 104 491
23 105 1104
24 25 158
24 26 161
24 27 32
24 28 184
24 29 355
24 30 289
24 31 335
24 32 363
24 33 221
24 34 809
24 35 757
24 36 342
24 37 400
24 38 937
24 39 904
24 40 666
24 41 636
24 42 673
24 43 703
24 44 685
24 45 715
24 46 765
24 47 748
24 48 776
24 49 807
24 50 837
24 51 811
24 52 826
24 53 888
24 54 874
24 55 898
24 56 959
24 57 937
24 58 950
24 59 1099
24 60 1376
24 61 1369
24 62 1243
24 63 1266
24 64 1416
24 65 1639
24 66 1638
24 67 1540
24 68 1573
24 69 1549
24 70 1569
24 71 1606
24 72 1609
24 73 1599
24 74 1607
24 75 1646
24 76 1638
24 77 1648
24 78 1691
24 79 1679
24 80 1669
24 81 1676
24 82 1722
24 83 1758
24 84 1747
24 85 1837
24 86 1823
24 87 2009
24 88 2014
24 89 1958
24 90 1975
24 91 2122
24 92 2153
24 93 2130
24 94 2295
24 95 2303
24 96 2270
24 97 2300
24 98 2264
24 99 2280
24 100 2466
24 101 2416
24 102 2448
24 103 285
24 104 504
24 105 1110
25 26 32
25 27 161
25 28 341
25 29 513
25 30 443
25 31 484
25 32 509
25 33 337
25 34 657
25 35 610
25 36 316
25 37 332
25 38 811
25 39 785
25 40 749
25 41 622
25 42 635
25 43 685
25 44 703
25 45 775
25 46 748
25 47 765
25 48 831
25 49 883
25 50 889
25 51 826
25 52 811
25 53 874
25 54 888
25 55 946
25 56 1005
25 57 950
25 58 937
25 59 1153
25 60 1293
25 61 1293
25 62 1236
25 63 1246
25 64 1438
25 65 1570
25 66 1576
25 67 1577
25 68 1612
25 69 1543
25 70 1553
25 71 1649
25 72 1635
25 73 1607
25 74 1599
25 75 1638
25 76 1646
25 77 1673
25 78 1731
25 79 1703
25 80 1676
25 81 1669
25 82 1761
25 83 1795
25 84 1779
25 85 1874
25 86 1841
25 87 1953
25 88 1963
25 89 1953
25 90 1963
25 91 2160
25 92 2190
25 93 2145
25 94 2246
25 95 2259
25 96 2304
25 97 2334
25 98 2260
25 99 2269
25 100 2420
25 101 2449
25 102 2480
25 103 440
25 104 565
25 105 1139
26 27 158
26 28 339
26 29 512
26 30 437
26 31 476
26 32 499
26 33 321
26 34 648
26 35 598
26 36 284
26 37 301
26 38 791
26 39 763
26 40 723
26 41 590
26 42 603
26 43 653
26 44 672
26 45 747
26 46 716
26 47 733
26 48 803
26 49 856
26 50 859
26 51 795
26 52 779
26 53 842
26 54 857
26 55 917
26 56 975
26 57 919
26 58 905
26 59 1124
26 60 1265
26 61 1264
26 62 1204
26 63 1215
26 64 1407
26 65 1540
26 66 1546
26 67 1547
26 68 1581
26 69 1511
26 70 1521
26 71 1618
26 72 1603
26 73 1575
26 74 1567
26 75 1606
26 76 1614
26 77 1641
26 78 1701
26 79 1672
26 80 1645
26 81 1637
26 82 1730
26 83 1764
26 84 1748
26 85 1844
26 86 1809
26 87 1922
26 88 1933
26 89 1921
26 90 1931
26 91 2129
26 92 2159
26 93 2113
26 94 2215
26 95 2228
26 96 2274
26 97 2304
26 98 2228
26 99 2237
26 100 2389
26 101 2418
26 102 2449
26 103 446
26 104 537
26 105 1108
27 28 181
27 29 354
27 30 281
27 31 324
27 32 350
27 33 195
27 34 801
27 35 748
27 36 313
27 37 375
27 38 920
27 39 885
27 40 637
27 41 605
27 42 643
27 43 672
27 44 653
27 45 684
27 46 733
27 47 716
27 48 745
27 49 778
27 50 806
27 51 779
27 52 795
27 53 857
27 54 842
27 55 867
27 56 928
27 57 905
27 58 919
27 59 1068
27 60 1350
27 61 1342
27 62 1211
27 63 1235
27 64 1384
27 65 1610
27 66 1610
27 67 1508
27 68 1542
27 69 1517
27 70 1537
27 71 1575
27 72 1577
27 73 1567
27 74 1575
27 75 1614
27 76 1606
27 77 1616
27 78 1660
27 79 1647
27 80 1637
27 81 1645
27 82 1690
27 83 1727
27 84 1715
27 85 1806
27 86 1791
27 87 1979
27 88 1984
27 89 1926
27 90 1943
27 91 2091
27 92 2121
27 93 2098
27 94 2265
27 95 2273
27 96 2238
27 97 2269
27 98 2232
27 99 2248
27 100 2435
27 101 2385
27 102 2416
27 103 295
27 104 473
27 105 1078
28 29 173
28 30 110
28 31 162
28 32 195
28 33 159
28 34 978
28 35 923
28 36 423
28 37 508
28 38 1078
28 39 1037
28 40 578
28 41 669
28 42 729
28 43 736
28 44 678
28 45 653
28 46 792
28 47 739
28 48 716
28 49 722
28 50 779
28 51 800
28 52 850
28 53 908
28 54 861
28 55 842
28 56 905
28 57 923
28 58 966
28 59 1031
28 60 1462
28 61 1446
28 62 1245
28 63 1282
28 64 1379
28 65 1706
28 66 1698
28 67 1484
28 68 1516
28 69 1543
28 70 1575
28 71 1545
28 72 1567
28 73 1577
28 74 1603
28 75 1641
28 76 1616
28 77 1606
28 78 1631
28 79 1637
28 80 1647
28 81 1672
28 82 1662
28 83 1700
28 84 1696
28 85 1779
28 86 1788
28 87 2057
28 88 2056
28 89 1947
28 90 1974
28 91 2062
28 92 2093
28 93 2095
28 94 2333
28 95 2336
28 96 2211
28 97 2242
28 98 2250
28 99 2275
28 100 2499
28 101 2359
28 102 2391
28 103 140
28 104 459
28 105 1072
29 30 100
29 31 120
29 32 145
29 33 277
29 34 1150
29 35 1093
29 36 568
29 37 661
29 38 1238
29 39 1194
29 40 578
29 41 772
29 42 846
29 43 836
29 44 750
29 45 678
29 46 887
29 47 806
29 48 739
29 49 717
29 50 801
29 51 863
29 52 939
29 53 992
29 54 921
29 55 863
29 56 925
29 57 979
29 58 1047
29 59 1032
29 60 1587
29 61 1566
29 62 1307
29 63 1355
29 64 1405
29 65 1815
29 66 1802
29 67 1489
29 68 1520
29 69 1595
29 70 1637
29 71 1543
29 72 1584
29 73 1614
29 74 1656
29 75 1693
29 76 1652
29 77 1623
29 78 1630
29 79 1654
29 80 1683
29 81 1723
29 82 1661
29 83 1701
29 84 1703
29 85 1779
29 86 1809
29 87 2150
29 88 2145
29 89 1990
29 90 2025
29 91 2056
29 92 2087
29 93 2114
29 94 2417
29 95 2415
29 96 2206
29 97 2237
29 98 2289
29 99 2320
29 100 2578
29 101 2355
29 102 2387
29 103 123
29 104 517
29 105 1103
30 31 56
30 32 92
30 33 177
30 34 1063
30 35 1005
30 36 469
30 37 564
30 38 1141
30 39 1096
30 40 512
30 41 674
30 42 746
30 43 739
30 44 659
30 45 602
30 46 791
30 47 716
30 48 665
30 49 655
30 50 727
30 51 775
30 52 844
30 53 899
30 54 834
30 55 790
30 56 853
30 57 894
30 58 954
30 59 968
30 60 1487
30 61 1466
30 62 1220
30 63 1265
30 64 1331
30 65 1717
30 66 1705
30 67 1425
30 68 1456
30 69 1513
30 70 1551
30 71 1482
30 72 1515
30 73 1537
30 74 1573
30 75 1611
30 76 1575
30 77 1554
30 78 1569
30 79 1585
30 80 1606
30 81 1640
30 82 1600
30 83 1639
30 84 1638
30 85 1718
30 86 1738
30 87 2056
30 88 2051
30 89 1911
30 90 1943
30 91 1998
30 92 2029
30 93 2045
30 94 2325
30 95 2325
30 96 2147
30 97 2178
30 98 2211
30 99 2240
30 100 2487
30 101 2296
30 102 2328
30 103 158
30 104 428
30 105 1027
31 32 36
31 33 187
31 34 1090
31 35 1030
31 36 477
31 37 575
31 38 1154
31 39 1106
31 40 465
31 41 658
31 42 735
31 43 721
31 44 631
31 45 560
31 46 770
31 47 686
31 48 622
31 49 606
31 50 685
31 51 743
31 52 821
31 53 874
31 54 801
31 55 747
31 56 809
31 57 860
31 58 928
31 59 921
31 60 1477
31 61 1454
31 62 1187
31 63 1236
31 64 1289
31 65 1700
31 66 1686
31 67 1378
31 68 1409
31 69 1476
31 70 1517
31 71 1434
31 72 1470
31 73 1497
31 74 1537
31 75 1574
31 76 1535
31 77 1509
31 78 1521
31 79 1540
31 80 1565
31 81 1604
31 82 1552
31 83 1591
31 84 1591
31 85 1670
31 86 1695
31 87 2032
31 88 2026
31 89 1872
31 90 1906
31 91 1949
31 92 1980
31 93 2000
31 94 2297
31 95 2296
31 96 2098
31 97 2129
31 98 2171
31 99 2202
31 100 2458
31 101 2247
31 102 2279
31 103 207
31 104 398
31 105 986
32 33 198
32 34 1104
32 35 1043
32 36 481
32 37 581
32 38 1158
32 39 1109
32 40 434
32 41 646
32 42 726
32 43 708
32 44 611
32 45 532
32 46 755
32 47 666
32 48 594
32 49 574
32 50 656
32 51 721
32 52 805
32 53 856
32 54 778
32 55 718
32 56 780
32 57 836
32 58 909
32 59 889
32 60 1468
32 61 1443
32 62 1164
32 63 1214
32 64 1260
32 65 1686
32 66 1670
32 67 1346
32 68 1377
32 69 1451
32 70 1494
32 71 1401
32 72 1440
32 73 1469
32 74 1512
32 75 1549
32 76 1507
32 77 1479
32 78 1488
32 79 1510
32 80 1537
32 81 1578
32 82 1519
32 83 1559
32 84 1560
32 85 1637
32 86 1665
32 87 2014
32 88 2007
32 89 1845
32 90 1880
32 91 1916
32 92 1947
32 93 1970
32 94 2277
32 95 2275
32 96 2066
32 97 2097
32 98 2143
32 99 2175
32 100 2437
32 101 2214
32 102 2246
32 103 242
32 104 377
32 105 957
33 34 907
33 35 845
33 36 292
33 37 389
33 38 967
33 39 921
33 40 449
33 41 512
33 42 577
33 43 579
33 44 520
33 45 510
33 46 634
33 47 581
33 48 572
33 49 593
33 50 635
33 51 642
33 52 691
33 53 749
33 54 704
33 55 697
33 56 760
33 57 766
33 58 808
33 59 893
33 60 1315
33 61 1296
33 62 1087
33 63 1123
33 64 1229
33 65 1552
33 66 1543
33 67 1341
33 68 1374
33 69 1387
33 70 1417
33 71 1405
33 72 1419
33 73 1424
33 74 1446
33 75 1484
33 76 1462
33 77 1458
33 78 1491
33 79 1489
33 80 1493
33 81 1515
33 82 1521
33 83 1559
33 84 1551
33 85 1638
33 86 1638
33 87 1900
33 88 1898
33 89 1791
33 90 1816
33 91 1922
33 92 1952
33 93 1945
33 94 2175
33 95 2178
33 96 2070
33 97 2101
33 98 2095
33 99 2118
33 100 2340
33 101 2218
33 102 2249
33 103 293
33 104 307
33 105 922
34 35 70
34 36 654
34 37 555
34 38 307
34 39 344
34 40 1138
34 41 765
34 42 685
34 43 781
34 44 912
34 45 1092
34 46 820
34 47 946
34 48 1121
34 49 1222
34 50 1152
34 51 983
34 52 863
34 53 908
34 54 1022
34 55 1186
34 56 1222
34 57 1064
34 58 954
34 59 1375
34 60 921
34 61 955
34 62 1210
34 63 1166
34 64 1501
34 65 1228
34 66 1262
34 67 1684
34 68 1718
34 69 1479
34 70 1444
34 71 1766
34 72 1687
34 73 1590
34 74 1519
34 75 1555
34 76 1625
34 77 1719
34 78 1834
34 79 1745
34 80 1652
34 81 1583
34 82 1858
34 83 1881
34 84 1844
34 85 1953
34 86 1844
34 87 1638
34 88 1670
34 89 1856
34 90 1831
34 91 2222
34 92 2248
34 93 2117
34 94 1945
34 95 1977
34 96 2350
34 97 2376
34 98 2147
34 99 2126
34 100 2126
34 101 2479
34 102 2507
34 103 1094
34 104 947
34 105 1270
35 36 587
35 37 487
35 38 283
35 39 307
35 40 1069
35 41 695
35 42 617
35 43 712
35 44 842
35 45 1022
35 46 753
35 47 876
35 48 1051
35 49 1152
35 50 1082
35 51 914
35 52 796
35 53 842
35 54 954
35 55 1117
35 56 1153
35 57 997
35 58 890
35 59 1306
35 60 892
35 61 922
35 62 1151
35 63 1110
35 64 1439
35 65 1199
35 66 1229
35 67 1620
35 68 1654
35 69 1424
35 70 1393
35 71 1702
35 72 1626
35 73 1533
35 74 1466
35 75 1502
35 76 1568
35 77 1658
35 78 1771
35 79 1684
35 80 1595
35 81 1531
35 82 1795
35 83 1819
35 84 1783
35 85 1891
35 86 1786
35 87 1608
35 88 1638
35 89 1806
35 90 1783
35 91 2162
35 92 2189
35 93 2062
35 94 1915
35 95 1945
35 96 2291
35 97 2318
35 98 2099
35 99 2080
35 100 2096
35 101 2421
35 102 2450
35 103 1042
35 104 878
35 105 1204
36 37 102
36 38 678
36 39 629
36 40 511
36 41 307
36 42 331
36 43 371
36 44 394
36 45 502
36 46 434
36 47 453
36 48 550
36 49 624
36 50 601
36 51 514
36 52 497
36 53 560
36 54 575
36 55 654
36 56 708
36 57 636
36 58 622
36 59 861
36 60 1043
36 61 1032
36 62 921
36 63 935
36 64 1125
36 65 1298
36 66 1296
36 67 1270
36 68 1305
36 69 1228
36 70 1240
36 71 1344
36 72 1322
36 73 1291
36 74 1284
36 75 1323
36 76 1330
36 77 1360
36 78 1425
36 79 1390
36 80 1361
36 81 1354
36 82 1454
36 83 1487
36 84 1468
36 85 1566
36 86 1526
36 87 1666
36 88 1672
36 89 1638
36 90 1649
36 91 1851
36 92 1881
36 93 1830
36 94 1953
36 95 1963
36 96 1995
36 97 2024
36 98 1945
36 99 1956
36 100 2125
36 101 2138
36 102 2169
36 103 563
36 104 312
36 105 830
37 38 579
37 39 532
37 40 595
37 41 316
37 42 307
37 43 370
37 44 432
37 45 571
37 46 432
37 47 486
37 48 612
37 49 697
37 50 658
37 51 542
37 52 494
37 53 556
37 54 599
37 55 706
37 56 756
37 57 658
37 58 619
37 59 911
37 60 977
37 61 971
37 62 919
37 63 921
37 64 1146
37 65 1243
37 66 1247
37 67 1301
37 68 1335
37 69 1224
37 70 1228
37 71 1377
37 72 1342
37 73 1298
37 74 1278
37 75 1317
37 76 1336
37 77 1380
37 78 1456
37 79 1409
37 80 1367
37 81 1348
37 82 1484
37 83 1515
37 84 1493
37 85 1593
37 86 1539
37 87 1622
37 88 1632
37 89 1633
37 90 1638
37 91 1877
37 92 1906
37 93 1839
37 94 1914
37 95 1927
37 96 2018
37 97 2047
37 98 1940
37 99 1945
37 100 2088
37 101 2159
37 102 2190
37 103 646
37 104 398
37 105 860
38 39 70
38 40 1074
38 41 654
38 42 555
38 43 644
38 44 797
38 45 999
38 46 662
38 47 813
38 48 1011
38 49 1125
38 50 1027
38 51 833
38 52 687
38 53 716
38 54 857
38 55 1047
38 56 1070
38 57 884
38 58 749
38 59 1212
38 60 614
38 61 649
38 62 964
38 63 906
38 64 1270
38 65 921
38 66 955
38 67 1460
38 68 1493
38 69 1210
38 70 1166
38 71 1543
38 72 1445
38 73 1331
38 74 1245
38 75 1279
38 76 1363
38 77 1474
38 78 1604
38 79 1498
38 80 1389
38 81 1307
38 82 1626
38 83 1644
38 84 1602
38 85 1712
38 86 1584
38 87 1331
38 88 1363
38 89 1572
38 90 1540
38 91 1972
38 92 1996
38 93 1844
38 94 1638
38 95 1670
38 96 2092
38 97 2118
38 98 1856
38 99 1831
38 100 1819
38 101 2216
38 102 2243
38 103 1210
38 104 907
38 105 1077
39 40 1009
39 41 587
39 42 487
39 43 575
39 44 729
39 45 932
39 46 593
39 47 744
39 48 943
39 49 1057
39 50 958
39 51 763
39 52 617
39 53 646
39 54 786
39 55 977
39 56 1000
39 57 814
39 58 679
39 59 1141
39 60 586
39 61 615
39 62 900
39 63 844
39 64 1204
39 65 892
39 66 922
39 67 1393
39 68 1426
39 69 1151
39 70 1110
39 71 1476
39 72 1380
39 73 1270
39 74 1188
39 75 1222
39 76 1302
39 77 1410
39 78 1537
39 79 1434
39 80 1328
39 81 1250
39 82 1560
39 83 1579
39 84 1538
39 85 1648
39 86 1523
39 87 1302
39 88 1331
39 89 1518
39 90 1490
39 91 1909
39 92 1934
39 93 1786
39 94 1608
39 95 1638
39 96 2031
39 97 2057
39 98 1806
39 99 1783
39 100 1789
39 101 2156
39 102 2183
39 103 1172
39 104 845
39 105 1008
40 41 426
40 42 528
40 43 457
40 44 303
40 45 122
40 46 473
40 47 327
40 48 172
40 49 145
40 50 229
40 51 360
40 52 497
40 53 527
40 54 400
40 55 288
40 56 349
40 57 446
40 58 562
40 59 456
40 60 1197
40 61 1157
40 62 766
40 63 833
40 64 828
40 65 1362
40 66 1334
40 67 913
40 68 944
40 69 1035
40 70 1088
40 71 970
40 72 1006
40 73 1041
40 74 1096
40 75 1132
40 76 1079
40 77 1045
40 78 1057
40 79 1076
40 80 1109
40 81 1160
40 82 1088
40 83 1127
40 84 1126
40 85 1206
40 86 1231
40 87 1648
40 88 1632
40 89 1419
40 90 1460
40 91 1486
40 92 1517
40 93 1536
40 94 1891
40 95 1883
40 96 1636
40 97 1667
40 98 1715
40 99 1750
40 100 2043
40 101 1784
40 102 1816
40 103 670
40 104 199
40 105 530
41 42 102
41 43 67
41 44 148
41 45 345
41 46 128
41 47 184
41 48 362
41 49 472
41 50 388
41 51 232
41 52 191
41 53 253
41 54 285
41 55 422
41 56 463
41 57 342
41 58 316
41 59 618
41 60 824
41 61 797
41 62 614
41 63 630
41 64 830
41 65 1043
41 66 1032
41 67 986
41 68 1021
41 69 921
41 70 935
41 71 1064
41 72 1027
41 73 986
41 74 977
41 75 1016
41 76 1025
41 77 1064
41 78 1142
41 79 1093
41 80 1056
41 81 1047
41 82 1170
41 83 1200
41 84 1177
41 85 1278
41 86 1225
41 87 1388
41 88 1388
41 89 1331
41 90 1343
41 91 1561
41 92 1590
41 93 1526
41 94 1666
41 95 1672
41 96 1702
41 97 1731
41 98 1638
41 99 1649
41 100 1835
41 101 1843
41 102 1874
41 103 805
41 104 292
41 105 547
42 43 95
42 44 242
42 45 444
42 46 141
42 47 264
42 48 457
42 49 570
42 50 477
42 51 297
42 52 197
42 53 256
42 54 339
42 55 504
42 56 537
42 57 387
42 58 317
42 59 690
42 60 742
42 61 720
42 62 615
42 63 614
42 64 860
42 65 977
42 66 971
42 67 1027
42 68 1062
42 69 919
42 70 921
42 71 1107
42 72 1055
42 73 997
42 74 972
42 75 1011
42 76 1035
42 77 1091
42 78 1182
42 79 1120
42 80 1065
42 81 1042
42 82 1209
42 83 1237
42 84 1209
42 85 1313
42 86 1243
42 87 1337
42 88 1341
42 89 1327
42 90 1331
42 91 1593
42 92 1622
42 93 1539
42 94 1622
42 95 1632
42 96 1731
42 97 1760
42 98 1633
42 99 1638
42 100 1793
42 101 1870
42 102 1899
42 103 868
42 104 389
42 105 596
43 44 158
43 45 363
43 46 63
43 47 170
43 48 368
43 49 484
43 50 384
43 51 202
43 52 126
43 53 189
43 54 246
43 55 409
43 56 442
43 57 297
43 58 252
43 59 594
43 60 767
43 61 737
43 62 552
43 63 564
43 64 779
43 65 979
43 66 966
43 67 941
43 68 976
43 69 858
43 70 870
43 71 1020
43 72 975
43 73 928
43 74 914
43 75 953
43 76 966
43 77 1011
43 78 1096
43 79 1041
43 80 997
43 81 984
43 82 1123
43 83 1153
43 84 1127
43 85 1230
43 86 1169
43 87 1322
43 88 1321
43 89 1268
43 90 1278
43 91 1512
43 92 1540
43 93 1469
43 94 1599
43 95 1605
43 96 1651
43 97 1680
43 98 1575
43 99 1585
43 100 1767
43 101 1791
43 102 1821
43 103 872
43 104 346
43 105 505
44 45 205
44 46 170
44 47 63
44 48 214
44 49 328
44 50 241
44 51 126
44 52 202
44 53 246
44 54 189
44 55 279
44 56 325
44 57 252
44 58 297
44 59 481
44 60 900
44 61 863
44 62 567
44 63 607
44 64 736
44 65 1086
44 66 1065
44 67 877
44 68 911
44 69 868
44 70 898
44 71 950
44 72 932
44 73 914
44 74 928
44 75 966
44 76 953
44 77 970
44 78 1032
44 79 1001
44 80 984
44 81 997
44 82 1061
44 83 1094
44 84 1076
44 85 1173
44 86 1141
44 87 1403
44 88 1395
44 89 1275
44 90 1298
44 91 1458
44 92 1488
44 93 1446
44 94 1667
44 95 1666
44 96 1602
44 97 1632
44 98 1581
44 99 1600
44 100 1829
44 101 1746
44 102 1777
44 103 805
44 104 234
44 105 437
45 46 368
45 47 214
45 48 63
45 49 130
45 50 126
45 51 241
45 52 384
45 53 409
45 54 279
45 55 189
45 56 252
45 57 325
45 58 442
45 59 384
45 60 1083
45 61 1040
45 62 647
45 63 712
45 64 729
45 65 1242
45 66 1213
45 67 831
45 68 864
45 69 923
45 70 972
45 71 894
45 72 914
45 73 937
45 74 983
45 75 1020
45 76 975
45 77 953
45 78 980
45 79 984
45 80 1005
45 81 1049
45 82 1011
45 83 1049
45 84 1042
45 85 1128
45 86 1137
45 87 1526
45 88 1511
45 89 1313
45 90 1350
45 91 1412
45 92 1442
45 93 1443
45 94 1772
45 95 1764
45 96 1560
45 97 1591
45 98 1611
45 99 1643
45 100 1925
45 101 1707
45 102 1739
45 103 759
45 104 212
45 105 425
46 47 158
46 48 363
46 49 481
46 50 368
46 51 170
46 52 63
46 53 126
46 54 202
46 55 384
46 56 409
46 57 246
46 58 189
46 59 557
46 60 732
46 61 698
46 62 489
46 63 502
46 64 720
46 65 931
46 66 915
46 67 886
46 68 921
46 69 795
46 70 807
46 71 966
46 72 916
46 73 866
46 74 851
46 75 890
46 76 904
46 77 952
46 78 1041
46 79 981
46 80 934
46 81 921
46 82 1068
46 83 1096
46 84 1069
46 85 1173
46 86 1108
46 87 1266
46 88 1264
46 89 1205
46 90 1216
46 91 1454
46 92 1482
46 93 1407
46 94 1541
46 95 1546
46 96 1592
46 97 1621
46 98 1512
46 99 1522
46 100 1708
46 101 1732
46 102 1762
46 103 927
46 104 385
46 105 455
47 48 205
47 49 323
47 50 214
47 51 63
47 52 170
47 53 202
47 54 126
47 55 241
47 56 279
47 57 189
47 58 246
47 59 434
47 60 870
47 61 830
47 62 506
47 63 549
47 64 674
47 65 1043
47 66 1020
47 67 818
47 68 852
47 69 806
47 70 837
47 71 892
47 72 870
47 73 851
47 74 866
47 75 904
47 76 890
47 77 908
47 78 973
47 79 939
47 80 921
47 81 934
47 82 1002
47 83 1034
47 84 1015
47 85 1113
47 86 1078
47 87 1351
47 88 1342
47 89 1212
47 90 1236
47 91 1398
47 92 1427
47 93 1384
47 94 1611
47 95 1610
47 96 1541
47 97 1571
47 98 1518
47 99 1538
47 100 1772
47 101 1685
47 102 1716
47 103 864
47 104 289
47 105 377
48 49 118
48 50 63
48 51 214
48 52 368
48 53 384
48 54 241
48 55 126
48 56 189
48 57 279
48 58 409
48 59 324
48 60 1058
48 61 1012
48 62 594
48 63 664
48 64 667
48 65 1204
48 66 1173
48 67 769
48 68 802
48 69 864
48 70 916
48 71 832
48 72 851
48 73 875
48 74 925
48 75 961
48 76 913
48 77 890
48 78 918
48 79 921
48 80 944
48 81 990
48 82 949
48 83 986
48 84 980
48 85 1065
48 86 1074
48 87 1479
48 88 1462
48 89 1252
48 90 1291
48 91 1349
48 92 1380
48 93 1380
48 94 1720
48 95 1711
48 96 1498
48 97 1528
48 98 1550
48 99 1583
48 100 1871
48 101 1645
48 102 1677
48 103 822
48 104 272
48 105 364
49 50 138
49 51 331
49 52 486
49 53 499
49 54 350
49 55 179
49 56 230
49 57 378
49 58 520
49 59 315
49 60 1171
49 61 1124
49 62 674
49 63 753
49 64 698
49 65 1307
49 66 1272
49 67 773
49 68 803
49 69 924
49 70 985
49 71 828
49 72 871
49 73 918
49 74 985
49 75 1019
49 76 954
49 77 909
49 78 915
49 79 940
49 80 984
49 81 1046
49 82 946
49 83 985
49 84 986
49 85 1063
49 86 1097
49 87 1566
49 88 1545
49 89 1296
49 90 1343
49 91 1343
49 92 1374
49 93 1400
49 94 1796
49 95 1784
49 96 1493
49 97 1524
49 98 1587
49 99 1627
49 100 1943
49 101 1641
49 102 1673
49 103 812
49 104 320
49 105 413
50 51 205
50 52 363
50 53 368
50 54 214
50 55 63
50 56 126
50 57 241
50 58 384
50 59 264
50 60 1037
50 61 988
50 62 544
50 63 618
50 64 604
50 65 1169
50 66 1135
50 67 706
50 68 739
50 69 807
50 70 861
50 71 771
50 72 788
50 73 814
50 74 868
50 75 903
50 76 852
50 77 827
50 78 856
50 79 858
50 80 882
50 81 932
50 82 887
50 83 924
50 84 917
50 85 1003
50 86 1011
50 87 1432
50 88 1413
50 89 1191
50 90 1232
50 91 1287
50 92 1318
50 93 1317
50 94 1669
50 95 1658
50 96 1435
50 97 1466
50 98 1488
50 99 1522
50 100 1818
50 101 1583
50 102 1614
50 103 885
50 104 333
50 105 302
51 52 158
51 53 170
51 54 63
51 55 214
51 56 241
51 57 126
51 58 202
51 59 392
51 60 844
51 61 800
51 62 446
51 63 493
51 64 612
51 65 1003
51 66 976
51 67 759
51 68 794
51 69 744
51 70 777
51 71 835
51 72 809
51 73 788
51 74 804
51 75 842
51 76 827
51 77 847
51 78 914
51 79 877
51 80 858
51 81 872
51 82 943
51 83 975
51 84 955
51 85 1053
51 86 1016
51 87 1300
51 88 1289
51 89 1150
51 90 1174
51 91 1338
51 92 1367
51 93 1321
51 94 1557
51 95 1553
51 96 1481
51 97 1511
51 98 1455
51 99 1476
51 100 1716
51 101 1624
51 102 1655
51 103 924
51 104 347
51 105 318
52 53 63
52 54 170
52 55 368
52 56 384
52 57 202
52 58 126
52 59 525
52 60 701
52 61 662
52 62 426
52 63 440
52 64 663
52 65 885
52 66 866
52 67 832
52 68 867
52 69 732
52 70 744
52 71 913
52 72 858
52 73 804
52 74 788
52 75 827
52 76 842
52 77 894
52 78 986
52 79 923
52 80 872
52 81 858
52 82 1013
52 83 1040
52 84 1012
52 85 1116
52 86 1047
52 87 1212
52 88 1208
52 89 1142
52 90 1153
52 91 1396
52 92 1425
52 93 1345
52 94 1484
52 95 1487
52 96 1534
52 97 1563
52 98 1449
52 99 1459
52 100 1650
52 101 1673
52 102 1703
52 103 983
52 104 430
52 105 407
53 54 158
53 55 363
53 56 368
53 57 170
53 58 63
53 59 499
53 60 674
53 61 631
53 62 363
53 63 378
53 64 607
53 65 842
53 66 819
53 67 780
53 68 815
53 69 669
53 70 681
53 71 862
53 72 800
53 73 742
53 74 725
53 75 764
53 76 780
53 77 836
53 78 933
53 79 864
53 80 811
53 81 795
53 82 959
53 83 985
53 84 955
53 85 1061
53 86 987
53 87 1158
53 88 1153
53 89 1079
53 90 1090
53 91 1339
53 92 1367
53 93 1284
53 94 1427
53 95 1429
53 96 1476
53 97 1504
53 98 1386
53 99 1396
53 100 1592
53 101 1614
53 102 1644
53 103 1040
53 104 479
53 105 365
54 55 205
54 56 214
54 57 63
54 58 170
54 59 356
54 60 822
54 61 774
54 62 386
54 63 439
54 64 551
54 65 964
54 66 934
54 67 701
54 68 736
54 69 682
54 70 717
54 71 778
54 72 747
54 73 725
54 74 742
54 75 780
54 76 764
54 77 785
54 78 857
54 79 815
54 80 795
54 81 811
54 82 885
54 83 916
54 84 895
54 85 994
54 86 953
54 87 1250
54 88 1237
54 89 1087
54 90 1112
54 91 1278
54 92 1308
54 93 1258
54 94 1502
54 95 1498
54 96 1421
54 97 1450
54 98 1392
54 99 1414
54 100 1660
54 101 1563
54 102 1594
54 103 984
54 104 406
54 105 261
55 56 63
55 57 214
55 58 368
55 59 208
55 60 1019
55 61 967
55 62 496
55 63 576
55 64 542
55 65 1137
55 66 1099
55 67 644
55 68 677
55 69 750
55 70 808
55 71 709
55 72 725
55 73 753
55 74 811
55 75 846
55 76 791
55 77 764
55 78 794
55 79 795
55 80 821
55 81 874
55 82 825
55 83 861
55 84 854
55 85 941
55 86 948
55 87 1387
55 88 1366
55 89 1131
55 90 1173
55 91 1225
55 92 1256
55 93 1254
55 94 1618
55 95 1606
55 96 1373
55 97 1404
55 98 1427
55 99 1462
55 100 1765
55 101 1520
55 102 1552
55 103 948
55 104 394
55 105 242
56 57 205
56 58 363
56 59 156
56 60 1005
56 61 950
56 62 452
56 63 537
56 64 480
56 65 1106
56 66 1066
56 67 581
56 68 615
56 69 694
56 70 756
56 71 647
56 72 662
56 73 693
56 74 755
56 75 789
56 76 730
56 77 701
56 78 732
56 79 732
56 80 760
56 81 817
56 82 763
56 83 799
56 84 791
56 85 879
56 86 886
56 87 1344
56 88 1320
56 89 1071
56 90 1115
56 91 1163
56 92 1194
56 93 1192
56 94 1569
56 95 1555
56 96 1311
56 97 1341
56 98 1366
56 99 1402
56 100 1713
56 101 1458
56 102 1490
56 103 1010
56 104 456
56 105 184
57 58 158
57 59 329
57 60 804
57 61 753
57 62 328
57 63 387
57 64 489
57 65 929
57 66 895
57 67 644
57 68 679
57 69 621
57 70 658
57 71 723
57 72 686
57 73 662
57 74 681
57 75 719
57 76 701
57 77 724
57 78 800
57 79 754
57 80 732
57 81 749
57 82 828
57 83 858
57 84 835
57 85 936
57 86 891
57 87 1202
57 88 1186
57 89 1025
57 90 1051
57 91 1219
57 92 1248
57 93 1196
57 94 1449
57 95 1443
57 96 1361
57 97 1390
57 98 1330
57 99 1352
57 100 1604
57 101 1503
57 102 1534
57 103 1045
57 104 466
57 105 208
58 59 480
58 60 652
58 61 604
58 62 300
58 63 317
58 64 552
58 65 801
58 66 774
58 67 730
58 68 764
58 69 606
58 70 619
58 71 812
58 72 744
58 73 681
58 74 662
58 75 701
58 76 719
58 77 779
58 78 881
58 79 807
58 80 749
58 81 732
58 82 906
58 83 932
58 84 900
58 85 1006
58 86 927
58 87 1106
58 88 1098
58 89 1016
58 90 1027
58 91 1283
58 92 1311
58 93 1222
58 94 1370
58 95 1371
58 96 1418
58 97 1447
58 98 1323
58 99 1333
58 100 1534
58 101 1555
58 102 1585
58 103 1097
58 104 531
58 105 329
59 60 1090
59 61 1030
59 62 477
59 63 575
59 64 398
59 65 1154
59 66 1106
59 67 457
59 68 488
59 69 658
59 70 735
59 71 514
59 72 558
59 73 625
59 74 716
59 75 746
59 76 659
59 77 596
59 78 601
59 79 627
59 80 686
59 81 770
59 82 632
59 83 671
59 84 671
59 85 749
59 86 785
59 87 1347
59 88 1316
59 89 1000
59 90 1056
59 91 1031
59 92 1062
59 93 1086
59 94 1549
59 95 1528
59 96 1180
59 97 1211
59 98 1283
59 99 1329
59 100 1682
59 101 1328
59 102 1360
59 103 1126
59 104 595
59 105 187
60 61 71
60 62 654
60 63 555
60 64 947
60 65 307
60 66 345
60 67 1136
60 68 1161
60 69 765
60 70 685
60 71 1214
60 72 1068
60 73 908
60 74 777
60 75 801
60 76 929
60 77 1085
60 78 1248
60 79 1100
60 80 946
60 81 820
60 82 1261
60 83 1265
60 84 1210
60 85 1317
60 86 1136
60 87 717
60 88 751
60 89 1043
60 90 990
60 91 1533
60 92 1552
60 93 1343
60 94 1024
60 95 1057
60 96 1630
60 97 1651
60 98 1298
60 99 1258
60 100 1205
60 101 1733
60 102 1756
60 103 1602
60 104 1113
60 105 907
61 62 587
61 63 487
61 64 878
61 65 282
61 66 307
61 67 1066
61 68 1091
61 69 694
61 70 616
61 71 1144
61 72 997
61 73 838
61 74 707
61 75 732
61 76 858
61 77 1014
61 78 1177
61 79 1029
61 80 876
61 81 752
61 82 1190
61 83 1195
61 84 1140
61 85 1246
61 86 1066
61 87 688
61 88 716
61 89 979
61 90 929
61 91 1464
61 92 1483
61 93 1278
61 94 994
61 95 1023
61 96 1562
61 97 1583
61 98 1240
61 99 1202
61 100 1175
61 101 1667
61 102 1690
61 103 1586
61 104 1082
61 105 845
62 63 102
62 64 313
62 65 678
62 66 629
62 67 507
62 68 537
62 69 307
62 70 331
62 71 590
62 72 481
62 73 387
62 74 364
62 75 403
62 76 424
62 77 511
62 78 643
62 79 535
62 80 453
62 81 434
62 82 663
62 83 680
62 84 638
62 85 748
62 86 638
62 87 892
62 88 870
62 89 717
62 90 732
62 91 1013
62 92 1039
62 93 927
62 94 1126
62 95 1117
62 96 1141
62 97 1168
62 98 1024
62 99 1037
62 100 1278
62 101 1272
62 102 1301
62 103 1370
62 104 792
62 105 292
63 64 398
63 65 579
63 66 533
63 67 591
63 68 620
63 69 316
63 70 307
63 71 673
63 72 548
63 73 426
63 74 363
63 75 402
63 76 459
63 77 574
63 78 718
63 79 595
63 80 486
63 81 432
63 82 737
63 83 750
63 84 702
63 85 813
63 86 679
63 87 815
63 88 799
63 89 716
63 90 717
63 91 1066
63 92 1091
63 93 953
63 94 1064
63 95 1060
63 96 1187
63 97 1213
63 98 1021
63 99 1024
63 100 1223
63 101 1314
63 102 1341
63 103 1411
63 104 838
63 105 388
64 65 907
64 66 845
64 67 194
64 68 225
64 69 292
64 70 388
64 71 277
64 72 197
64 73 227
64 74 341
64 75 364
64 76 260
64 77 235
64 78 334
64 79 265
64 80 288
64 81 384
64 82 357
64 83 380
64 84 349
64 85 454
64 86 409
64 87 1008
64 88 966
64 89 602
64 90 659
64 91 734
64 92 762
64 93 716
64 94 1175
64 95 1148
64 96 873
64 97 902
64 98 889
64 99 931
64 100 1298
64 101 1014
64 102 1044
64 103 1489
64 104 922
64 105 307
65 66 71
65 67 1073
65 68 1092
65 69 654
65 70 555
65 71 1141
65 72 974
65 73 796
65 74 642
65 75 652
65 76 804
65 77 981
65 78 1154
65 79 988
65 80 813
65 81 662
65 82 1160
65 83 1154
65 84 1094
65 85 1190
65 86 982
65 87 410
65 88 445
65 89 824
65 90 753
65 91 1365
65 92 1380
65 93 1136
65 94 717
65 95 751
65 96 1441
65 97 1459
65 98 1043
65 99 990
65 100 898
65 101 1528
65 102 1548
65 103 1844
65 104 1315
65 105 967
66 67 1009
66 68 1026
66 69 587
66 70 487
66 71 1075
66 72 907
66 73 728
66 74 573
66 75 583
66 76 736
66 77 913
66 78 1086
66 79 919
66 80 743
66 81 592
66 82 1092
66 83 1086
66 84 1024
66 85 1121
66 86 911
66 87 383
66 88 409
66 89 755
66 90 685
66 91 1295
66 92 1309
66 93 1066
66 94 688
66 95 716
66 96 1371
66 97 1389
66 98 979
66 99 929
66 100 868
66 101 1459
66 102 1479
66 103 1836
66 104 1296
66 105 921
67 68 35
67 69 426
67 70 528
67 71 84
67 72 140
67 73 304
67 74 457
67 75 466
67 76 317
67 77 167
67 78 155
67 79 192
67 80 331
67 81 476
67 82 184
67 83 218
67 84 214
67 85 298
67 86 349
67 87 1123
67 88 1074
67 89 612
67 90 692
67 91 583
67 92 613
67 93 636
67 94 1251
67 95 1214
67 96 730
67 97 760
67 98 860
67 99 922
67 100 1353
67 101 877
67 102 908
67 103 1583
67 104 1037
67 105 441
68 69 441
68 70 543
68 71 53
68 72 138
68 73 312
68 74 468
68 75 475
68 76 321
68 77 158
68 78 121
68 79 178
68 80 332
68 81 482
68 82 150
68 83 185
68 84 185
68 85 264
68 86 330
68 87 1130
68 88 1079
68 89 602
68 90 685
68 91 549
68 92 580
68 93 610
68 94 1249
68 95 1211
68 96 696
68 97 727
68 98 842
68 99 906
68 100 1347
68 101 844
68 102 875
68 103 1614
68 104 1070
68 105 476
69 70 102
69 71 489
69 72 320
69 73 145
69 74 61
69 75 98
69 76 164
69 77 329
69 78 500
69 79 339
69 80 184
69 81 128
69 82 508
69 83 507
69 84 449
69 85 553
69 86 379
69 87 716
69 88 674
69 89 410
69 90 430
69 91 776
69 92 798
69 93 638
69 94 892
69 95 870
69 96 886
69 97 910
69 98 717
69 99 732
69 100 1025
69 101 1006
69 102 1033
69 103 1665
69 104 1087
69 105 511
70 71 590
70 72 420
70 73 241
70 74 92
70 75 117
70 76 252
70 77 426
70 78 599
70 79 433
70 80 264
70 81 141
70 82 605
70 83 601
70 84 541
70 85 642
70 86 450
70 87 621
70 88 584
70 89 415
70 90 410
70 91 848
70 92 867
70 93 679
70 94 815
70 95 799
70 96 948
70 97 971
70 98 716
70 99 717
70 100 958
70 101 1060
70 102 1085
70 103 1701
70 104 1123
70 105 576
71 72 176
71 73 355
71 74 513
71 75 517
71 76 361
71 77 187
71 78 87
71 79 201
71 80 368
71 81 522
71 82 118
71 83 159
71 84 176
71 85 236
71 86 340
71 87 1169
71 88 1116
71 89 622
71 90 709
71 91 517
71 92 548
71 93 604
71 94 1279
71 95 1239
71 96 666
71 97 697
71 98 848
71 99 916
71 100 1372
71 101 814
71 102 846
71 103 1640
71 104 1103
71 105 517
72 73 181
72 74 339
72 75 341
72 76 185
72 77 39
72 78 182
72 79 70
72 80 194
72 81 346
72 82 193
72 83 202
72 84 158
72 85 267
72 86 227
72 87 993
72 88 942
72 89 474
72 90 552
72 91 539
72 92 567
72 93 530
72 94 1112
72 95 1074
72 96 676
72 97 705
72 98 732
72 99 788
72 100 1213
72 101 817
72 102 847
72 103 1673
72 104 1112
72 105 499
73 74 158
73 75 163
73 76 39
73 77 185
73 78 358
73 79 194
73 80 70
73 81 173
73 82 364
73 83 362
73 84 303
73 85 409
73 86 254
73 87 820
73 88 771
73 89 379
73 90 432
73 91 642
73 92 666
73 93 542
73 94 960
73 95 929
73 96 761
73 97 787
73 98 674
73 99 709
73 100 1075
73 101 888
73 102 917
73 103 1693
73 104 1118
73 105 512
74 75 39
74 76 163
74 77 341
74 78 515
74 79 346
74 80 173
74 81 70
74 82 519
74 83 513
74 84 452
74 85 551
74 86 359
74 87 671
74 88 627
74 89 355
74 90 370
74 91 757
74 92 777
74 93 599
74 94 836
74 95 813
74 96 860
74 97 883
74 98 661
74 99 674
74 100 967
74 101 974
74 102 1000
74 103 1725
74 104 1147
74 105 572
75 76 158
75 77 339
75 78 512
75 79 340
75 80 161
75 81 31
75 82 514
75 83 505
75 84 443
75 85 538
75 86 337
75 87 657
75 88 610
75 89 316
75 90 332
75 91 733
75 92 752
75 93 565
75 94 811
75 95 785
75 96 832
75 97 854
75 98 622
75 99 635
75 100 937
75 101 943
75 102 969
75 103 1763
75 104 1185
75 105 606
76 77 181
76 78 354
76 79 184
76 80 31
76 81 161
76 82 357
76 83 350
76 84 289
76 85 391
76 86 221
76 87 809
76 88 757
76 89 342
76 90 400
76 91 614
76 92 636
76 93 504
76 94 937
76 95 904
76 96 729
76 97 754
76 98 636
76 99 673
76 100 1049
76 101 854
76 102 882
76 103 1731
76 104 1157
76 105 550
77 78 174
77 79 31
77 80 184
77 81 340
77 82 179
77 83 180
77 84 129
77 85 239
77 86 189
77 87 984
77 88 931
77 89 445
77 90 527
77 91 505
77 92 532
77 93 491
77 94 1093
77 95 1054
77 96 640
77 97 669
77 98 697
77 99 756
77 100 1190
77 101 780
77 102 810
77 103 1712
77 104 1151
77 105 538
78 79 174
78 80 354
78 81 512
78 82 31
78 83 73
78 84 105
78 85 149
78 86 281
78 87 1151
78 88 1095
78 89 572
78 90 665
78 91 431
78 92 462
78 93 524
78 94 1241
78 95 1197
78 96 580
78 97 610
78 98 778
78 99 852
78 100 1325
78 101 728
78 102 760
78 103 1727
78 104 1188
78 105 596
79 80 181
79 81 339
79 82 174
79 83 168
79 84 110
79 85 219
79 86 160
79 87 978
79 88 923
79 89 424
79 90 509
79 91 478
79 92 505
79 93 460
79 94 1078
79 95 1038
79 96 612
79 97 640
79 98 670
79 99 730
79 100 1172
79 101 750
79 102 781
79 103 1743
79 104 1182
79 105 569
80 81 158
80 82 354
80 83 344
80 84 282
80 85 379
80 86 196
80 87 801
80 88 748
80 89 314
80 90 375
80 91 592
80 92 614
80 93 474
80 94 921
80 95 886
80 96 704
80 97 729
80 98 606
80 99 644
80 100 1028
80 101 828
80 102 855
80 103 1762
80 104 1188
80 105 580
81 82 512
81 83 500
81 84 438
81 85 529
81 86 321
81 87 648
81 88 598
81 89 285
81 90 302
81 91 714
81 92 733
81 93 538
81 94 791
81 95 763
81 96 810
81 97 832
81 98 591
81 99 604
81 100 914
81 101 919
81 102 944
81 103 1793
81 104 1215
81 105 633
82 83 43
82 84 88
82 85 118
82 86 264
82 87 1146
82 88 1089
82 89 557
82 90 651
82 91 401
82 92 431
82 93 496
82 94 1229
82 95 1184
82 96 549
82 97 580
82 98 754
82 99 829
82 100 1309
82 101 697
82 102 729
82 103 1758
82 104 1219
82 105 625
83 84 63
83 85 79
83 86 233
83 87 1126
83 88 1068
83 89 525
83 90 622
83 91 365
83 92 395
83 93 454
83 94 1200
83 95 1153
83 96 512
83 97 542
83 98 714
83 99 791
83 100 1276
83 101 659
83 102 691
83 103 1797
83 104 1255
83 105 657
84 85 110
84 86 177
84 87 1063
84 88 1005
84 89 469
84 90 564
84 91 385
84 92 414
84 93 428
84 94 1141
84 95 1096
84 96 526
84 97 556
84 98 674
84 99 746
84 100 1222
84 101 670
84 102 701
84 103 1796
84 104 1246
84 105 640
85 86 229
85 87 1135
85 88 1074
85 89 511
85 90 611
85 91 285
85 92 316
85 93 395
85 94 1188
85 95 1138
85 96 432
85 97 463
85 98 669
85 99 751
85 100 1254
85 101 580
85 102 611
85 103 1876
85 104 1335
85 105 736
86 87 907
86 88 845
86 89 292
86 90 389
86 91 398
86 92 419
86 93 307
86 94 967
86 95 921
86 96 509
86 97 534
86 98 512
86 99 577
86 100 1045
86 101 635
86 102 663
86 103 1896
86 104 1331
86 105 716
87 88 70
87 89 654
87 90 555
87 91 1228
87 92 1234
87 93 947
87 94 307
87 95 344
87 96 1265
87 97 1274
87 98 765
87 99 685
87 100 488
87 101 1317
87 102 1330
87 103 2193
87 104 1637
87 105 1175
88 89 587
88 90 487
88 91 1161
88 92 1166
88 93 878
88 94 283
88 95 307
88 96 1195
88 97 1205
88 98 695
88 99 617
88 100 461
88 101 1247
88 102 1260
88 103 2191
88 104 1629
88 105 1148
89 90 102
89 91 575
89 92 583
89 93 312
89 94 678
89 95 629
89 96 625
89 97 640
89 98 307
89 99 331
89 100 753
89 101 704
89 102 724
89 103 2065
89 104 1488
89 105 889
90 91 673
90 92 680
90 93 398
90 94 579
90 95 532
90 96 715
90 97 727
90 98 316
90 99 307
90 100 662
90 101 783
90 102 801
90 103 2096
90 104 1517
90 105 931
91 92 31
91 93 305
91 94 1210
91 95 1149
91 96 150
91 97 181
91 98 589
91 99 689
91 100 1235
91 101 299
91 102 331
91 103 2155
91 104 1619
91 105 1021
92 93 301
92 94 1208
92 95 1147
92 96 119
92 97 150
92 98 581
92 99 682
92 100 1229
92 101 268
92 102 300
92 103 2186
92 104 1650
92 105 1051
93 94 907
93 95 845
93 96 318
93 97 329
93 98 292
93 99 389
93 100 931
93 101 393
93 102 414
93 103 2202
93 104 1638
93 105 1023
94 95 70
94 96 1209
94 97 1211
94 98 654
94 99 555
94 100 181
94 101 1227
94 102 1233
94 103 2466
94 104 1900
94 105 1391
95 96 1145
95 97 1146
95 98 587
95 99 487
95 100 163
95 101 1160
95 102 1165
95 103 2469
95 104 1898
95 105 1375
96 97 31
96 98 562
96 99 664
96 100 1212
96 101 149
96 102 181
96 103 2305
96 104 1767
96 105 1166
97 98 561
97 99 663
97 100 1210
97 101 118
97 102 150
97 103 2336
97 104 1797
97 105 1196
98 99 102
98 100 651
98 101 573
98 102 581
98 103 2367
98 104 1791
98 105 1186
99 100 549
99 101 672
99 102 678
99 103 2394
99 104 1816
99 105 1220
100 101 1208
100 102 1209
100 103 2631
100 104 2061
100 105 1532
101 102 32
101 103 2454
101 104 1914
101 105 1310
102 103 2486
102 104 1945
102 105 1341
103 104 579
103 105 1184
104 105 615
