107 5777
1 2 400
1 3 200
1 4 283
1 5 447
1 6 283
1 7 806
1 8 750
1 9 985
1 10 922
1 11 950
1 12 971
1 13 1500
1 14 1552
1 15 1700
1 16 1712
1 17 1746
1 18 1712
1 19 2300
1 20 2335
1 21 2500
1 22 2508
1 23 2532
1 24 2508
1 25 3100
1 26 3126
1 27 3300
1 28 3306
1 29 3324
1 30 3306
1 31 4000
1 32 4020
1 33 4200
1 34 4205
1 35 4219
1 36 4205
1 37 4900
1 38 4916
1 39 5100
1 40 5104
1 41 5116
1 42 5104
1 43 5800
1 44 5764
1 45 6000
1 46 6003
1 47 5963
1 48 5953
1 49 6600
1 50 6612
1 51 6800
1 52 6803
1 53 6812
1 54 6803
1 55 10087
1 56 9566
1 57 9028
1 58 8552
1 59 8148
1 60 7858
1 61 7641
1 62 7510
1 63 7453
1 64 7650
1 65 8050
1 66 7653
1 67 7853
1 68 8052
1 69 8080
1 70 7687
1 71 7901
1 72 8100
1 73 7709
1 74 7796
1 75 8189
1 76 7837
1 77 8032
1 78 8228
1 79 7988
1 80 8372
1 81 8048
1 82 8238
1 83 8429
1 84 8254
1 85 8626
1 86 8331
1 87 8515
1 88 8700
1 89 8633
1 90 8989
1 91 8727
1 92 8903
1 93 9080
1 94 9085
1 95 9424
1 96 9194
1 97 9361
1 98 9530
1 99 9600
1 100 9893
1 101 9722
1 102 9850
1 103 10010
1 104 10104
1 105 10410
1 106 10235
1 107 10386
2 3 447
2 4 632
2 5 200
2 6 283
2 7 700
2 8 850
2 9 900
2 10 922
2 11 1031
2 12 1124
2 13 1552
2 14 1500
2 15 1746
2 16 1803
2 17 1700
2 18 1712
2 19 2335
2 20 2300
2 21 2532
2 22 2571
2 23 2500
2 24 2508
2 25 3126
2 26 3100
2 27 3324
2 28 3354
2 29 3300
2 30 3306
2 31 4020
2 32 4000
2 33 4219
2 34 4243
2 35 4200
2 36 4205
2 37 4916
2 38 4900
2 39 5116
2 40 5135
2 41 5100
2 42 5104
2 43 5814
2 44 5750
2 45 6013
2 46 6030
2 47 5950
2 48 5953
2 49 6612
2 50 6600
2 51 6812
2 52 6826
2 53 6800
2 54 6803
2 55 9795
2 56 9258
2 57 8701
2 58 8206
2 59 7784
2 60 7480
2 61 7252
2 62 7114
2 63 7053
2 64 7250
2 65 7650
2 66 7253
2 67 7453
2 68 7653
2 69 7682
2 70 7289
2 71 7504
2 72 7703
2 73 7312
2 74 7404
2 75 7796
2 76 7447
2 77 7641
2 78 7837
2 79 7606
2 80 7988
2 81 7669
2 82 7858
2 83 8048
2 84 7885
2 85 8254
2 86 7966
2 87 8148
2 88 8331
2 89 8280
2 90 8633
2 91 8379
2 92 8552
2 93 8727
2 94 8751
2 95 9085
2 96 8864
2 97 9028
2 98 9194
2 99 9285
2 100 9570
2 101 9411
2 102 9534
2 103 9691
2 104 9804
2 105 10104
2 106 9940
2 107 10087
3 4 200
3 5 400
3 6 200
3 7 640
3 8 550
3 9 806
3 10 728
3 11 750
3 12 776
3 13 1300
3 14 1360
3 15 1500
3 16 1513
3 17 1552
3 18 1513
3 19 2100
3 20 2138
3 21 2300
3 22 2309
3 23 2335
3 24 2309
3 25 2900
3 26 2927
3 27 3100
3 28 3106
3 29 3126
3 30 3106
3 31 3800
3 32 3821
3 33 4000
3 34 4005
3 35 4020
3 36 4005
3 37 4700
3 38 4717
3 39 4900
3 40 4904
3 41 4916
3 42 4904
3 43 5600
3 44 5564
3 45 5800
3 46 5803
3 47 5764
3 48 5753
3 49 6400
3 50 6412
3 51 6600
3 52 6603
3 53 6612
3 54 6603
3 55 9953
3 56 9442
3 57 8917
3 58 8456
3 59 8069
3 60 7797
3 61 7600
3 62 7488
3 63 7450
3 64 7653
3 65 8052
3 66 7650
3 67 7850
3 68 8050
3 69 8066
3 70 7670
3 71 7881
3 72 8080
3 73 7687
3 74 7760
3 75 8154
3 76 7796
3 77 7992
3 78 8189
3 79 7933
3 80 8319
3 81 7988
3 82 8180
3 83 8372
3 84 8181
3 85 8556
3 86 8254
3 87 8440
3 88 8626
3 89 8542
3 90 8902
3 91 8633
3 92 8810
3 93 8989
3 94 8978
3 95 9322
3 96 9085
3 97 9254
3 98 9424
3 99 9481
3 100 9778
3 101 9600
3 102 9731
3 103 9893
3 104 9974
3 105 10284
3 106 10104
3 107 10256
4 5 600
4 6 400
4 7 781
4 8 585
4 9 922
4 10 806
4 11 776
4 12 750
4 13 1315
4 14 1432
4 15 1513
4 16 1500
4 17 1616
4 18 1552
4 19 2110
4 20 2184
4 21 2309
4 22 2300
4 23 2377
4 24 2335
4 25 2907
4 26 2961
4 27 3106
4 28 3100
4 29 3158
4 30 3126
4 31 3805
4 32 3847
4 33 4005
4 34 4000
4 35 4045
4 36 4020
4 37 4704
4 38 4738
4 39 4904
4 40 4900
4 41 4937
4 42 4916
4 43 5604
4 44 5582
4 45 5803
4 46 5800
4 47 5781
4 48 5764
4 49 6403
4 50 6428
4 51 6603
4 52 6600
4 53 6627
4 54 6612
4 55 10104
4 56 9600
4 57 9085
4 58 8633
4 59 8254
4 60 7988
4 61 7796
4 62 7687
4 63 7650
4 64 7853
4 65 8252
4 66 7850
4 67 8050
4 68 8250
4 69 8265
4 70 7869
4 71 8080
4 72 8280
4 73 7886
4 74 7957
4 75 8352
4 76 7992
4 77 8189
4 78 8385
4 79 8126
4 80 8513
4 81 8180
4 82 8372
4 83 8565
4 84 8369
4 85 8745
4 86 8440
4 87 8626
4 88 8813
4 89 8721
4 90 9083
4 91 8810
4 92 8989
4 93 9169
4 94 9149
4 95 9495
4 96 9254
4 97 9424
4 98 9595
4 99 9643
4 100 9943
4 101 9760
4 102 9893
4 103 10056
4 104 10128
4 105 10441
4 106 10256
4 107 10410
5 6 200
5 7 500
5 8 680
5 9 700
5 10 728
5 11 850
5 12 960
5 13 1360
5 14 1300
5 15 1552
5 16 1616
5 17 1500
5 18 1513
5 19 2138
5 20 2100
5 21 2335
5 22 2377
5 23 2300
5 24 2309
5 25 2927
5 26 2900
5 27 3126
5 28 3158
5 29 3100
5 30 3106
5 31 3821
5 32 3800
5 33 4020
5 34 4045
5 35 4000
5 36 4005
5 37 4717
5 38 4700
5 39 4916
5 40 4937
5 41 4900
5 42 4904
5 43 5614
5 44 5550
5 45 5814
5 46 5831
5 47 5750
5 48 5753
5 49 6412
5 50 6400
5 51 6612
5 52 6627
5 53 6600
5 54 6603
5 55 9657
5 56 9129
5 57 8586
5 58 8106
5 59 7701
5 60 7416
5 61 7208
5 62 7090
5 63 7050
5 64 7253
5 65 7653
5 66 7250
5 67 7450
5 68 7650
5 69 7666
5 70 7271
5 71 7483
5 72 7682
5 73 7289
5 74 7366
5 75 7760
5 76 7404
5 77 7600
5 78 7796
5 79 7548
5 80 7933
5 81 7606
5 82 7797
5 83 7988
5 84 7808
5 85 8181
5 86 7885
5 87 8069
5 88 8254
5 89 8186
5 90 8542
5 91 8280
5 92 8456
5 93 8633
5 94 8640
5 95 8978
5 96 8751
5 97 8917
5 98 9085
5 99 9161
5 100 9451
5 101 9285
5 102 9411
5 103 9570
5 104 9671
5 105 9974
5 106 9804
5 107 9953
6 7 539
6 8 585
6 9 728
6 10 700
6 11 776
6 12 850
6 13 1315
6 14 1315
6 15 1513
6 16 1552
6 17 1513
6 18 1500
6 19 2110
6 20 2110
6 21 2309
6 22 2335
6 23 2309
6 24 2300
6 25 2907
6 26 2907
6 27 3106
6 28 3126
6 29 3106
6 30 3100
6 31 3805
6 32 3805
6 33 4005
6 34 4020
6 35 4005
6 36 4000
6 37 4704
6 38 4704
6 39 4904
6 40 4916
6 41 4904
6 42 4900
6 43 5604
6 44 5554
6 45 5803
6 46 5814
6 47 5753
6 48 5750
6 49 6403
6 50 6403
6 51 6603
6 52 6612
6 53 6603
6 54 6600
6 55 9804
6 56 9285
6 57 8751
6 58 8280
6 59 7885
6 60 7606
6 61 7404
6 62 7289
6 63 7250
6 64 7453
6 65 7853
6 66 7450
6 67 7650
6 68 7850
6 69 7866
6 70 7470
6 71 7682
6 72 7881
6 73 7488
6 74 7563
6 75 7957
6 76 7600
6 77 7796
6 78 7992
6 79 7740
6 80 8126
6 81 7797
6 82 7988
6 83 8180
6 84 7995
6 85 8369
6 86 8069
6 87 8254
6 88 8440
6 89 8363
6 90 8721
6 91 8456
6 92 8633
6 93 8810
6 94 8809
6 95 9149
6 96 8917
6 97 9085
6 98 9254
6 99 9320
6 100 9614
6 101 9442
6 102 9570
6 103 9731
6 104 9822
6 105 10128
6 106 9953
6 107 10104
7 8 403
7 9 200
7 10 283
7 11 472
7 12 650
7 13 894
7 14 800
7 15 1077
7 16 1166
7 17 1000
7 18 1020
7 19 1649
7 20 1600
7 21 1844
7 22 1897
7 23 1800
7 24 1811
7 25 2433
7 26 2400
7 27 2631
7 28 2668
7 29 2600
7 30 2608
7 31 3324
7 32 3300
7 33 3523
7 34 3551
7 35 3500
7 36 3506
7 37 4219
7 38 4200
7 39 4418
7 40 4441
7 41 4400
7 42 4405
7 43 5116
7 44 5050
7 45 5315
7 46 5334
7 47 5250
7 48 5254
7 49 5914
7 50 5900
7 51 6113
7 52 6129
7 53 6100
7 54 6103
7 55 9323
7 56 8820
7 57 8310
7 58 7871
7 59 7514
7 60 7276
7 61 7121
7 62 7054
7 63 7068
7 64 7284
7 65 7682
7 66 7267
7 67 7467
7 68 7666
7 69 7650
7 70 7250
7 71 7453
7 72 7653
7 73 7254
7 74 7294
7 75 7692
7 76 7319
7 77 7517
7 78 7715
7 79 7424
7 80 7816
7 81 7470
7 82 7664
7 83 7859
7 84 7637
7 85 8018
7 86 7702
7 87 7891
7 88 8080
7 89 7966
7 90 8331
7 91 8051
7 92 8231
7 93 8413
7 94 8379
7 95 8727
7 96 8481
7 97 8652
7 98 8825
7 99 8864
7 100 9167
7 101 8981
7 102 9114
7 103 9278
7 104 9347
7 105 9661
7 106 9475
7 107 9629
8 9 427
8 10 250
8 11 200
8 12 283
8 13 750
8 14 850
8 15 950
8 16 971
8 17 1031
8 18 971
8 19 1550
8 20 1601
8 21 1750
8 22 1761
8 23 1795
8 24 1761
8 25 2350
8 26 2384
8 27 2550
8 28 2558
8 29 2581
8 30 2558
8 31 3250
8 32 3275
8 33 3450
8 34 3456
8 35 3473
8 36 3456
8 37 4150
8 38 4169
8 39 4350
8 40 4355
8 41 4368
8 42 4355
8 43 5050
8 44 5016
8 45 5250
8 46 5254
8 47 5215
8 48 5204
8 49 5850
8 50 5864
8 51 6050
8 52 6053
8 53 6063
8 54 6053
8 55 9597
8 56 9114
8 57 8627
8 58 8210
8 59 7874
8 60 7653
8 61 7510
8 62 7453
8 63 7470
8 64 7687
8 65 8085
8 66 7670
8 67 7869
8 68 8069
8 69 8050
8 70 7650
8 71 7851
8 72 8051
8 73 7653
8 74 7687
8 75 8085
8 76 7709
8 77 7907
8 78 8106
8 79 7805
8 80 8198
8 81 7848
8 82 8043
8 83 8238
8 84 8003
8 85 8386
8 86 8064
8 87 8254
8 88 8444
8 89 8312
8 90 8681
8 91 8392
8 92 8575
8 93 8758
8 94 8703
8 95 9057
8 96 8800
8 97 8975
8 98 9150
8 99 9167
8 100 9476
8 101 9278
8 102 9416
8 103 9583
8 104 9630
8 105 9951
8 106 9753
8 107 9911
9 10 200
9 11 403
9 12 602
9 13 721
9 14 600
9 15 894
9 16 1000
9 17 800
9 18 825
9 19 1456
9 20 1400
9 21 1649
9 22 1709
9 23 1600
9 24 1612
9 25 2236
9 26 2200
9 27 2433
9 28 2474
9 29 2400
9 30 2408
9 31 3126
9 32 3100
9 33 3324
9 34 3354
9 35 3300
9 36 3306
9 37 4020
9 38 4000
9 39 4219
9 40 4243
9 41 4200
9 42 4205
9 43 4916
9 44 4850
9 45 5116
9 46 5135
9 47 5050
9 48 5054
9 49 5714
9 50 5700
9 51 5914
9 52 5930
9 53 5900
9 54 5903
9 55 9193
9 56 8701
9 57 8206
9 58 7784
9 59 7447
9 60 7229
9 61 7095
9 62 7050
9 63 7085
9 64 7306
9 65 7703
9 66 7284
9 67 7483
9 68 7682
9 69 7653
9 70 7252
9 71 7450
9 72 7650
9 73 7250
9 74 7275
9 75 7673
9 76 7294
9 77 7493
9 78 7692
9 79 7384
9 80 7777
9 81 7424
9 82 7620
9 83 7816
9 84 7576
9 85 7960
9 86 7637
9 87 7827
9 88 8018
9 89 7885
9 90 8254
9 91 7966
9 92 8148
9 93 8331
9 94 8280
9 95 8633
9 96 8379
9 97 8552
9 98 8727
9 99 8751
9 100 9058
9 101 8864
9 102 9000
9 103 9167
9 104 9222
9 105 9540
9 106 9347
9 107 9503
10 11 206
10 12 403
10 13 632
10 14 632
10 15 825
10 16 894
10 17 825
10 18 800
10 19 1414
10 20 1414
10 21 1612
10 22 1649
10 23 1612
10 24 1600
10 25 2209
10 26 2209
10 27 2408
10 28 2433
10 29 2408
10 30 2400
10 31 3106
10 32 3106
10 33 3306
10 34 3324
10 35 3306
10 36 3300
10 37 4005
10 38 4005
10 39 4205
10 40 4219
10 41 4205
10 42 4200
10 43 4904
10 44 4854
10 45 5104
10 46 5116
10 47 5054
10 48 5050
10 49 5704
10 50 5704
10 51 5903
10 52 5914
10 53 5903
10 54 5900
10 55 9347
10 56 8864
10 57 8379
10 58 7966
10 59 7637
10 60 7424
10 61 7294
10 62 7250
10 63 7284
10 64 7504
10 65 7901
10 66 7483
10 67 7682
10 68 7881
10 69 7853
10 70 7452
10 71 7650
10 72 7850
10 73 7450
10 74 7474
10 75 7873
10 76 7493
10 77 7692
10 78 7891
10 79 7580
10 80 7974
10 81 7620
10 82 7816
10 83 8011
10 84 7768
10 85 8152
10 86 7827
10 87 8018
10 88 8209
10 89 8069
10 90 8440
10 91 8148
10 92 8331
10 93 8515
10 94 8456
10 95 8810
10 96 8552
10 97 8727
10 98 8903
10 99 8917
10 100 9227
10 101 9028
10 102 9167
10 103 9334
10 104 9380
10 105 9701
10 106 9503
10 107 9661
11 12 200
11 13 550
11 14 680
11 15 750
11 16 776
11 17 850
11 18 776
11 19 1350
11 20 1408
11 21 1550
11 22 1563
11 23 1601
11 24 1563
11 25 2150
11 26 2187
11 27 2350
11 28 2358
11 29 2384
11 30 2358
11 31 3050
11 32 3076
11 33 3250
11 34 3256
11 35 3275
11 36 3256
11 37 3950
11 38 3970
11 39 4150
11 40 4155
11 41 4169
11 42 4155
11 43 4850
11 44 4817
11 45 5050
11 46 5054
11 47 5016
11 48 5004
11 49 5650
11 50 5664
11 51 5850
11 52 5853
11 53 5864
11 54 5853
11 55 9472
11 56 9000
11 57 8528
11 58 8128
11 59 7812
11 60 7610
11 61 7488
11 62 7450
11 63 7488
11 64 7709
11 65 8106
11 66 7687
11 67 7886
11 68 8085
11 69 8054
11 70 7653
11 71 7850
11 72 8050
11 73 7650
11 74 7670
11 75 8069
11 76 7687
11 77 7886
11 78 8085
11 79 7768
11 80 8162
11 81 7805
11 82 8002
11 83 8198
11 84 7946
11 85 8332
11 86 8003
11 87 8194
11 88 8386
11 89 8236
11 90 8608
11 91 8312
11 92 8496
11 93 8681
11 94 8610
11 95 8967
11 96 8703
11 97 8879
11 98 9057
11 99 9058
11 100 9372
11 101 9167
11 102 9307
11 103 9476
11 104 9510
11 105 9835
11 106 9630
11 107 9790
12 13 585
12 14 814
12 15 776
12 16 750
12 17 960
12 18 850
12 19 1365
12 20 1477
12 21 1563
12 22 1550
12 23 1662
12 24 1601
12 25 2159
12 26 2232
12 27 2358
12 28 2350
12 29 2425
12 30 2384
12 31 3057
12 32 3108
12 33 3256
12 34 3250
12 35 3305
12 36 3275
12 37 3955
12 38 3995
12 39 4155
12 40 4150
12 41 4193
12 42 4169
12 43 4854
12 44 4837
12 45 5054
12 46 5050
12 47 5036
12 48 5016
12 49 5654
12 50 5682
12 51 5853
12 52 5850
12 53 5881
12 54 5864
12 55 9630
12 56 9167
12 57 8703
12 58 8312
12 59 8003
12 60 7805
12 61 7687
12 62 7650
12 63 7687
12 64 7907
12 65 8305
12 66 7886
12 67 8085
12 68 8284
12 69 8254
12 70 7853
12 71 8050
12 72 8250
12 73 7850
12 74 7869
12 75 8268
12 76 7886
12 77 8085
12 78 8284
12 79 7965
12 80 8360
12 81 8002
12 82 8198
12 83 8394
12 84 8139
12 85 8526
12 86 8194
12 87 8386
12 88 8578
12 89 8422
12 90 8796
12 91 8496
12 92 8681
12 93 8867
12 94 8788
12 95 9147
12 96 8879
12 97 9057
12 98 9235
12 99 9227
12 100 9545
12 101 9334
12 102 9476
12 103 9647
12 104 9672
12 105 9999
12 106 9790
12 107 9951
13 14 400
13 15 200
13 16 283
13 17 447
13 18 283
13 19 800
13 20 894
13 21 1000
13 22 1020
13 23 1077
13 24 1020
13 25 1600
13 26 1649
13 27 1800
13 28 1811
13 29 1844
13 30 1811
13 31 2500
13 32 2532
13 33 2700
13 34 2707
13 35 2729
13 36 2707
13 37 3400
13 38 3423
13 39 3600
13 40 3606
13 41 3622
13 42 3606
13 43 4300
13 44 4269
13 45 4500
13 46 4504
13 47 4468
13 48 4454
13 49 5100
13 50 5116
13 51 5300
13 52 5304
13 53 5315
13 54 5304
13 55 9143
13 56 8704
13 57 8274
13 58 7924
13 59 7664
13 60 7517
13 61 7453
13 62 7470
13 63 7563
13 64 7796
13 65 8189
13 66 7760
13 67 7957
13 68 8154
13 69 8090
13 70 7687
13 71 7873
13 72 8072
13 73 7670
13 74 7650
13 75 8050
13 76 7653
13 77 7853
13 78 8052
13 79 7692
13 80 8090
13 81 7715
13 82 7913
13 83 8112
13 84 7816
13 85 8207
13 86 7859
13 87 8054
13 88 8249
13 89 8048
13 90 8429
13 91 8112
13 92 8301
13 93 8491
13 94 8372
13 95 8739
13 96 8455
13 97 8636
13 98 8818
13 99 8776
13 100 9103
13 101 8875
13 102 9024
13 103 9198
13 104 9194
13 105 9530
13 106 9307
13 107 9472
14 15 447
14 16 632
14 17 200
14 18 283
14 19 894
14 20 800
14 21 1077
14 22 1166
14 23 1000
14 24 1020
14 25 1649
14 26 1600
14 27 1844
14 28 1897
14 29 1800
14 30 1811
14 31 2532
14 32 2500
14 33 2729
14 34 2766
14 35 2700
14 36 2707
14 37 3423
14 38 3400
14 39 3622
14 40 3650
14 41 3600
14 42 3606
14 43 4319
14 44 4250
14 45 4518
14 46 4540
14 47 4450
14 48 4454
14 49 5116
14 50 5100
14 51 5315
14 52 5334
14 53 5300
14 54 5304
14 55 8820
14 56 8364
14 57 7916
14 58 7549
14 59 7276
14 60 7121
14 61 7053
14 62 7071
14 63 7169
14 64 7404
14 65 7796
14 66 7366
14 67 7563
14 68 7760
14 69 7692
14 70 7289
14 71 7474
14 72 7673
14 73 7271
14 74 7250
14 75 7650
14 76 7253
14 77 7453
14 78 7653
14 79 7294
14 80 7692
14 81 7319
14 82 7517
14 83 7715
14 84 7424
14 85 7816
14 86 7470
14 87 7664
14 88 7859
14 89 7669
14 90 8048
14 91 7736
14 92 7924
14 93 8112
14 94 8008
14 95 8372
14 96 8095
14 97 8274
14 98 8455
14 99 8429
14 100 8751
14 101 8533
14 102 8678
14 103 8850
14 104 8864
14 105 9194
14 106 8981
14 107 9143
15 16 200
15 17 400
15 18 200
15 19 600
15 20 721
15 21 800
15 22 825
15 23 894
15 24 825
15 25 1400
15 26 1456
15 27 1600
15 28 1612
15 29 1649
15 30 1612
15 31 2300
15 32 2335
15 33 2500
15 34 2508
15 35 2532
15 36 2508
15 37 3200
15 38 3225
15 39 3400
15 40 3406
15 41 3423
15 42 3406
15 43 4100
15 44 4070
15 45 4300
15 46 4305
15 47 4269
15 48 4255
15 49 4900
15 50 4916
15 51 5100
15 52 5104
15 53 5116
15 54 5104
15 55 9028
15 56 8602
15 57 8189
15 58 7858
15 59 7620
15 60 7493
15 61 7450
15 62 7488
15 63 7600
15 64 7837
15 65 8228
15 66 7796
15 67 7992
15 68 8189
15 69 8112
15 70 7709
15 71 7891
15 72 8090
15 73 7687
15 74 7653
15 75 8052
15 76 7650
15 77 7850
15 78 8050
15 79 7673
15 80 8072
15 81 7692
15 82 7891
15 83 8090
15 84 7777
15 85 8171
15 86 7816
15 87 8011
15 88 8207
15 89 7988
15 90 8372
15 91 8048
15 92 8238
15 93 8429
15 94 8292
15 95 8663
15 96 8372
15 97 8555
15 98 8739
15 99 8679
15 100 9011
15 101 8776
15 102 8927
15 103 9103
15 104 9085
15 105 9424
15 106 9194
15 107 9361
16 17 600
16 18 400
16 19 632
16 20 849
16 21 825
16 22 800
16 23 1000
16 24 894
16 25 1414
16 26 1523
16 27 1612
16 28 1600
16 29 1709
16 30 1649
16 31 2309
16 32 2377
16 33 2508
16 34 2500
16 35 2571
16 36 2532
16 37 3206
16 38 3256
16 39 3406
16 40 3400
16 41 3453
16 42 3423
16 43 4105
16 44 4094
16 45 4305
16 46 4300
16 47 4292
16 48 4269
16 49 4904
16 50 4937
16 51 5104
16 52 5100
16 53 5135
16 54 5116
16 55 9194
16 56 8776
16 57 8372
16 58 8048
16 59 7816
16 60 7692
16 61 7650
16 62 7687
16 63 7796
16 64 8032
16 65 8423
16 66 7992
16 67 8189
16 68 8385
16 69 8310
16 70 7907
16 71 8090
16 72 8289
16 73 7886
16 74 7853
16 75 8252
16 76 7850
16 77 8050
16 78 8250
16 79 7873
16 80 8272
16 81 7891
16 82 8090
16 83 8289
16 84 7974
16 85 8368
16 86 8011
16 87 8207
16 88 8404
16 89 8180
16 90 8565
16 91 8238
16 92 8429
16 93 8620
16 94 8477
16 95 8849
16 96 8555
16 97 8739
16 98 8923
16 99 8856
16 100 9190
16 101 8951
16 102 9103
16 103 9280
16 104 9254
16 105 9595
16 106 9361
16 107 9530
17 18 200
17 19 721
17 20 600
17 21 894
17 22 1000
17 23 800
17 24 825
17 25 1456
17 26 1400
17 27 1649
17 28 1709
17 29 1600
17 30 1612
17 31 2335
17 32 2300
17 33 2532
17 34 2571
17 35 2500
17 36 2508
17 37 3225
17 38 3200
17 39 3423
17 40 3453
17 41 3400
17 42 3406
17 43 4119
17 44 4050
17 45 4319
17 46 4342
17 47 4250
17 48 4255
17 49 4916
17 50 4900
17 51 5116
17 52 5135
17 53 5100
17 54 5104
17 55 8701
17 56 8258
17 57 7827
17 58 7480
17 59 7229
17 60 7095
17 61 7050
17 62 7090
17 63 7208
17 64 7447
17 65 7837
17 66 7404
17 67 7600
17 68 7796
17 69 7715
17 70 7312
17 71 7493
17 72 7692
17 73 7289
17 74 7253
17 75 7653
17 76 7250
17 77 7450
17 78 7650
17 79 7275
17 80 7673
17 81 7294
17 82 7493
17 83 7692
17 84 7384
17 85 7777
17 86 7424
17 87 7620
17 88 7816
17 89 7606
17 90 7988
17 91 7669
17 92 7858
17 93 8048
17 94 7925
17 95 8292
17 96 8008
17 97 8189
17 98 8372
17 99 8329
17 100 8656
17 101 8429
17 102 8577
17 103 8751
17 104 8751
17 105 9085
17 106 8864
17 107 9028
18 19 632
18 20 632
18 21 825
18 22 894
18 23 825
18 24 800
18 25 1414
18 26 1414
18 27 1612
18 28 1649
18 29 1612
18 30 1600
18 31 2309
18 32 2309
18 33 2508
18 34 2532
18 35 2508
18 36 2500
18 37 3206
18 38 3206
18 39 3406
18 40 3423
18 41 3406
18 42 3400
18 43 4105
18 44 4055
18 45 4305
18 46 4319
18 47 4255
18 48 4250
18 49 4904
18 50 4904
18 51 5104
18 52 5116
18 53 5104
18 54 5100
18 55 8864
18 56 8429
18 57 8008
18 58 7669
18 59 7424
18 60 7294
18 61 7250
18 62 7289
18 63 7404
18 64 7641
18 65 8032
18 66 7600
18 67 7796
18 68 7992
18 69 7913
18 70 7510
18 71 7692
18 72 7891
18 73 7488
18 74 7453
18 75 7853
18 76 7450
18 77 7650
18 78 7850
18 79 7474
18 80 7873
18 81 7493
18 82 7692
18 83 7891
18 84 7580
18 85 7974
18 86 7620
18 87 7816
18 88 8011
18 89 7797
18 90 8180
18 91 7858
18 92 8048
18 93 8238
18 94 8108
18 95 8477
18 96 8189
18 97 8372
18 98 8555
18 99 8504
18 100 8833
18 101 8602
18 102 8751
18 103 8927
18 104 8917
18 105 9254
18 106 9028
18 107 9194
19 20 400
19 21 200
19 22 283
19 23 447
19 24 283
19 25 800
19 26 894
19 27 1000
19 28 1020
19 29 1077
19 30 1020
19 31 1700
19 32 1746
19 33 1900
19 34 1910
19 35 1942
19 36 1910
19 37 2600
19 38 2631
19 39 2800
19 40 2807
19 41 2828
19 42 2807
19 43 3500
19 44 3473
19 45 3700
19 46 3705
19 47 3672
19 48 3655
19 49 4300
19 50 4319
19 51 4500
19 52 4504
19 53 4518
19 54 4504
19 55 8704
19 56 8318
19 57 7959
19 58 7688
19 59 7517
19 60 7453
19 61 7474
19 62 7571
19 63 7740
19 64 7988
19 65 8372
19 66 7933
19 67 8126
19 68 8319
19 69 8207
19 70 7805
19 71 7974
19 72 8171
19 73 7768
19 74 7692
19 75 8090
19 76 7673
19 77 7873
19 78 8072
19 79 7650
19 80 8050
19 81 7653
19 82 7853
19 83 8052
19 84 7692
19 85 8090
19 86 7715
19 87 7913
19 88 8112
19 89 7837
19 90 8228
19 91 7882
19 92 8077
19 93 8271
19 94 8080
19 95 8459
19 96 8146
19 97 8334
19 98 8523
19 99 8413
19 100 8758
19 101 8498
19 102 8657
19 103 8839
19 104 8776
19 105 9126
19 106 8875
19 107 9048
20 21 447
20 22 632
20 23 200
20 24 283
20 25 894
20 26 800
20 27 1077
20 28 1166
20 29 1000
20 30 1020
20 31 1746
20 32 1700
20 33 1942
20 34 1992
20 35 1900
20 36 1910
20 37 2631
20 38 2600
20 39 2828
20 40 2864
20 41 2800
20 42 2807
20 43 3523
20 44 3450
20 45 3722
20 46 3748
20 47 3650
20 48 3655
20 49 4319
20 50 4300
20 51 4518
20 52 4540
20 53 4500
20 54 4504
20 55 8364
20 56 7962
20 57 7586
20 58 7302
20 59 7121
20 60 7053
20 61 7075
20 62 7178
20 63 7356
20 64 7606
20 65 7988
20 66 7548
20 67 7740
20 68 7933
20 69 7816
20 70 7414
20 71 7580
20 72 7777
20 73 7375
20 74 7294
20 75 7692
20 76 7275
20 77 7474
20 78 7673
20 79 7250
20 80 7650
20 81 7253
20 82 7453
20 83 7653
20 84 7294
20 85 7692
20 86 7319
20 87 7517
20 88 7715
20 89 7447
20 90 7837
20 91 7495
20 92 7688
20 93 7882
20 94 7702
20 95 8080
20 96 7772
20 97 7959
20 98 8146
20 99 8051
20 100 8392
20 101 8140
20 102 8296
20 103 8476
20 104 8429
20 105 8776
20 106 8533
20 107 8704
21 22 200
21 23 400
21 24 200
21 25 600
21 26 721
21 27 800
21 28 825
21 29 894
21 30 825
21 31 1500
21 32 1552
21 33 1700
21 34 1712
21 35 1746
21 36 1712
21 37 2400
21 38 2433
21 39 2600
21 40 2608
21 41 2631
21 42 2608
21 43 3300
21 44 3275
21 45 3500
21 46 3506
21 47 3473
21 48 3456
21 49 4100
21 50 4119
21 51 4300
21 52 4305
21 53 4319
21 54 4305
21 55 8602
21 56 8231
21 57 7891
21 58 7641
21 59 7493
21 60 7450
21 61 7493
21 62 7610
21 63 7797
21 64 8048
21 65 8429
21 66 7988
21 67 8180
21 68 8372
21 69 8249
21 70 7848
21 71 8011
21 72 8207
21 73 7805
21 74 7715
21 75 8112
21 76 7692
21 77 7891
21 78 8090
21 79 7653
21 80 8052
21 81 7650
21 82 7850
21 83 8050
21 84 7673
21 85 8072
21 86 7692
21 87 7891
21 88 8090
21 89 7796
21 90 8189
21 91 7837
21 92 8032
21 93 8228
21 94 8018
21 95 8400
21 96 8080
21 97 8269
21 98 8459
21 99 8331
21 100 8681
21 101 8413
21 102 8575
21 103 8758
21 104 8679
21 105 9034
21 106 8776
21 107 8951
22 23 600
22 24 400
22 25 632
22 26 849
22 27 825
22 28 800
22 29 1000
22 30 894
22 31 1513
22 32 1616
22 33 1712
22 34 1700
22 35 1803
22 36 1746
22 37 2408
22 38 2474
22 39 2608
22 40 2600
22 41 2668
22 42 2631
22 43 3306
22 44 3305
22 45 3506
22 46 3500
22 47 3502
22 48 3473
22 49 4105
22 50 4144
22 51 4305
22 52 4300
22 53 4342
22 54 4319
22 55 8776
22 56 8413
22 57 8080
22 58 7837
22 59 7692
22 60 7650
22 61 7692
22 62 7805
22 63 7988
22 64 8238
22 65 8620
22 66 8180
22 67 8372
22 68 8565
22 69 8444
22 70 8043
22 71 8207
22 72 8404
22 73 8002
22 74 7913
22 75 8310
22 76 7891
22 77 8090
22 78 8289
22 79 7853
22 80 8252
22 81 7850
22 82 8050
22 83 8250
22 84 7873
22 85 8272
22 86 7891
22 87 8090
22 88 8289
22 89 7992
22 90 8385
22 91 8032
22 92 8228
22 93 8423
22 94 8209
22 95 8592
22 96 8269
22 97 8459
22 98 8650
22 99 8515
22 100 8867
22 101 8595
22 102 8758
22 103 8942
22 104 8856
22 105 9213
22 106 8951
22 107 9126
23 24 200
23 25 721
23 26 600
23 27 894
23 28 1000
23 29 800
23 30 825
23 31 1552
23 32 1500
23 33 1746
23 34 1803
23 35 1700
23 36 1712
23 37 2433
23 38 2400
23 39 2631
23 40 2668
23 41 2600
23 42 2608
23 43 3324
23 44 3250
23 45 3523
23 46 3551
23 47 3450
23 48 3456
23 49 4119
23 50 4100
23 51 4319
23 52 4342
23 53 4300
23 54 4305
23 55 8258
23 56 7871
23 57 7514
23 58 7252
23 59 7095
23 60 7050
23 61 7095
23 62 7218
23 63 7416
23 64 7669
23 65 8048
23 66 7606
23 67 7797
23 68 7988
23 69 7859
23 70 7458
23 71 7620
23 72 7816
23 73 7414
23 74 7319
23 75 7715
23 76 7294
23 77 7493
23 78 7692
23 79 7253
23 80 7653
23 81 7250
23 82 7450
23 83 7650
23 84 7275
23 85 7673
23 86 7294
23 87 7493
23 88 7692
23 89 7404
23 90 7796
23 91 7447
23 92 7641
23 93 7837
23 94 7637
23 95 8018
23 96 7702
23 97 7891
23 98 8080
23 99 7966
23 100 8312
23 101 8051
23 102 8210
23 103 8392
23 104 8329
23 105 8679
23 106 8429
23 107 8602
24 25 632
24 26 632
24 27 825
24 28 894
24 29 825
24 30 800
24 31 1513
24 32 1513
24 33 1712
24 34 1746
24 35 1712
24 36 1700
24 37 2408
24 38 2408
24 39 2608
24 40 2631
24 41 2608
24 42 2600
24 43 3306
24 44 3256
24 45 3506
24 46 3523
24 47 3456
24 48 3450
24 49 4105
24 50 4105
24 51 4305
24 52 4319
24 53 4305
24 54 4300
24 55 8429
24 56 8051
24 57 7702
24 58 7447
24 59 7294
24 60 7250
24 61 7294
24 62 7414
24 63 7606
24 64 7858
24 65 8238
24 66 7797
24 67 7988
24 68 8180
24 69 8054
24 70 7653
24 71 7816
24 72 8011
24 73 7610
24 74 7517
24 75 7913
24 76 7493
24 77 7692
24 78 7891
24 79 7453
24 80 7853
24 81 7450
24 82 7650
24 83 7850
24 84 7474
24 85 7873
24 86 7493
24 87 7692
24 88 7891
24 89 7600
24 90 7992
24 91 7641
24 92 7837
24 93 8032
24 94 7827
24 95 8209
24 96 7891
24 97 8080
24 98 8269
24 99 8148
24 100 8496
24 101 8231
24 102 8392
24 103 8575
24 104 8504
24 105 8856
24 106 8602
24 107 8776
25 26 400
25 27 200
25 28 283
25 29 447
25 30 283
25 31 900
25 32 985
25 33 1100
25 34 1118
25 35 1170
25 36 1118
25 37 1800
25 38 1844
25 39 2000
25 40 2010
25 41 2040
25 42 2010
25 43 2700
25 44 2680
25 45 2900
25 46 2907
25 47 2878
25 48 2857
25 49 3500
25 50 3523
25 51 3700
25 52 3705
25 53 3722
25 54 3705
25 55 8318
25 56 7995
25 57 7714
25 58 7531
25 59 7453
25 60 7474
25 61 7580
25 62 7754
25 63 7995
25 64 8254
25 65 8626
25 66 8181
25 67 8369
25 68 8556
25 69 8400
25 70 8003
25 71 8152
25 72 8345
25 73 7946
25 74 7816
25 75 8207
25 76 7777
25 77 7974
25 78 8171
25 79 7692
25 80 8090
25 81 7673
25 82 7873
25 83 8072
25 84 7650
25 85 8050
25 86 7653
25 87 7853
25 88 8052
25 89 7703
25 90 8100
25 91 7729
25 92 7927
25 93 8125
25 94 7859
25 95 8249
25 96 7907
25 97 8101
25 98 8295
25 99 8112
25 100 8475
25 101 8181
25 102 8351
25 103 8540
25 104 8413
25 105 8778
25 106 8498
25 107 8678
26 27 447
26 28 632
26 29 200
26 30 283
26 31 985
26 32 900
26 33 1170
26 34 1253
26 35 1100
26 36 1118
26 37 1844
26 38 1800
26 39 2040
26 40 2088
26 41 2000
26 42 2010
26 43 2729
26 44 2650
26 45 2927
26 46 2961
26 47 2850
26 48 2857
26 49 3523
26 50 3500
26 51 3722
26 52 3748
26 53 3700
26 54 3705
26 55 7962
26 56 7623
26 57 7328
26 58 7135
26 59 7053
26 60 7075
26 61 7188
26 62 7371
26 63 7623
26 64 7885
26 65 8254
26 66 7808
26 67 7995
26 68 8181
26 69 8018
26 70 7621
26 71 7768
26 72 7960
26 73 7562
26 74 7424
26 75 7816
26 76 7384
26 77 7580
26 78 7777
26 79 7294
26 80 7692
26 81 7275
26 82 7474
26 83 7673
26 84 7250
26 85 7650
26 86 7253
26 87 7453
26 88 7653
26 89 7306
26 90 7703
26 91 7333
26 92 7531
26 93 7729
26 94 7470
26 95 7859
26 96 7521
26 97 7714
26 98 7907
26 99 7736
26 100 8096
26 101 7808
26 102 7977
26 103 8164
26 104 8051
26 105 8413
26 106 8140
26 107 8318
27 28 200
27 29 400
27 30 200
27 31 700
27 32 806
27 33 900
27 34 922
27 35 985
27 36 922
27 37 1600
27 38 1649
27 39 1800
27 40 1811
27 41 1844
27 42 1811
27 43 2500
27 44 2482
27 45 2700
27 46 2707
27 47 2680
27 48 2658
27 49 3300
27 50 3324
27 51 3500
27 52 3506
27 53 3523
27 54 3506
27 55 8231
27 56 7924
27 57 7664
27 58 7504
27 59 7450
27 60 7493
27 61 7620
27 62 7812
27 63 8069
27 64 8331
27 65 8700
27 66 8254
27 67 8440
27 68 8626
27 69 8459
27 70 8064
27 71 8209
27 72 8400
27 73 8003
27 74 7859
27 75 8249
27 76 7816
27 77 8011
27 78 8207
27 79 7715
27 80 8112
27 81 7692
27 82 7891
27 83 8090
27 84 7653
27 85 8052
27 86 7650
27 87 7850
27 88 8050
27 89 7682
27 90 8080
27 91 7703
27 92 7901
27 93 8100
27 94 7816
27 95 8207
27 96 7859
27 97 8054
27 98 8249
27 99 8048
27 100 8415
27 101 8112
27 102 8285
27 103 8475
27 104 8331
27 105 8700
27 106 8413
27 107 8595
28 29 600
28 30 400
28 31 728
28 32 922
28 33 922
28 34 900
28 35 1082
28 36 985
28 37 1612
28 38 1709
28 39 1811
28 40 1800
28 41 1897
28 42 1844
28 43 2508
28 44 2522
28 45 2707
28 46 2700
28 47 2717
28 48 2680
28 49 3306
28 50 3354
28 51 3506
28 52 3500
28 53 3551
28 54 3523
28 55 8413
28 56 8112
28 57 7859
28 58 7703
28 59 7650
28 60 7692
28 61 7816
28 62 8003
28 63 8254
28 64 8515
28 65 8886
28 66 8440
28 67 8626
28 68 8813
28 69 8650
28 70 8254
28 71 8400
28 72 8592
28 73 8194
28 74 8054
28 75 8444
28 76 8011
28 77 8207
28 78 8404
28 79 7913
28 80 8310
28 81 7891
28 82 8090
28 83 8289
28 84 7853
28 85 8252
28 86 7850
28 87 8050
28 88 8250
28 89 7881
28 90 8280
28 91 7901
28 92 8100
28 93 8299
28 94 8011
28 95 8404
28 96 8054
28 97 8249
28 98 8444
28 99 8238
28 100 8606
28 101 8301
28 102 8475
28 103 8665
28 104 8515
28 105 8886
28 106 8595
28 107 8778
29 30 200
29 31 806
29 32 700
29 33 985
29 34 1082
29 35 900
29 36 922
29 37 1649
29 38 1600
29 39 1844
29 40 1897
29 41 1800
29 42 1811
29 43 2532
29 44 2450
29 45 2729
29 46 2766
29 47 2650
29 48 2658
29 49 3324
29 50 3300
29 51 3523
29 52 3551
29 53 3500
29 54 3506
29 55 7871
29 56 7549
29 57 7276
29 58 7107
29 59 7050
29 60 7095
29 61 7229
29 62 7431
29 63 7701
29 64 7966
29 65 8331
29 66 7885
29 67 8069
29 68 8254
29 69 8080
29 70 7685
29 71 7827
29 72 8018
29 73 7621
29 74 7470
29 75 7859
29 76 7424
29 77 7620
29 78 7816
29 79 7319
29 80 7715
29 81 7294
29 82 7493
29 83 7692
29 84 7253
29 85 7653
29 86 7250
29 87 7450
29 88 7650
29 89 7284
29 90 7682
29 91 7306
29 92 7504
29 93 7703
29 94 7424
29 95 7816
29 96 7470
29 97 7664
29 98 7859
29 99 7669
29 100 8033
29 101 7736
29 102 7907
29 103 8096
29 104 7966
29 105 8331
29 106 8051
29 107 8231
30 31 728
30 32 728
30 33 922
30 34 985
30 35 922
30 36 900
30 37 1612
30 38 1612
30 39 1811
30 40 1844
30 41 1811
30 42 1800
30 43 2508
30 44 2458
30 45 2707
30 46 2729
30 47 2658
30 48 2650
30 49 3306
30 50 3306
30 51 3506
30 52 3523
30 53 3506
30 54 3500
30 55 8051
30 56 7736
30 57 7470
30 58 7306
30 59 7250
30 60 7294
30 61 7424
30 62 7621
30 63 7885
30 64 8148
30 65 8515
30 66 8069
30 67 8254
30 68 8440
30 69 8269
30 70 7874
30 71 8018
30 72 8209
30 73 7812
30 74 7664
30 75 8054
30 76 7620
30 77 7816
30 78 8011
30 79 7517
30 80 7913
30 81 7493
30 82 7692
30 83 7891
30 84 7453
30 85 7853
30 86 7450
30 87 7650
30 88 7850
30 89 7483
30 90 7881
30 91 7504
30 92 7703
30 93 7901
30 94 7620
30 95 8011
30 96 7664
30 97 7859
30 98 8054
30 99 7858
30 100 8223
30 101 7924
30 102 8096
30 103 8285
30 104 8148
30 105 8515
30 106 8231
30 107 8413
31 32 400
31 33 200
31 34 283
31 35 447
31 36 283
31 37 900
31 38 985
31 39 1100
31 40 1118
31 41 1170
31 42 1118
31 43 1800
31 44 1795
31 45 2000
31 46 2010
31 47 1991
31 48 1960
31 49 2600
31 50 2631
31 51 2800
31 52 2807
31 53 2828
31 54 2807
31 55 7959
31 56 7714
31 57 7531
31 58 7453
31 59 7483
31 60 7600
31 61 7797
31 62 8050
31 63 8363
31 64 8633
31 65 8989
31 66 8542
31 67 8721
31 68 8902
31 69 8700
31 70 8312
31 71 8440
31 72 8626
31 73 8236
31 74 8048
31 75 8429
31 76 7988
31 77 8180
31 78 8372
31 79 7837
31 80 8228
31 81 7796
31 82 7992
31 83 8189
31 84 7703
31 85 8100
31 86 7682
31 87 7881
31 88 8080
31 89 7650
31 90 8050
31 91 7653
31 92 7853
31 93 8052
31 94 7703
31 95 8100
31 96 7729
31 97 7927
31 98 8125
31 99 7859
31 100 8238
31 101 7907
31 102 8089
31 103 8283
31 104 8080
31 105 8459
31 106 8146
31 107 8334
32 33 447
32 34 632
32 35 200
32 36 283
32 37 985
32 38 900
32 39 1170
32 40 1253
32 41 1100
32 42 1118
32 43 1844
32 44 1750
32 45 2040
32 46 2088
32 47 1950
32 48 1960
32 49 2631
32 50 2600
32 51 2828
32 52 2864
32 53 2800
32 54 2807
32 55 7586
32 56 7328
32 57 7135
32 58 7053
32 59 7085
32 60 7208
32 61 7416
32 62 7681
32 63 8009
32 64 8280
32 65 8633
32 66 8186
32 67 8363
32 68 8542
32 69 8331
32 70 7945
32 71 8069
32 72 8254
32 73 7865
32 74 7669
32 75 8048
32 76 7606
32 77 7797
32 78 7988
32 79 7447
32 80 7837
32 81 7404
32 82 7600
32 83 7796
32 84 7306
32 85 7703
32 86 7284
32 87 7483
32 88 7682
32 89 7250
32 90 7650
32 91 7253
32 92 7453
32 93 7653
32 94 7306
32 95 7703
32 96 7333
32 97 7531
32 98 7729
32 99 7470
32 100 7848
32 101 7521
32 102 7701
32 103 7895
32 104 7702
32 105 8080
32 106 7772
32 107 7959
33 34 200
33 35 400
33 36 200
33 37 700
33 38 806
33 39 900
33 40 922
33 41 985
33 42 922
33 43 1600
33 44 1601
33 45 1800
33 46 1811
33 47 1795
33 48 1761
33 49 2400
33 50 2433
33 51 2600
33 52 2608
33 53 2631
33 54 2608
33 55 7891
33 56 7664
33 57 7504
33 58 7450
33 59 7504
33 60 7641
33 61 7858
33 62 8128
33 63 8456
33 64 8727
33 65 9080
33 66 8633
33 67 8810
33 68 8989
33 69 8778
33 70 8392
33 71 8515
33 72 8700
33 73 8312
33 74 8112
33 75 8491
33 76 8048
33 77 8238
33 78 8429
33 79 7882
33 80 8271
33 81 7837
33 82 8032
33 83 8228
33 84 7729
33 85 8125
33 86 7703
33 87 7901
33 88 8100
33 89 7653
33 90 8052
33 91 7650
33 92 7850
33 93 8050
33 94 7682
33 95 8080
33 96 7703
33 97 7901
33 98 8100
33 99 7816
33 100 8198
33 101 7859
33 102 8043
33 103 8238
33 104 8018
33 105 8400
33 106 8080
33 107 8269
34 35 600
34 36 400
34 37 728
34 38 922
34 39 922
34 40 900
34 41 1082
34 42 985
34 43 1612
34 44 1662
34 45 1811
34 46 1800
34 47 1850
34 48 1795
34 49 2408
34 50 2474
34 51 2608
34 52 2600
34 53 2668
34 54 2631
34 55 8080
34 56 7859
34 57 7703
34 58 7650
34 59 7703
34 60 7837
34 61 8048
34 62 8312
34 63 8633
34 64 8903
34 65 9258
34 66 8810
34 67 8989
34 68 9169
34 69 8962
34 70 8575
34 71 8700
34 72 8886
34 73 8496
34 74 8301
34 75 8681
34 76 8238
34 77 8429
34 78 8620
34 79 8077
34 80 8466
34 81 8032
34 82 8228
34 83 8423
34 84 7927
34 85 8323
34 86 7901
34 87 8100
34 88 8299
34 89 7853
34 90 8252
34 91 7850
34 92 8050
34 93 8250
34 94 7881
34 95 8280
34 96 7901
34 97 8100
34 98 8299
34 99 8011
34 100 8394
34 101 8054
34 102 8238
34 103 8434
34 104 8209
34 105 8592
34 106 8269
34 107 8459
35 36 200
35 37 806
35 38 700
35 39 985
35 40 1082
35 41 900
35 42 922
35 43 1649
35 44 1550
35 45 1844
35 46 1897
35 47 1750
35 48 1761
35 49 2433
35 50 2400
35 51 2631
35 52 2668
35 53 2600
35 54 2608
35 55 7514
35 56 7276
35 57 7107
35 58 7050
35 59 7107
35 60 7252
35 61 7480
35 62 7763
35 63 8106
35 64 8379
35 65 8727
35 66 8280
35 67 8456
35 68 8633
35 69 8413
35 70 8029
35 71 8148
35 72 8331
35 73 7945
35 74 7736
35 75 8112
35 76 7669
35 77 7858
35 78 8048
35 79 7495
35 80 7882
35 81 7447
35 82 7641
35 83 7837
35 84 7333
35 85 7729
35 86 7306
35 87 7504
35 88 7703
35 89 7253
35 90 7653
35 91 7250
35 92 7450
35 93 7650
35 94 7284
35 95 7682
35 96 7306
35 97 7504
35 98 7703
35 99 7424
35 100 7805
35 101 7470
35 102 7653
35 103 7848
35 104 7637
35 105 8018
35 106 7702
35 107 7891
36 37 728
36 38 728
36 39 922
36 40 985
36 41 922
36 42 900
36 43 1612
36 44 1563
36 45 1811
36 46 1844
36 47 1761
36 48 1750
36 49 2408
36 50 2408
36 51 2608
36 52 2631
36 53 2608
36 54 2600
36 55 7702
36 56 7470
36 57 7306
36 58 7250
36 59 7306
36 60 7447
36 61 7669
36 62 7945
36 63 8280
36 64 8552
36 65 8903
36 66 8456
36 67 8633
36 68 8810
36 69 8595
36 70 8210
36 71 8331
36 72 8515
36 73 8128
36 74 7924
36 75 8301
36 76 7858
36 77 8048
36 78 8238
36 79 7688
36 80 8077
36 81 7641
36 82 7837
36 83 8032
36 84 7531
36 85 7927
36 86 7504
36 87 7703
36 88 7901
36 89 7453
36 90 7853
36 91 7450
36 92 7650
36 93 7850
36 94 7483
36 95 7881
36 96 7504
36 97 7703
36 98 7901
36 99 7620
36 100 8002
36 101 7664
36 102 7848
36 103 8043
36 104 7827
36 105 8209
36 106 7891
36 107 8080
37 38 400
37 39 200
37 40 283
37 41 447
37 42 283
37 43 900
37 44 939
37 45 1100
37 46 1118
37 47 1124
37 48 1069
37 49 1700
37 50 1746
37 51 1900
37 52 1910
37 53 1942
37 54 1910
37 55 7688
37 56 7531
37 57 7453
37 58 7483
37 59 7620
37 60 7827
37 61 8108
37 62 8432
37 63 8809
37 64 9085
37 65 9424
37 66 8978
37 67 9149
37 68 9322
37 69 9080
37 70 8703
37 71 8810
37 72 8989
37 73 8610
37 74 8372
37 75 8739
37 76 8292
37 77 8477
37 78 8663
37 79 8080
37 80 8459
37 81 8018
37 82 8209
37 83 8400
37 84 7859
37 85 8249
37 86 7816
37 87 8011
37 88 8207
37 89 7703
37 90 8100
37 91 7682
37 92 7881
37 93 8080
37 94 7650
37 95 8050
37 96 7653
37 97 7853
37 98 8052
37 99 7703
37 100 8095
37 101 7729
37 102 7920
37 103 8118
37 104 7837
37 105 8228
37 106 7882
37 107 8077
38 39 447
38 40 632
38 41 200
38 42 283
38 43 985
38 44 850
38 45 1170
38 46 1253
38 47 1050
38 48 1069
38 49 1746
38 50 1700
38 51 1942
38 52 1992
38 53 1900
38 54 1910
38 55 7302
38 56 7135
38 57 7053
38 58 7085
38 59 7229
38 60 7447
38 61 7742
38 62 8081
38 63 8473
38 64 8751
38 65 9085
38 66 8640
38 67 8809
38 68 8978
38 69 8727
38 70 8354
38 71 8456
38 72 8633
38 73 8256
38 74 8008
38 75 8372
38 76 7925
38 77 8108
38 78 8292
38 79 7702
38 80 8080
38 81 7637
38 82 7827
38 83 8018
38 84 7470
38 85 7859
38 86 7424
38 87 7620
38 88 7816
38 89 7306
38 90 7703
38 91 7284
38 92 7483
38 93 7682
38 94 7250
38 95 7650
38 96 7253
38 97 7453
38 98 7653
38 99 7306
38 100 7697
38 101 7333
38 102 7524
38 103 7722
38 104 7447
38 105 7837
38 106 7495
38 107 7688
39 40 200
39 41 400
39 42 200
39 43 700
39 44 763
39 45 900
39 46 922
39 47 939
39 48 873
39 49 1500
39 50 1552
39 51 1700
39 52 1712
39 53 1746
39 54 1712
39 55 7641
39 56 7504
39 57 7450
39 58 7504
39 59 7664
39 60 7891
39 61 8189
39 62 8528
39 63 8917
39 64 9194
39 65 9530
39 66 9085
39 67 9254
39 68 9424
39 69 9174
39 70 8800
39 71 8903
39 72 9080
39 73 8703
39 74 8455
39 75 8818
39 76 8372
39 77 8555
39 78 8739
39 79 8146
39 80 8523
39 81 8080
39 82 8269
39 83 8459
39 84 7907
39 85 8295
39 86 7859
39 87 8054
39 88 8249
39 89 7729
39 90 8125
39 91 7703
39 92 7901
39 93 8100
39 94 7653
39 95 8052
39 96 7650
39 97 7850
39 98 8050
39 99 7682
39 100 8076
39 101 7703
39 102 7896
39 103 8095
39 104 7796
39 105 8189
39 106 7837
39 107 8032
40 41 600
40 42 400
40 43 728
40 44 885
40 45 922
40 46 900
40 47 1040
40 48 939
40 49 1513
40 50 1616
40 51 1712
40 52 1700
40 53 1803
40 54 1746
40 55 7837
40 56 7703
40 57 7650
40 58 7703
40 59 7859
40 60 8080
40 61 8372
40 62 8703
40 63 9085
40 64 9361
40 65 9699
40 66 9254
40 67 9424
40 68 9595
40 69 9350
40 70 8975
40 71 9080
40 72 9258
40 73 8879
40 74 8636
40 75 9001
40 76 8555
40 77 8739
40 78 8923
40 79 8334
40 80 8712
40 81 8269
40 82 8459
40 83 8650
40 84 8101
40 85 8489
40 86 8054
40 87 8249
40 88 8444
40 89 7927
40 90 8323
40 91 7901
40 92 8100
40 93 8299
40 94 7853
40 95 8252
40 96 7850
40 97 8050
40 98 8250
40 99 7881
40 100 8276
40 101 7901
40 102 8095
40 103 8294
40 104 7992
40 105 8385
40 106 8032
40 107 8228
41 42 200
41 43 806
41 44 650
41 45 985
41 46 1082
41 47 850
41 48 873
41 49 1552
41 50 1500
41 51 1746
41 52 1803
41 53 1700
41 54 1712
41 55 7252
41 56 7107
41 57 7050
41 58 7107
41 59 7276
41 60 7514
41 61 7827
41 62 8181
41 63 8586
41 64 8864
41 65 9194
41 66 8751
41 67 8917
41 68 9085
41 69 8825
41 70 8455
41 71 8552
41 72 8727
41 73 8354
41 74 8095
41 75 8455
41 76 8008
41 77 8189
41 78 8372
41 79 7772
41 80 8146
41 81 7702
41 82 7891
41 83 8080
41 84 7521
41 85 7907
41 86 7470
41 87 7664
41 88 7859
41 89 7333
41 90 7729
41 91 7306
41 92 7504
41 93 7703
41 94 7253
41 95 7653
41 96 7250
41 97 7450
41 98 7650
41 99 7284
41 100 7678
41 101 7306
41 102 7498
41 103 7697
41 104 7404
41 105 7796
41 106 7447
41 107 7641
42 43 728
42 44 680
42 45 922
42 46 985
42 47 873
42 48 850
42 49 1513
42 50 1513
42 51 1712
42 52 1746
42 53 1712
42 54 1700
42 55 7447
42 56 7306
42 57 7250
42 58 7306
42 59 7470
42 60 7702
42 61 8008
42 62 8354
42 63 8751
42 64 9028
42 65 9361
42 66 8917
42 67 9085
42 68 9254
42 69 8999
42 70 8627
42 71 8727
42 72 8903
42 73 8528
42 74 8274
42 75 8636
42 76 8189
42 77 8372
42 78 8555
42 79 7959
42 80 8334
42 81 7891
42 82 8080
42 83 8269
42 84 7714
42 85 8101
42 86 7664
42 87 7859
42 88 8054
42 89 7531
42 90 7927
42 91 7504
42 92 7703
42 93 7901
42 94 7453
42 95 7853
42 96 7450
42 97 7650
42 98 7850
42 99 7483
42 100 7877
42 101 7504
42 102 7697
42 103 7896
42 104 7600
42 105 7992
42 106 7641
42 107 7837
43 44 403
43 45 200
43 46 283
43 47 427
43 48 250
43 49 800
43 50 894
43 51 1000
43 52 1020
43 53 1077
43 54 1020
43 55 7517
43 56 7453
43 57 7483
43 58 7620
43 59 7858
43 60 8148
43 61 8504
43 62 8890
43 63 9320
43 64 9600
43 65 9922
43 66 9481
43 67 9643
43 68 9806
43 69 9530
43 70 9167
43 71 9254
43 72 9424
43 73 9058
43 74 8776
43 75 9126
43 76 8679
43 77 8856
43 78 9034
43 79 8413
43 80 8778
43 81 8331
43 82 8515
43 83 8700
43 84 8112
43 85 8491
43 86 8048
43 87 8238
43 88 8429
43 89 7859
43 90 8249
43 91 7816
43 92 8011
43 93 8207
43 94 7703
43 95 8100
43 96 7682
43 97 7881
43 98 8080
43 99 7650
43 100 8050
43 101 7653
43 102 7851
43 103 8051
43 104 7692
43 105 8090
43 106 7715
43 107 7913
44 45 472
44 46 650
44 47 200
44 48 283
44 49 939
44 50 850
44 51 1124
44 52 1209
44 53 1050
44 54 1069
44 55 7128
44 56 7054
44 57 7080
44 58 7218
44 59 7464
44 60 7763
44 61 8130
44 62 8529
44 63 8972
44 64 9253
44 65 9570
44 66 9130
44 67 9290
44 68 9451
44 69 9167
44 70 8807
44 71 8890
44 72 9058
44 73 8695
44 74 8404
44 75 8751
44 76 8305
44 77 8480
44 78 8656
44 79 8029
44 80 8392
44 81 7945
44 82 8128
44 83 8312
44 84 7719
44 85 8096
44 86 7653
44 87 7843
44 88 8033
44 89 7458
44 90 7848
44 91 7414
44 92 7610
44 93 7805
44 94 7300
44 95 7697
44 96 7279
44 97 7478
44 98 7678
44 99 7250
44 100 7650
44 101 7254
44 102 7453
44 103 7653
44 104 7300
44 105 7697
44 106 7326
44 107 7524
45 46 200
45 47 403
45 48 206
45 49 600
45 50 721
45 51 800
45 52 825
45 53 894
45 54 825
45 55 7493
45 56 7450
45 57 7504
45 58 7664
45 59 7924
45 60 8231
45 61 8602
45 62 9000
45 63 9442
45 64 9722
45 65 10040
45 66 9600
45 67 9760
45 68 9922
45 69 9638
45 70 9278
45 71 9361
45 72 9530
45 73 9167
45 74 8875
45 75 9222
45 76 8776
45 77 8951
45 78 9126
45 79 8498
45 80 8860
45 81 8413
45 82 8595
45 83 8778
45 84 8181
45 85 8556
45 86 8112
45 87 8301
45 88 8491
45 89 7907
45 90 8295
45 91 7859
45 92 8054
45 93 8249
45 94 7729
45 95 8125
45 96 7703
45 97 7901
45 98 8100
45 99 7653
45 100 8054
45 101 7650
45 102 7850
45 103 8050
45 104 7673
45 105 8072
45 106 7692
45 107 7891
46 47 602
46 48 403
46 49 632
46 50 849
46 51 825
46 52 800
46 53 1000
46 54 894
46 55 7692
46 56 7650
46 57 7703
46 58 7859
46 59 8112
46 60 8413
46 61 8776
46 62 9167
46 63 9600
46 64 9880
46 65 10201
46 66 9760
46 67 9922
46 68 10085
46 69 9806
46 70 9444
46 71 9530
46 72 9699
46 73 9334
46 74 9048
46 75 9397
46 76 8951
46 77 9126
46 78 9303
46 79 8678
46 80 9042
46 81 8595
46 82 8778
46 83 8962
46 84 8369
46 85 8745
46 86 8301
46 87 8491
46 88 8681
46 89 8101
46 90 8489
46 91 8054
46 92 8249
46 93 8444
46 94 7927
46 95 8323
46 96 7901
46 97 8100
46 98 8299
46 99 7853
46 100 8254
46 101 7850
46 102 8050
46 103 8250
46 104 7873
46 105 8272
46 106 7891
46 107 8090
47 48 200
47 49 763
47 50 650
47 51 939
47 52 1040
47 53 850
47 54 873
47 55 7101
47 56 7050
47 57 7101
47 58 7264
47 59 7532
47 60 7849
47 61 8232
47 62 8643
47 63 9098
47 64 9379
47 65 9691
47 66 9253
47 67 9411
47 68 9570
47 69 9278
47 70 8922
47 71 9000
47 72 9167
47 73 8807
47 74 8507
47 75 8850
47 76 8404
47 77 8577
47 78 8751
47 79 8117
47 80 8476
47 81 8029
47 82 8210
47 83 8392
47 84 7790
47 85 8164
47 86 7719
47 87 7907
47 88 8096
47 89 7508
47 90 7895
47 91 7458
47 92 7653
47 93 7848
47 94 7326
47 95 7722
47 96 7300
47 97 7498
47 98 7697
47 99 7252
47 100 7653
47 101 7250
47 102 7450
47 103 7650
47 104 7279
47 105 7678
47 106 7300
47 107 7498
48 49 680
48 50 680
48 51 873
48 52 939
48 53 873
48 54 850
48 55 7300
48 56 7250
48 57 7300
48 58 7458
48 59 7719
48 60 8029
48 61 8404
48 62 8807
48 63 9253
48 64 9534
48 65 9850
48 66 9411
48 67 9570
48 68 9731
48 69 9444
48 70 9085
48 71 9167
48 72 9334
48 73 8972
48 74 8678
48 75 9024
48 76 8577
48 77 8751
48 78 8927
48 79 8296
48 80 8657
48 81 8210
48 82 8392
48 83 8575
48 84 7977
48 85 8351
48 86 7907
48 87 8096
48 88 8285
48 89 7701
48 90 8089
48 91 7653
48 92 7848
48 93 8043
48 94 7524
48 95 7920
48 96 7498
48 97 7697
48 98 7896
48 99 7452
48 100 7853
48 101 7450
48 102 7650
48 103 7850
48 104 7478
48 105 7877
48 106 7498
48 107 7697
49 50 400
49 51 200
49 52 283
49 53 447
49 54 283
49 55 7453
49 56 7474
49 57 7600
49 58 7827
49 59 8148
49 60 8504
49 61 8917
49 62 9350
49 63 9822
49 64 10104
49 65 10410
49 66 9974
49 67 10128
49 68 10284
49 69 9981
49 70 9630
49 71 9701
49 72 9864
49 73 9510
49 74 9194
49 75 9530
49 76 9085
49 77 9254
49 78 9424
49 79 8776
49 80 9126
49 81 8679
49 82 8856
49 83 9034
49 84 8413
49 85 8778
49 86 8331
49 87 8515
49 88 8700
49 89 8080
49 90 8459
49 91 8018
49 92 8209
49 93 8400
49 94 7837
49 95 8228
49 96 7796
49 97 7992
49 98 8189
49 99 7692
49 100 8095
49 101 7673
49 102 7877
49 103 8076
49 104 7650
49 105 8050
49 106 7653
49 107 7853
50 51 447
50 52 632
50 53 200
50 54 283
50 55 7053
50 56 7075
50 57 7208
50 58 7447
50 59 7784
50 60 8156
50 61 8586
50 62 9035
50 63 9522
50 64 9804
50 65 10104
50 66 9671
50 67 9822
50 68 9974
50 69 9661
50 70 9316
50 71 9380
50 72 9540
50 73 9192
50 74 8864
50 75 9194
50 76 8751
50 77 8917
50 78 9085
50 79 8429
50 80 8776
50 81 8329
50 82 8504
50 83 8679
50 84 8051
50 85 8413
50 86 7966
50 87 8148
50 88 8331
50 89 7702
50 90 8080
50 91 7637
50 92 7827
50 93 8018
50 94 7447
50 95 7837
50 96 7404
50 97 7600
50 98 7796
50 99 7294
50 100 7697
50 101 7275
50 102 7478
50 103 7678
50 104 7250
50 105 7650
50 106 7253
50 107 7453
51 52 200
51 53 400
51 54 200
51 55 7450
51 56 7493
51 57 7641
51 58 7891
51 59 8231
51 60 8602
51 61 9028
51 62 9472
51 63 9953
51 64 10235
51 65 10538
51 66 10104
51 67 10256
51 68 10410
51 69 10100
51 70 9753
51 71 9820
51 72 9981
51 73 9630
51 74 9307
51 75 9638
51 76 9194
51 77 9361
51 78 9530
51 79 8875
51 80 9222
51 81 8776
51 82 8951
51 83 9126
51 84 8498
51 85 8860
51 86 8413
51 87 8595
51 88 8778
51 89 8146
51 90 8523
51 91 8080
51 92 8269
51 93 8459
51 94 7882
51 95 8271
51 96 7837
51 97 8032
51 98 8228
51 99 7715
51 100 8118
51 101 7692
51 102 7896
51 103 8095
51 104 7653
51 105 8052
51 106 7650
51 107 7850
52 53 600
52 54 400
52 55 7650
52 56 7692
52 57 7837
52 58 8080
52 59 8413
52 60 8776
52 61 9194
52 62 9630
52 63 10104
52 64 10386
52 65 10691
52 66 10256
52 67 10410
52 68 10565
52 69 10260
52 70 9911
52 71 9981
52 72 10143
52 73 9790
52 74 9472
52 75 9806
52 76 9361
52 77 9530
52 78 9699
52 79 9048
52 80 9397
52 81 8951
52 82 9126
52 83 9303
52 84 8678
52 85 9042
52 86 8595
52 87 8778
52 88 8962
52 89 8334
52 90 8712
52 91 8269
52 92 8459
52 93 8650
52 94 8077
52 95 8466
52 96 8032
52 97 8228
52 98 8423
52 99 7913
52 100 8317
52 101 7891
52 102 8095
52 103 8294
52 104 7853
52 105 8252
52 106 7850
52 107 8050
53 54 200
53 55 7050
53 56 7095
53 57 7252
53 58 7514
53 59 7871
53 60 8258
53 61 8701
53 62 9161
53 63 9657
53 64 9940
53 65 10235
53 66 9804
53 67 9953
53 68 10104
53 69 9784
53 70 9443
53 71 9503
53 72 9661
53 73 9316
53 74 8981
53 75 9307
53 76 8864
53 77 9028
53 78 9194
53 79 8533
53 80 8875
53 81 8429
53 82 8602
53 83 8776
53 84 8140
53 85 8498
53 86 8051
53 87 8231
53 88 8413
53 89 7772
53 90 8146
53 91 7702
53 92 7891
53 93 8080
53 94 7495
53 95 7882
53 96 7447
53 97 7641
53 98 7837
53 99 7319
53 100 7722
53 101 7294
53 102 7498
53 103 7697
53 104 7253
53 105 7653
53 106 7250
53 107 7450
54 55 7250
54 56 7294
54 57 7447
54 58 7702
54 59 8051
54 60 8429
54 61 8864
54 62 9316
54 63 9804
54 64 10087
54 65 10386
54 66 9953
54 67 10104
54 68 10256
54 69 9941
54 70 9597
54 71 9661
54 72 9820
54 73 9472
54 74 9143
54 75 9472
54 76 9028
54 77 9194
54 78 9361
54 79 8704
54 80 9048
54 81 8602
54 82 8776
54 83 8951
54 84 8318
54 85 8678
54 86 8231
54 87 8413
54 88 8595
54 89 7959
54 90 8334
54 91 7891
54 92 8080
54 93 8269
54 94 7688
54 95 8077
54 96 7641
54 97 7837
54 98 8032
54 99 7517
54 100 7920
54 101 7493
54 102 7697
54 103 7896
54 104 7453
54 105 7853
54 106 7450
54 107 7650
55 56 800
55 57 1700
55 58 2600
55 59 3500
55 60 4300
55 61 5100
55 62 5850
55 63 6600
55 64 6803
55 65 6826
55 66 6603
55 67 6612
55 68 6627
55 69 6129
55 70 6053
55 71 5914
55 72 5930
55 73 5853
55 74 5304
55 75 5334
55 76 5104
55 77 5116
55 78 5135
55 79 4504
55 80 4540
55 81 4305
55 82 4319
55 83 4342
55 84 3705
55 85 3748
55 86 3506
55 87 3523
55 88 3551
55 89 2807
55 90 2864
55 91 2608
55 92 2631
55 93 2668
55 94 1910
55 95 1992
55 96 1712
55 97 1746
55 98 1803
55 99 1020
55 100 1209
55 101 825
55 102 939
55 103 1040
55 104 283
55 105 632
55 106 200
55 107 400
56 57 900
56 58 1800
56 59 2700
56 60 3500
56 61 4300
56 62 5050
56 63 5800
56 64 6003
56 65 6030
56 66 5803
56 67 5814
56 68 5831
56 69 5334
56 70 5254
56 71 5116
56 72 5135
56 73 5054
56 74 4504
56 75 4540
56 76 4305
56 77 4319
56 78 4342
56 79 3705
56 80 3748
56 81 3506
56 82 3523
56 83 3551
56 84 2907
56 85 2961
56 86 2707
56 87 2729
56 88 2766
56 89 2010
56 90 2088
56 91 1811
56 92 1844
56 93 1897
56 94 1118
56 95 1253
56 96 922
56 97 985
56 98 1082
56 99 283
56 100 650
56 101 200
56 102 403
56 103 602
56 104 632
56 105 849
56 106 825
56 107 894
57 58 900
57 59 1800
57 60 2600
57 61 3400
57 62 4150
57 63 4900
57 64 5104
57 65 5135
57 66 4904
57 67 4916
57 68 4937
57 69 4441
57 70 4355
57 71 4219
57 72 4243
57 73 4155
57 74 3606
57 75 3650
57 76 3406
57 77 3423
57 78 3453
57 79 2807
57 80 2864
57 81 2608
57 82 2631
57 83 2668
57 84 2010
57 85 2088
57 86 1811
57 87 1844
57 88 1897
57 89 1118
57 90 1253
57 91 922
57 92 985
57 93 1082
57 94 283
57 95 632
57 96 200
57 97 400
57 98 600
57 99 728
57 100 885
57 101 922
57 102 939
57 103 1040
57 104 1513
57 105 1616
57 106 1712
57 107 1746
58 59 900
58 60 1700
58 61 2500
58 62 3250
58 63 4000
58 64 4205
58 65 4243
58 66 4005
58 67 4020
58 68 4045
58 69 3551
58 70 3456
58 71 3324
58 72 3354
58 73 3256
58 74 2707
58 75 2766
58 76 2508
58 77 2532
58 78 2571
58 79 1910
58 80 1992
58 81 1712
58 82 1746
58 83 1803
58 84 1118
58 85 1253
58 86 922
58 87 985
58 88 1082
58 89 283
58 90 632
58 91 200
58 92 400
58 93 600
58 94 728
58 95 922
58 96 922
58 97 985
58 98 1082
58 99 1612
58 100 1662
58 101 1811
58 102 1795
58 103 1850
58 104 2408
58 105 2474
58 106 2608
58 107 2631
59 60 800
59 61 1600
59 62 2350
59 63 3100
59 64 3306
59 65 3354
59 66 3106
59 67 3126
59 68 3158
59 69 2668
59 70 2558
59 71 2433
59 72 2474
59 73 2358
59 74 1811
59 75 1897
59 76 1612
59 77 1649
59 78 1709
59 79 1020
59 80 1166
59 81 825
59 82 894
59 83 1000
59 84 283
59 85 632
59 86 200
59 87 400
59 88 600
59 89 728
59 90 922
59 91 922
59 92 985
59 93 1082
59 94 1612
59 95 1709
59 96 1811
59 97 1844
59 98 1897
59 99 2508
59 100 2522
59 101 2707
59 102 2680
59 103 2717
59 104 3306
59 105 3354
59 106 3506
59 107 3523
60 61 800
60 62 1550
60 63 2300
60 64 2508
60 65 2571
60 66 2309
60 67 2335
60 68 2377
60 69 1897
60 70 1761
60 71 1649
60 72 1709
60 73 1563
60 74 1020
60 75 1166
60 76 825
60 77 894
60 78 1000
60 79 283
60 80 632
60 81 200
60 82 400
60 83 600
60 84 632
60 85 849
60 86 825
60 87 894
60 88 1000
60 89 1513
60 90 1616
60 91 1712
60 92 1746
60 93 1803
60 94 2408
60 95 2474
60 96 2608
60 97 2631
60 98 2668
60 99 3306
60 100 3305
60 101 3506
60 102 3473
60 103 3502
60 104 4105
60 105 4144
60 106 4305
60 107 4319
61 62 750
61 63 1500
61 64 1712
61 65 1803
61 66 1513
61 67 1552
61 68 1616
61 69 1166
61 70 971
61 71 894
61 72 1000
61 73 776
61 74 283
61 75 632
61 76 200
61 77 400
61 78 600
61 79 632
61 80 849
61 81 825
61 82 894
61 83 1000
61 84 1414
61 85 1523
61 86 1612
61 87 1649
61 88 1709
61 89 2309
61 90 2377
61 91 2508
61 92 2532
61 93 2571
61 94 3206
61 95 3256
61 96 3406
61 97 3423
61 98 3453
61 99 4105
61 100 4094
61 101 4305
61 102 4269
61 103 4292
61 104 4904
61 105 4937
61 106 5104
61 107 5116
62 63 750
62 64 971
62 65 1124
62 66 776
62 67 850
62 68 960
62 69 650
62 70 283
62 71 403
62 72 602
62 73 200
62 74 585
62 75 814
62 76 776
62 77 850
62 78 960
62 79 1365
62 80 1477
62 81 1563
62 82 1601
62 83 1662
62 84 2159
62 85 2232
62 86 2358
62 87 2384
62 88 2425
62 89 3057
62 90 3108
62 91 3256
62 92 3275
62 93 3305
62 94 3955
62 95 3995
62 96 4155
62 97 4169
62 98 4193
62 99 4854
62 100 4837
62 101 5054
62 102 5016
62 103 5036
62 104 5654
62 105 5682
62 106 5853
62 107 5864
63 64 283
63 65 632
63 66 200
63 67 400
63 68 600
63 69 781
63 70 585
63 71 806
63 72 922
63 73 776
63 74 1315
63 75 1432
63 76 1513
63 77 1552
63 78 1616
63 79 2110
63 80 2184
63 81 2309
63 82 2335
63 83 2377
63 84 2907
63 85 2961
63 86 3106
63 87 3126
63 88 3158
63 89 3805
63 90 3847
63 91 4005
63 92 4020
63 93 4045
63 94 4704
63 95 4738
63 96 4904
63 97 4916
63 98 4937
63 99 5604
63 100 5582
63 101 5803
63 102 5764
63 103 5781
63 104 6403
63 105 6428
63 106 6603
63 107 6612
64 65 400
64 66 200
64 67 283
64 68 447
64 69 806
64 70 750
64 71 922
64 72 985
64 73 950
64 74 1500
64 75 1552
64 76 1700
64 77 1712
64 78 1746
64 79 2300
64 80 2335
64 81 2500
64 82 2508
64 83 2532
64 84 3100
64 85 3126
64 86 3300
64 87 3306
64 88 3324
64 89 4000
64 90 4020
64 91 4200
64 92 4205
64 93 4219
64 94 4900
64 95 4916
64 96 5100
64 97 5104
64 98 5116
64 99 5800
64 100 5764
64 101 6000
64 102 5953
64 103 5963
64 104 6600
64 105 6612
64 106 6800
64 107 6803
65 66 447
65 67 283
65 68 200
65 69 700
65 70 850
65 71 922
65 72 900
65 73 1031
65 74 1552
65 75 1500
65 76 1746
65 77 1712
65 78 1700
65 79 2335
65 80 2300
65 81 2532
65 82 2508
65 83 2500
65 84 3126
65 85 3100
65 86 3324
65 87 3306
65 88 3300
65 89 4020
65 90 4000
65 91 4219
65 92 4205
65 93 4200
65 94 4916
65 95 4900
65 96 5116
65 97 5104
65 98 5100
65 99 5814
65 100 5750
65 101 6013
65 102 5953
65 103 5950
65 104 6612
65 105 6600
65 106 6812
65 107 6803
66 67 200
66 68 400
66 69 640
66 70 550
66 71 728
66 72 806
66 73 750
66 74 1300
66 75 1360
66 76 1500
66 77 1513
66 78 1552
66 79 2100
66 80 2138
66 81 2300
66 82 2309
66 83 2335
66 84 2900
66 85 2927
66 86 3100
66 87 3106
66 88 3126
66 89 3800
66 90 3821
66 91 4000
66 92 4005
66 93 4020
66 94 4700
66 95 4717
66 96 4900
66 97 4904
66 98 4916
66 99 5600
66 100 5564
66 101 5800
66 102 5753
66 103 5764
66 104 6400
66 105 6412
66 106 6600
66 107 6603
67 68 200
67 69 539
67 70 585
67 71 700
67 72 728
67 73 776
67 74 1315
67 75 1315
67 76 1513
67 77 1500
67 78 1513
67 79 2110
67 80 2110
67 81 2309
67 82 2300
67 83 2309
67 84 2907
67 85 2907
67 86 3106
67 87 3100
67 88 3106
67 89 3805
67 90 3805
67 91 4005
67 92 4000
67 93 4005
67 94 4704
67 95 4704
67 96 4904
67 97 4900
67 98 4904
67 99 5604
67 100 5554
67 101 5803
67 102 5750
67 103 5753
67 104 6403
67 105 6403
67 106 6603
67 107 6600
68 69 500
68 70 680
68 71 728
68 72 700
68 73 850
68 74 1360
68 75 1300
68 76 1552
68 77 1513
68 78 1500
68 79 2138
68 80 2100
68 81 2335
68 82 2309
68 83 2300
68 84 2927
68 85 2900
68 86 3126
68 87 3106
68 88 3100
68 89 3821
68 90 3800
68 91 4020
68 92 4005
68 93 4000
68 94 4717
68 95 4700
68 96 4916
68 97 4904
68 98 4900
68 99 5614
68 100 5550
68 101 5814
68 102 5753
68 103 5750
68 104 6412
68 105 6400
68 106 6612
68 107 6603
69 70 403
69 71 283
69 72 200
69 73 472
69 74 894
69 75 800
69 76 1077
69 77 1020
69 78 1000
69 79 1649
69 80 1600
69 81 1844
69 82 1811
69 83 1800
69 84 2433
69 85 2400
69 86 2631
69 87 2608
69 88 2600
69 89 3324
69 90 3300
69 91 3523
69 92 3506
69 93 3500
69 94 4219
69 95 4200
69 96 4418
69 97 4405
69 98 4400
69 99 5116
69 100 5050
69 101 5315
69 102 5254
69 103 5250
69 104 5914
69 105 5900
69 106 6113
69 107 6103
70 71 250
70 72 427
70 73 200
70 74 750
70 75 850
70 76 950
70 77 971
70 78 1031
70 79 1550
70 80 1601
70 81 1750
70 82 1761
70 83 1795
70 84 2350
70 85 2384
70 86 2550
70 87 2558
70 88 2581
70 89 3250
70 90 3275
70 91 3450
70 92 3456
70 93 3473
70 94 4150
70 95 4169
70 96 4350
70 97 4355
70 98 4368
70 99 5050
70 100 5016
70 101 5250
70 102 5204
70 103 5215
70 104 5850
70 105 5864
70 106 6050
70 107 6053
71 72 200
71 73 206
71 74 632
71 75 632
71 76 825
71 77 800
71 78 825
71 79 1414
71 80 1414
71 81 1612
71 82 1600
71 83 1612
71 84 2209
71 85 2209
71 86 2408
71 87 2400
71 88 2408
71 89 3106
71 90 3106
71 91 3306
71 92 3300
71 93 3306
71 94 4005
71 95 4005
71 96 4205
71 97 4200
71 98 4205
71 99 4904
71 100 4854
71 101 5104
71 102 5050
71 103 5054
71 104 5704
71 105 5704
71 106 5903
71 107 5900
72 73 403
72 74 721
72 75 600
72 76 894
72 77 825
72 78 800
72 79 1456
72 80 1400
72 81 1649
72 82 1612
72 83 1600
72 84 2236
72 85 2200
72 86 2433
72 87 2408
72 88 2400
72 89 3126
72 90 3100
72 91 3324
72 92 3306
72 93 3300
72 94 4020
72 95 4000
72 96 4219
72 97 4205
72 98 4200
72 99 4916
72 100 4850
72 101 5116
72 102 5054
72 103 5050
72 104 5714
72 105 5700
72 106 5914
72 107 5903
73 74 550
73 75 680
73 76 750
73 77 776
73 78 850
73 79 1350
73 80 1408
73 81 1550
73 82 1563
73 83 1601
73 84 2150
73 85 2187
73 86 2350
73 87 2358
73 88 2384
73 89 3050
73 90 3076
73 91 3250
73 92 3256
73 93 3275
73 94 3950
73 95 3970
73 96 4150
73 97 4155
73 98 4169
73 99 4850
73 100 4817
73 101 5050
73 102 5004
73 103 5016
73 104 5650
73 105 5664
73 106 5850
73 107 5853
74 75 400
74 76 200
74 77 283
74 78 447
74 79 800
74 80 894
74 81 1000
74 82 1020
74 83 1077
74 84 1600
74 85 1649
74 86 1800
74 87 1811
74 88 1844
74 89 2500
74 90 2532
74 91 2700
74 92 2707
74 93 2729
74 94 3400
74 95 3423
74 96 3600
74 97 3606
74 98 3622
74 99 4300
74 100 4269
74 101 4500
74 102 4454
74 103 4468
74 104 5100
74 105 5116
74 106 5300
74 107 5304
75 76 447
75 77 283
75 78 200
75 79 894
75 80 800
75 81 1077
75 82 1020
75 83 1000
75 84 1649
75 85 1600
75 86 1844
75 87 1811
75 88 1800
75 89 2532
75 90 2500
75 91 2729
75 92 2707
75 93 2700
75 94 3423
75 95 3400
75 96 3622
75 97 3606
75 98 3600
75 99 4319
75 100 4250
75 101 4518
75 102 4454
75 103 4450
75 104 5116
75 105 5100
75 106 5315
75 107 5304
76 77 200
76 78 400
76 79 600
76 80 721
76 81 800
76 82 825
76 83 894
76 84 1400
76 85 1456
76 86 1600
76 87 1612
76 88 1649
76 89 2300
76 90 2335
76 91 2500
76 92 2508
76 93 2532
76 94 3200
76 95 3225
76 96 3400
76 97 3406
76 98 3423
76 99 4100
76 100 4070
76 101 4300
76 102 4255
76 103 4269
76 104 4900
76 105 4916
76 106 5100
76 107 5104
77 78 200
77 79 632
77 80 632
77 81 825
77 82 800
77 83 825
77 84 1414
77 85 1414
77 86 1612
77 87 1600
77 88 1612
77 89 2309
77 90 2309
77 91 2508
77 92 2500
77 93 2508
77 94 3206
77 95 3206
77 96 3406
77 97 3400
77 98 3406
77 99 4105
77 100 4055
77 101 4305
77 102 4250
77 103 4255
77 104 4904
77 105 4904
77 106 5104
77 107 5100
78 79 721
78 80 600
78 81 894
78 82 825
78 83 800
78 84 1456
78 85 1400
78 86 1649
78 87 1612
78 88 1600
78 89 2335
78 90 2300
78 91 2532
78 92 2508
78 93 2500
78 94 3225
78 95 3200
78 96 3423
78 97 3406
78 98 3400
78 99 4119
78 100 4050
78 101 4319
78 102 4255
78 103 4250
78 104 4916
78 105 4900
78 106 5116
78 107 5104
79 80 400
79 81 200
79 82 283
79 83 447
79 84 800
79 85 894
79 86 1000
79 87 1020
79 88 1077
79 89 1700
79 90 1746
79 91 1900
79 92 1910
79 93 1942
79 94 2600
79 95 2631
79 96 2800
79 97 2807
79 98 2828
79 99 3500
79 100 3473
79 101 3700
79 102 3655
79 103 3672
79 104 4300
79 105 4319
79 106 4500
79 107 4504
80 81 447
80 82 283
80 83 200
80 84 894
80 85 800
80 86 1077
80 87 1020
80 88 1000
80 89 1746
80 90 1700
80 91 1942
80 92 1910
80 93 1900
80 94 2631
80 95 2600
80 96 2828
80 97 2807
80 98 2800
80 99 3523
80 100 3450
80 101 3722
80 102 3655
80 103 3650
80 104 4319
80 105 4300
80 106 4518
80 107 4504
81 82 200
81 83 400
81 84 600
81 85 721
81 86 800
81 87 825
81 88 894
81 89 1500
81 90 1552
81 91 1700
81 92 1712
81 93 1746
81 94 2400
81 95 2433
81 96 2600
81 97 2608
81 98 2631
81 99 3300
81 100 3275
81 101 3500
81 102 3456
81 103 3473
81 104 4100
81 105 4119
81 106 4300
81 107 4305
82 83 200
82 84 632
82 85 632
82 86 825
82 87 800
82 88 825
82 89 1513
82 90 1513
82 91 1712
82 92 1700
82 93 1712
82 94 2408
82 95 2408
82 96 2608
82 97 2600
82 98 2608
82 99 3306
82 100 3256
82 101 3506
82 102 3450
82 103 3456
82 104 4105
82 105 4105
82 106 4305
82 107 4300
83 84 721
83 85 600
83 86 894
83 87 825
83 88 800
83 89 1552
83 90 1500
83 91 1746
83 92 1712
83 93 1700
83 94 2433
83 95 2400
83 96 2631
83 97 2608
83 98 2600
83 99 3324
83 100 3250
83 101 3523
83 102 3456
83 103 3450
83 104 4119
83 105 4100
83 106 4319
83 107 4305
84 85 400
84 86 200
84 87 283
84 88 447
84 89 900
84 90 985
84 91 1100
84 92 1118
84 93 1170
84 94 1800
84 95 1844
84 96 2000
84 97 2010
84 98 2040
84 99 2700
84 100 2680
84 101 2900
84 102 2857
84 103 2878
84 104 3500
84 105 3523
84 106 3700
84 107 3705
85 86 447
85 87 283
85 88 200
85 89 985
85 90 900
85 91 1170
85 92 1118
85 93 1100
85 94 1844
85 95 1800
85 96 2040
85 97 2010
85 98 2000
85 99 2729
85 100 2650
85 101 2927
85 102 2857
85 103 2850
85 104 3523
85 105 3500
85 106 3722
85 107 3705
86 87 200
86 88 400
86 89 700
86 90 806
86 91 900
86 92 922
86 93 985
86 94 1600
86 95 1649
86 96 1800
86 97 1811
86 98 1844
86 99 2500
86 100 2482
86 101 2700
86 102 2658
86 103 2680
86 104 3300
86 105 3324
86 106 3500
86 107 3506
87 88 200
87 89 728
87 90 728
87 91 922
87 92 900
87 93 922
87 94 1612
87 95 1612
87 96 1811
87 97 1800
87 98 1811
87 99 2508
87 100 2458
87 101 2707
87 102 2650
87 103 2658
87 104 3306
87 105 3306
87 106 3506
87 107 3500
88 89 806
88 90 700
88 91 985
88 92 922
88 93 900
88 94 1649
88 95 1600
88 96 1844
88 97 1811
88 98 1800
88 99 2532
88 100 2450
88 101 2729
88 102 2658
88 103 2650
88 104 3324
88 105 3300
88 106 3523
88 107 3506
89 90 400
89 91 200
89 92 283
89 93 447
89 94 900
89 95 985
89 96 1100
89 97 1118
89 98 1170
89 99 1800
89 100 1795
89 101 2000
89 102 1960
89 103 1991
89 104 2600
89 105 2631
89 106 2800
89 107 2807
90 91 447
90 92 283
90 93 200
90 94 985
90 95 900
90 96 1170
90 97 1118
90 98 1100
90 99 1844
90 100 1750
90 101 2040
90 102 1960
90 103 1950
90 104 2631
90 105 2600
90 106 2828
90 107 2807
91 92 200
91 93 400
91 94 700
91 95 806
91 96 900
91 97 922
91 98 985
91 99 1600
91 100 1601
91 101 1800
91 102 1761
91 103 1795
91 104 2400
91 105 2433
91 106 2600
91 107 2608
92 93 200
92 94 728
92 95 728
92 96 922
92 97 900
92 98 922
92 99 1612
92 100 1563
92 101 1811
92 102 1750
92 103 1761
92 104 2408
92 105 2408
92 106 2608
92 107 2600
93 94 806
93 95 700
93 96 985
93 97 922
93 98 900
93 99 1649
93 100 1550
93 101 1844
93 102 1761
93 103 1750
93 104 2433
93 105 2400
93 106 2631
93 107 2608
94 95 400
94 96 200
94 97 283
94 98 447
94 99 900
94 100 939
94 101 1100
94 102 1069
94 103 1124
94 104 1700
94 105 1746
94 106 1900
94 107 1910
95 96 447
95 97 283
95 98 200
95 99 985
95 100 850
95 101 1170
95 102 1069
95 103 1050
95 104 1746
95 105 1700
95 106 1942
95 107 1910
96 97 200
96 98 400
96 99 700
96 100 763
96 101 900
96 102 873
96 103 939
96 104 1500
96 105 1552
96 106 1700
96 107 1712
97 98 200
97 99 728
97 100 680
97 101 922
97 102 850
97 103 873
97 104 1513
97 105 1513
97 106 1712
97 107 1700
98 99 806
98 100 650
98 101 985
98 102 873
98 103 850
98 104 1552
98 105 1500
98 106 1746
98 107 1712
99 100 403
99 101 200
99 102 250
99 103 427
99 104 800
99 105 894
99 106 1000
99 107 1020
100 101 472
100 102 283
100 103 200
100 104 939
100 105 850
100 106 1124
100 107 1069
101 102 206
101 103 403
101 104 600
101 105 721
101 106 800
101 107 825
102 103 200
102 104 680
102 105 680
102 106 873
102 107 850
103 104 763
103 105 650
103 106 939
103 107 873
104 105 400
104 106 200
104 107 283
105 106 447
105 107 283
106 107 200
