100 5049
1 2 1134
1 3 421
1 4 359
1 5 521
1 6 627
1 7 698
1 8 55
1 9 499
1 10 547
1 11 589
1 12 325
1 13 232
1 14 278
1 15 130
1 16 759
1 17 736
1 18 88
1 19 834
1 20 516
1 21 257
1 22 551
1 23 1050
1 24 759
1 25 825
1 26 512
1 27 656
1 28 803
1 29 914
1 30 446
1 31 878
1 32 391
1 33 520
1 34 657
1 35 957
1 36 502
1 37 817
1 38 798
1 39 847
1 40 768
1 41 601
1 42 734
1 43 791
1 44 866
1 45 787
1 46 753
1 47 546
1 48 377
1 49 260
1 50 749
1 51 241
1 52 694
1 53 591
1 54 825
1 55 866
1 56 746
1 57 574
1 58 970
1 59 814
1 60 22
1 61 566
1 62 94
1 63 159
1 64 370
1 65 315
1 66 838
1 67 183
1 68 214
1 69 103
1 70 841
1 71 131
1 72 784
1 73 756
1 74 526
1 75 281
1 76 874
1 77 821
1 78 478
1 79 586
1 80 375
1 81 403
1 82 288
1 83 244
1 84 930
1 85 295
1 86 173
1 87 172
1 88 925
1 89 1150
1 90 219
1 91 311
1 92 669
1 93 865
1 94 694
1 95 795
1 96 886
1 97 166
1 98 766
1 99 544
1 100 820
2 3 807
2 4 953
2 5 759
2 6 603
2 7 753
2 8 1099
2 9 1008
2 10 759
2 11 641
2 12 1073
2 13 928
2 14 1088
2 15 1048
2 16 378
2 17 924
2 18 1208
2 19 731
2 20 915
2 21 997
2 22 825
2 23 87
2 24 873
2 25 870
2 26 967
2 27 763
2 28 612
2 29 372
2 30 953
2 31 274
2 32 971
2 33 799
2 34 725
2 35 317
2 36 642
2 37 640
2 38 891
2 39 542
2 40 725
2 41 817
2 42 810
2 43 842
2 44 342
2 45 355
2 46 760
2 47 601
2 48 1006
2 49 965
2 50 763
2 51 1015
2 52 472
2 53 600
2 54 828
2 55 645
2 56 736
2 57 561
2 58 308
2 59 498
2 60 1119
2 61 716
2 62 1159
2 63 1026
2 64 765
2 65 949
2 66 353
2 67 988
2 68 1124
2 69 1038
2 70 972
2 71 1208
2 72 954
2 73 788
2 74 930
2 75 981
2 76 369
2 77 538
2 78 915
2 79 646
2 80 932
2 81 865
2 82 1012
2 83 1045
2 84 237
2 85 1049
2 86 1023
2 87 1146
2 88 251
2 89 108
2 90 994
2 91 863
2 92 794
2 93 533
2 94 487
2 95 509
2 96 529
2 97 1018
2 98 415
2 99 643
2 100 414
3 4 147
3 5 517
3 6 222
3 7 696
3 8 416
3 9 256
3 10 130
3 11 494
3 12 266
3 13 193
3 14 282
3 15 297
3 16 440
3 17 382
3 18 464
3 19 422
3 20 192
3 21 201
3 22 601
3 23 734
3 24 816
3 25 869
3 26 230
3 27 247
3 28 382
3 29 710
3 30 597
3 31 534
3 32 172
3 33 115
3 34 639
3 35 732
3 36 326
3 37 397
3 38 425
3 39 725
3 40 745
3 41 644
3 42 761
3 43 827
3 44 635
3 45 511
3 46 345
3 47 227
3 48 578
3 49 177
3 50 342
3 51 473
3 52 480
3 53 208
3 54 432
3 55 796
3 56 334
3 57 316
3 58 582
3 59 403
3 60 416
3 61 532
3 62 401
3 63 268
3 64 247
3 65 475
3 66 467
3 67 239
3 68 543
3 69 367
3 70 492
3 71 541
3 72 436
3 73 355
3 74 211
3 75 180
3 76 486
3 77 404
3 78 162
3 79 177
3 80 517
3 81 483
3 82 207
3 83 503
3 84 577
3 85 243
3 86 258
3 87 360
3 88 567
3 89 795
3 90 431
3 91 362
3 92 270
3 93 446
3 94 322
3 95 384
3 96 759
3 97 260
3 98 397
3 99 164
3 100 622
4 5 609
4 6 359
4 7 796
4 8 374
4 9 162
4 10 225
4 11 607
4 12 120
4 13 185
4 14 145
4 15 231
4 16 587
4 17 377
4 18 376
4 19 487
4 20 157
4 21 102
4 22 683
4 23 880
4 24 904
4 25 962
4 26 161
4 27 311
4 28 483
4 29 850
4 30 648
4 31 680
4 32 42
4 33 187
4 34 741
4 35 875
4 36 448
4 37 488
4 38 439
4 39 852
4 40 852
4 41 730
4 42 855
4 43 921
4 44 778
4 45 657
4 46 404
4 47 372
4 48 612
4 49 107
4 50 399
4 51 486
4 52 617
4 53 353
4 54 468
4 55 914
4 56 401
4 57 455
4 58 718
4 59 528
4 60 362
4 61 632
4 62 309
4 63 203
4 64 339
4 65 513
4 66 610
4 67 194
4 68 529
4 69 341
4 70 484
4 71 489
4 72 427
4 73 403
4 74 168
4 75 78
4 76 623
4 77 520
4 78 119
4 79 314
4 80 564
4 81 547
4 82 80
4 83 511
4 84 721
4 85 104
4 86 188
4 87 247
4 88 711
4 89 937
4 90 444
4 91 418
4 92 318
4 93 559
4 94 467
4 95 509
4 96 888
4 97 197
4 98 541
4 99 311
4 100 760
5 6 548
5 7 190
5 8 468
5 9 761
5 10 608
5 11 118
5 12 681
5 13 446
5 14 660
5 15 513
5 16 463
5 17 888
5 18 609
5 19 852
5 20 709
5 21 564
5 22 93
5 23 673
5 24 298
5 25 354
5 26 743
5 27 718
5 28 751
5 29 442
5 30 193
5 31 579
5 32 650
5 33 617
5 34 140
5 35 497
5 36 226
5 37 783
5 38 916
5 39 335
5 40 254
5 41 128
5 42 247
5 43 313
5 44 427
5 45 420
5 46 801
5 47 390
5 48 251
5 49 532
5 50 800
5 51 308
5 52 295
5 53 489
5 54 901
5 55 345
5 56 780
5 57 314
5 58 732
5 59 685
5 60 500
5 61 50
5 62 593
5 63 512
5 64 273
5 65 226
5 66 598
5 67 482
5 68 409
5 69 422
5 70 993
5 71 532
5 72 941
5 73 822
5 74 727
5 75 569
5 76 661
5 77 720
5 78 677
5 79 540
5 80 187
5 81 128
5 82 603
5 83 329
5 84 632
5 85 641
5 86 520
5 87 633
5 88 638
5 89 816
5 90 310
5 91 218
5 92 751
5 93 760
5 94 513
5 95 672
5 96 374
5 97 508
5 98 548
5 99 471
5 100 361
6 7 691
6 8 612
6 9 407
6 10 157
6 11 477
6 12 479
6 13 395
6 14 501
6 15 510
6 16 267
6 17 390
6 18 679
6 19 305
6 20 315
6 21 423
6 22 641
6 23 537
6 24 827
6 25 869
6 26 367
6 27 203
6 28 209
6 29 583
6 30 686
6 31 332
6 32 371
6 33 196
6 34 635
6 35 590
6 36 322
6 37 237
6 38 394
6 39 647
6 40 723
6 41 672
6 42 763
6 43 826
6 44 499
6 45 361
6 46 263
6 47 158
6 48 691
6 49 398
6 50 263
6 51 619
6 52 384
6 53 59
6 54 363
6 55 740
6 56 240
6 57 247
6 58 360
6 59 188
6 60 618
6 61 542
6 62 618
6 63 482
6 64 336
6 65 595
6 66 253
6 67 449
6 68 709
6 69 555
6 70 479
6 71 736
6 72 437
6 73 288
6 74 331
6 75 403
6 76 265
6 77 201
6 78 312
6 79 46
6 80 618
6 81 566
6 82 427
6 83 653
6 84 367
6 85 461
6 86 474
6 87 582
6 88 355
6 89 579
6 90 582
6 91 475
6 92 240
6 93 245
6 94 121
6 95 169
6 96 673
6 97 474
6 98 189
6 99 91
6 100 510
7 8 644
7 9 945
7 10 775
7 11 214
7 12 870
7 13 636
7 14 850
7 15 701
7 16 540
7 17 1054
7 18 786
7 19 994
7 20 887
7 21 754
7 22 151
7 23 672
7 24 140
7 25 178
7 26 925
7 27 877
7 28 882
7 29 389
7 30 291
7 31 636
7 32 836
7 33 789
7 34 57
7 35 448
7 36 380
7 37 916
7 38 1076
7 39 231
7 40 71
7 41 106
7 42 73
7 43 135
7 44 412
7 45 466
7 46 952
7 47 537
7 48 369
7 49 722
7 50 952
7 51 469
7 52 353
7 53 634
7 54 1053
7 55 186
7 56 930
7 57 444
7 58 801
7 59 799
7 60 677
7 61 164
7 62 775
7 63 701
7 64 457
7 65 387
7 66 680
7 67 671
7 68 556
7 69 603
7 70 1156
7 71 691
7 72 1107
7 73 975
7 74 906
7 75 758
7 76 748
7 77 840
7 78 857
7 79 692
7 80 333
7 81 296
7 82 793
7 83 482
7 84 683
7 85 830
7 86 710
7 87 820
7 88 693
7 89 829
7 90 480
7 91 406
7 92 912
7 93 876
7 94 630
7 95 789
7 96 262
7 97 698
7 98 646
7 99 626
7 100 340
8 9 522
8 10 545
8 11 539
8 12 356
8 13 224
8 14 312
8 15 145
8 16 726
8 17 751
8 18 142
8 19 835
8 20 530
8 21 273
8 22 496
8 23 1014
8 24 704
8 25 770
8 26 531
8 27 658
8 28 796
8 29 868
8 30 391
8 31 848
8 32 409
8 33 521
8 34 604
8 35 912
8 36 461
8 37 812
8 38 810
8 39 796
8 40 713
8 41 546
8 42 679
8 43 736
8 44 823
8 45 749
8 46 756
8 47 519
8 48 323
8 49 269
8 50 752
8 51 186
8 52 652
8 53 572
8 54 832
8 55 813
8 56 747
8 57 539
8 58 946
8 59 799
8 60 34
8 61 513
8 62 145
8 63 171
8 64 334
8 65 260
8 66 812
8 67 184
8 68 170
8 69 61
8 70 857
8 71 126
8 72 801
8 73 761
8 74 542
8 75 296
8 76 852
8 77 809
8 78 491
8 79 573
8 80 319
8 81 348
8 82 309
8 83 191
8 84 900
8 85 322
8 86 186
8 87 217
8 88 896
8 89 1118
8 90 164
8 91 262
8 92 674
8 93 853
8 94 670
8 95 780
8 96 835
8 97 177
8 98 741
8 99 525
8 100 774
9 10 250
9 11 748
9 12 183
9 13 346
9 14 231
9 15 377
9 16 666
9 17 253
9 18 496
9 19 420
9 20 93
9 21 251
9 22 839
9 23 944
9 24 1058
9 25 1115
9 26 42
9 27 272
9 28 458
9 29 958
9 30 809
9 31 738
9 32 120
9 33 211
9 34 889
9 35 976
9 36 582
9 37 452
9 38 324
9 39 981
9 40 998
9 41 884
9 42 1007
9 43 1073
9 44 880
9 45 749
9 46 338
9 47 474
9 48 773
9 49 265
9 50 334
9 51 646
9 52 732
9 53 424
9 54 371
9 55 1051
9 56 347
9 57 569
9 58 740
9 59 536
9 60 505
9 61 781
9 62 431
9 63 352
9 64 488
9 65 674
9 66 656
9 67 350
9 68 684
9 69 496
9 70 349
9 71 629
9 72 295
9 73 327
9 74 81
9 75 231
9 76 652
9 77 514
9 78 99
9 79 367
9 80 726
9 81 706
9 82 213
9 83 670
9 84 771
9 85 205
9 86 336
9 87 353
9 88 758
9 89 975
9 90 605
9 91 578
9 92 258
9 93 545
9 94 527
9 95 520
9 96 1014
9 97 347
9 98 595
9 99 393
9 100 873
10 11 563
10 12 340
10 13 322
10 14 369
10 15 420
10 16 419
10 17 280
10 18 583
10 19 292
10 20 158
10 21 310
10 22 697
10 23 694
10 24 903
10 25 952
10 26 210
10 27 119
10 28 261
10 29 724
10 30 710
10 31 488
10 32 226
10 33 41
10 34 717
10 35 737
10 36 395
10 37 271
10 38 310
10 39 768
10 40 817
10 41 736
10 42 843
10 43 909
10 44 643
10 45 508
10 46 217
10 47 251
10 48 698
10 49 293
10 50 214
10 51 599
10 52 509
10 53 180
10 54 307
10 55 851
10 56 205
10 57 352
10 58 501
10 59 305
10 60 543
10 61 615
10 62 518
10 63 391
10 64 351
10 65 596
10 66 407
10 67 365
10 68 672
10 69 496
10 70 385
10 71 670
10 72 333
10 73 229
10 74 175
10 75 286
10 76 409
10 77 295
10 78 156
10 79 118
10 80 633
10 81 593
10 82 302
10 83 630
10 84 522
10 85 329
10 86 379
10 87 467
10 88 509
10 89 730
10 90 558
10 91 479
10 92 147
10 93 334
10 94 277
10 95 286
10 96 798
10 97 383
10 98 345
10 99 160
10 100 644
11 12 695
11 13 468
11 14 682
11 15 556
11 16 353
11 17 842
11 18 675
11 19 781
11 20 684
11 21 582
11 22 196
11 23 555
11 24 350
11 25 392
11 26 724
11 27 663
11 28 671
11 29 337
11 30 311
11 31 465
11 32 646
11 33 580
11 34 158
11 35 388
11 36 169
11 37 704
11 38 862
11 39 261
11 40 254
11 41 209
11 42 286
11 43 350
11 44 313
11 45 303
11 46 738
11 47 323
11 48 366
11 49 547
11 50 738
11 51 402
11 52 178
11 53 420
11 54 839
11 55 307
11 56 716
11 57 231
11 58 622
11 59 593
11 60 568
11 61 81
11 62 649
11 63 548
11 64 272
11 65 324
11 66 491
11 67 514
11 68 508
11 69 486
11 70 943
11 71 620
11 72 894
11 73 761
11 74 703
11 75 581
11 76 557
11 77 632
11 78 656
11 79 478
11 80 296
11 81 231
11 82 617
11 83 427
11 84 517
11 85 657
11 86 554
11 87 676
11 88 524
11 89 697
11 90 394
11 91 277
11 92 698
11 93 670
11 94 422
11 95 582
11 96 300
11 97 544
11 98 448
11 99 412
11 100 250
12 13 235
12 14 48
12 15 215
12 16 705
12 17 435
12 18 313
12 19 580
12 20 233
12 21 117
12 22 746
12 23 1000
12 24 968
12 25 1029
12 26 209
12 27 411
12 28 591
12 29 958
12 30 689
12 31 800
12 32 114
12 33 299
12 34 818
12 35 986
12 36 545
12 37 593
12 38 504
12 39 948
12 40 931
12 41 795
12 42 925
12 43 990
12 44 889
12 45 772
12 46 496
12 47 487
12 48 641
12 49 149
12 50 491
12 51 505
12 52 724
12 53 474
12 54 545
12 55 1002
12 56 498
12 57 565
12 58 837
12 59 644
12 60 334
12 61 711
12 62 250
12 63 197
12 64 423
12 65 549
12 66 730
12 67 211
12 68 524
12 69 342
12 70 532
12 71 453
12 72 478
12 73 490
12 74 235
12 75 114
12 76 743
12 77 633
12 78 204
12 79 434
12 80 606
12 81 601
12 82 79
12 83 524
12 84 841
12 85 41
12 86 183
12 87 170
12 88 831
12 89 1058
12 90 467
12 91 473
12 92 410
12 93 671
12 94 587
12 95 626
12 96 985
12 97 195
12 98 662
12 99 430
12 100 866
13 14 215
13 15 121
13 16 550
13 17 546
13 18 288
13 19 613
13 20 329
13 21 118
13 22 511
13 23 847
13 24 734
13 25 794
13 26 343
13 27 436
13 28 573
13 29 756
13 30 465
13 31 663
13 32 227
13 33 300
13 34 584
13 35 791
13 36 332
13 37 589
13 38 600
13 39 726
13 40 697
13 41 560
13 42 690
13 43 755
13 44 695
13 45 594
13 46 535
13 47 329
13 48 427
13 49 88
13 50 531
13 51 303
13 52 523
13 53 361
13 54 616
13 55 773
13 56 525
13 57 378
13 58 742
13 59 582
13 60 225
13 61 477
13 62 232
13 63 98
13 64 199
13 65 328
13 66 614
13 67 59
13 68 357
13 69 175
13 70 655
13 71 349
13 72 598
13 73 542
13 74 343
13 75 126
13 76 646
13 77 589
13 78 290
13 79 353
13 80 381
13 81 369
13 82 158
13 83 329
13 84 712
13 85 195
13 86 96
13 87 223
13 88 706
13 89 933
13 90 261
13 91 240
13 92 455
13 93 632
13 94 468
13 95 563
13 96 764
13 97 90
13 98 542
13 99 313
13 100 662
14 15 175
14 16 716
14 17 481
14 18 265
14 19 621
14 20 275
14 21 102
14 22 721
14 23 1013
14 24 943
14 25 1005
14 26 254
14 27 449
14 28 625
14 29 957
14 30 657
14 31 815
14 32 151
14 33 331
14 34 798
14 35 987
14 36 538
14 37 629
14 38 550
14 39 938
14 40 912
14 41 770
14 42 902
14 43 966
14 44 890
14 45 777
14 46 536
14 47 495
14 48 605
14 49 137
14 50 532
14 51 468
14 52 722
14 53 491
14 54 589
14 55 988
14 56 537
14 57 566
14 58 861
14 59 673
14 60 289
14 61 692
14 62 202
14 63 160
14 64 411
14 65 516
14 66 750
14 67 181
14 68 481
14 69 303
14 70 580
14 71 406
14 72 525
14 73 532
14 74 279
14 75 110
14 76 766
14 77 664
14 78 244
14 79 456
14 80 574
14 81 574
14 82 77
14 83 485
14 84 859
14 85 41
14 86 148
14 87 122
14 88 849
14 89 1077
14 90 431
14 91 448
14 92 450
14 93 703
14 94 604
14 95 654
14 96 976
14 97 160
14 98 680
14 99 446
14 100 864
15 16 669
15 17 608
15 18 169
15 19 705
15 20 388
15 21 129
15 22 564
15 23 966
15 24 783
15 25 847
15 26 387
15 27 527
15 28 679
15 29 862
15 30 487
15 31 784
15 32 264
15 33 392
15 34 653
15 35 900
15 36 438
15 37 691
15 38 669
15 39 817
15 40 767
15 41 614
15 42 747
15 43 809
15 44 805
15 45 710
15 46 624
15 47 449
15 48 432
15 49 130
15 50 620
15 51 293
15 52 632
15 53 480
15 54 695
15 55 853
15 56 618
15 57 494
15 58 862
15 59 697
15 60 131
15 61 551
15 62 111
15 63 30
15 64 302
15 65 347
15 66 735
15 67 62
15 68 310
15 69 128
15 70 714
15 71 259
15 72 657
15 73 627
15 74 398
15 75 153
15 76 766
15 77 700
15 78 349
15 79 467
15 80 406
15 81 414
15 82 164
15 83 310
15 84 833
15 85 179
15 86 43
15 87 120
15 88 827
15 89 1054
15 90 258
15 91 295
15 92 540
15 93 743
15 94 588
15 95 677
15 96 856
15 97 38
15 98 663
15 99 432
15 100 767
16 17 648
16 18 831
16 19 512
16 20 577
16 21 622
16 22 548
16 23 298
16 24 680
16 25 705
16 26 628
16 27 464
16 28 385
16 29 326
16 30 646
16 31 125
16 32 610
16 33 456
16 34 492
16 35 326
16 36 285
16 37 421
16 38 640
16 39 424
16 40 548
16 41 561
16 42 611
16 43 666
16 44 240
16 45 102
16 46 501
16 47 223
16 48 682
16 49 589
16 50 503
16 51 662
16 52 187
16 53 242
16 54 594
16 55 530
16 56 476
16 57 190
16 58 270
16 59 278
16 60 744
16 61 433
16 62 780
16 63 647
16 64 394
16 65 607
16 66 140
16 67 609
16 68 769
16 69 665
16 70 727
16 71 840
16 72 691
16 73 529
16 74 594
16 75 607
16 76 208
16 77 325
16 78 568
16 79 301
16 80 604
16 81 539
16 82 639
16 83 695
16 84 179
16 85 678
16 86 645
16 87 768
16 88 181
16 89 393
16 90 636
16 91 506
16 92 500
16 93 352
16 94 149
16 95 274
16 96 442
16 97 640
16 98 118
16 99 278
16 100 268
17 18 743
17 19 218
17 20 221
17 21 479
17 22 976
17 23 877
17 24 1183
17 25 1231
17 26 227
17 27 187
17 28 314
17 29 971
17 30 979
17 31 679
17 32 346
17 33 272
17 34 997
17 35 974
17 36 674
17 37 290
17 38 74
17 39 1035
17 40 1095
17 41 1015
17 42 1123
17 43 1189
17 44 886
17 45 747
17 46 165
17 47 524
17 48 959
17 49 482
17 50 161
17 51 846
17 52 772
17 53 437
17 54 136
17 55 1124
17 56 188
17 57 624
17 58 624
17 59 426
17 60 739
17 61 895
17 62 677
17 63 580
17 64 625
17 65 856
17 66 585
17 67 569
17 68 902
17 69 715
17 70 110
17 71 866
17 72 54
17 73 138
17 74 210
17 75 455
17 76 556
17 77 387
17 78 260
17 79 373
17 80 899
17 81 865
17 82 449
17 83 874
17 84 696
17 85 451
17 86 565
17 87 603
17 88 679
17 89 867
17 90 804
17 91 745
17 92 150
17 93 400
17 94 500
17 95 416
17 96 1063
17 97 574
17 98 545
17 99 433
17 100 900
18 19 862
18 20 529
18 21 277
18 22 638
18 23 1125
18 24 844
18 25 910
18 26 516
18 27 684
18 28 844
18 29 998
18 30 529
18 31 947
18 32 400
18 33 552
18 34 745
18 35 1040
18 36 582
18 37 854
18 38 810
18 39 934
18 40 855
18 41 688
18 42 820
18 43 877
18 44 948
18 45 864
18 46 779
18 47 613
18 48 457
18 49 290
18 50 775
18 51 325
18 52 776
18 53 649
18 54 843
18 55 954
18 56 775
18 57 649
18 58 1030
18 59 865
18 60 109
18 61 653
18 62 67
18 63 197
18 64 448
18 65 401
18 66 902
18 67 230
18 68 281
18 69 189
18 70 844
18 71 161
18 72 789
18 73 779
18 74 536
18 75 302
18 76 934
18 77 868
18 78 493
18 79 636
18 80 460
18 81 490
18 82 298
18 83 324
18 84 998
18 85 292
18 86 206
18 87 144
18 88 992
18 89 1218
18 90 306
18 91 398
18 92 693
18 93 910
18 94 756
18 95 846
18 96 973
18 97 205
18 98 830
18 99 601
18 100 904
19 20 348
19 21 585
19 22 945
19 23 694
19 24 1131
19 25 1171
19 26 382
19 27 179
19 28 129
19 29 836
19 30 981
19 31 510
19 32 471
19 33 315
19 34 938
19 35 828
19 36 627
19 37 94
19 38 165
19 39 929
19 40 1023
19 41 977
19 42 1066
19 43 1129
19 44 750
19 45 614
19 46 84
19 47 462
19 48 978
19 49 575
19 50 89
19 51 888
19 52 670
19 53 363
19 54 97
19 55 1029
19 56 88
19 57 550
19 58 424
19 59 247
19 60 832
19 61 847
19 62 795
19 63 676
19 64 622
19 65 877
19 66 416
19 67 653
19 68 964
19 69 788
19 70 242
19 71 959
19 72 232
19 73 94
19 74 349
19 75 560
19 76 371
19 77 200
19 78 377
19 79 314
19 80 908
19 81 861
19 82 567
19 83 920
19 84 515
19 85 583
19 86 663
19 87 734
19 88 497
19 89 663
19 90 847
19 91 758
19 92 171
19 93 197
19 94 376
19 95 244
19 96 951
19 97 668
19 98 396
19 99 383
19 100 779
20 21 259
20 22 791
20 23 852
20 24 1007
20 25 1061
20 26 52
20 27 185
20 28 371
20 29 876
20 30 777
20 31 646
20 32 129
20 33 121
20 34 831
20 35 891
20 36 515
20 37 368
20 38 282
20 39 907
20 40 936
20 41 835
20 42 952
20 43 1019
20 44 796
20 45 663
20 46 263
20 47 394
20 48 750
20 49 262
20 50 259
20 51 631
20 52 653
20 53 336
20 54 315
20 55 983
20 56 267
20 57 492
20 58 647
20 59 444
20 60 519
20 61 724
20 62 462
20 63 360
20 64 437
20 65 648
20 66 563
20 67 348
20 68 682
20 69 495
20 70 328
20 71 646
20 72 271
20 73 257
20 74 19
20 75 235
20 76 559
20 77 424
20 78 39
20 79 276
20 80 695
20 81 668
20 82 232
20 83 658
20 84 678
20 85 240
20 86 345
20 87 393
20 88 665
20 89 882
20 90 589
20 91 542
20 92 179
20 93 456
20 94 436
20 95 427
20 96 939
20 97 354
20 98 503
20 99 309
20 100 792
21 22 629
21 23 920
21 24 852
21 25 913
21 26 258
21 27 408
21 28 571
21 29 856
21 30 577
21 31 726
21 32 135
21 33 276
21 34 701
21 35 887
21 36 437
21 37 579
21 38 541
21 39 837
21 40 815
21 41 678
21 42 808
21 43 873
21 44 790
21 45 679
21 46 502
21 47 399
21 48 532
21 49 35
21 50 498
21 51 400
21 52 621
21 53 405
21 54 570
21 55 888
21 56 498
21 57 467
21 58 783
21 59 603
21 60 260
21 61 595
21 62 210
21 63 102
21 64 310
21 65 437
21 66 665
21 67 102
21 68 433
21 69 245
21 70 585
21 71 387
21 72 528
21 73 503
21 74 269
21 75 25
21 76 687
21 77 601
21 78 221
21 79 378
21 80 493
21 81 485
21 82 42
21 83 422
21 84 771
21 85 76
21 86 87
21 87 159
21 88 763
21 89 991
21 90 360
21 91 357
21 92 417
21 93 642
21 94 518
21 95 584
21 96 875
21 97 97
21 98 594
21 99 358
21 100 763
22 23 739
22 24 223
22 25 284
22 26 823
22 27 808
22 28 844
22 29 486
22 30 147
22 31 661
22 32 725
22 33 704
22 34 126
22 35 543
22 36 319
22 37 876
22 38 1006
22 39 353
22 40 221
22 41 50
22 42 184
22 43 246
22 44 485
22 45 498
22 46 893
22 47 483
22 48 222
22 49 599
22 50 891
22 51 319
22 52 373
22 53 582
22 54 992
22 55 332
22 56 872
22 57 407
22 58 818
22 59 777
22 60 530
22 61 115
22 62 631
22 63 566
22 64 355
22 65 238
22 66 685
22 67 540
22 68 406
22 69 458
22 70 1082
22 71 540
22 72 1029
22 73 913
22 74 810
22 75 636
22 76 750
22 77 813
22 78 758
22 79 632
22 80 182
22 81 151
22 82 670
22 83 331
22 84 713
22 85 705
22 86 576
22 87 680
22 88 720
22 89 888
22 90 332
22 91 273
22 92 841
22 93 853
22 94 605
22 95 764
22 96 389
22 97 564
22 98 638
22 99 563
22 100 415
23 24 796
23 25 797
23 26 904
23 27 708
23 28 570
23 29 300
23 30 866
23 31 206
23 32 900
23 33 733
23 34 643
23 35 250
23 36 556
23 37 601
23 38 849
23 39 468
23 40 649
23 41 734
23 42 732
23 43 767
23 44 260
23 45 268
23 46 715
23 47 521
23 48 918
23 49 887
23 50 718
23 51 928
23 52 384
23 53 528
23 54 789
23 55 575
23 56 690
23 57 476
23 58 283
23 59 452
23 60 1034
23 61 630
23 62 1076
23 63 945
23 64 680
23 65 861
23 66 294
23 67 906
23 68 1036
23 69 953
23 70 933
23 71 1122
23 72 910
23 73 743
23 74 867
23 75 905
23 76 324
23 77 496
23 78 848
23 79 579
23 80 845
23 81 778
23 82 936
23 83 958
23 84 182
23 85 974
23 86 942
23 87 1066
23 88 199
23 89 161
23 90 907
23 91 776
23 92 741
23 93 498
23 94 418
23 95 461
23 96 460
23 97 937
23 98 349
23 99 569
23 100 333
24 25 66
24 26 1041
24 27 1008
24 28 1021
24 29 502
24 30 317
24 31 773
24 32 946
24 33 914
24 34 193
24 35 559
24 36 510
24 37 1054
24 38 1207
24 39 334
24 40 148
24 41 174
24 42 68
24 43 45
24 44 538
24 45 603
24 46 1087
24 47 671
24 48 394
24 49 822
24 50 1086
24 51 519
24 52 492
24 53 769
24 54 1187
24 55 247
24 56 1065
24 57 581
24 58 939
24 59 939
24 60 738
24 61 288
24 62 844
24 63 787
24 64 571
24 65 445
24 66 820
24 67 762
24 68 588
24 69 672
24 70 1286
24 71 728
24 72 1236
24 73 1109
24 74 1026
24 75 859
24 76 887
24 77 979
24 78 975
24 79 825
24 80 385
24 81 370
24 82 892
24 83 523
24 84 819
24 85 928
24 86 798
24 87 898
24 88 830
24 89 955
24 90 541
24 91 495
24 92 1043
24 93 1015
24 94 770
24 95 928
24 96 355
24 97 785
24 98 787
24 99 758
24 100 467
25 26 1096
25 27 1054
25 28 1058
25 29 499
25 30 383
25 31 791
25 32 1003
25 33 965
25 34 235
25 35 554
25 36 557
25 37 1092
25 38 1253
25 39 329
25 40 157
25 41 235
25 42 109
25 43 42
25 44 544
25 45 622
25 46 1130
25 47 715
25 48 460
25 49 882
25 50 1130
25 51 585
25 52 519
25 53 811
25 54 1231
25 55 229
25 56 1108
25 57 621
25 58 958
25 59 971
25 60 803
25 61 338
25 62 909
25 63 850
25 64 627
25 65 510
25 66 844
25 67 824
25 68 653
25 69 737
25 70 1334
25 71 794
25 72 1284
25 73 1153
25 74 1080
25 75 919
25 76 912
25 77 1013
25 78 1029
25 79 870
25 80 450
25 81 433
25 82 953
25 83 589
25 84 834
25 85 989
25 86 860
25 87 962
25 88 847
25 89 958
25 90 606
25 91 557
25 92 1089
25 93 1048
25 94 804
25 95 962
25 96 343
25 97 848
25 98 816
25 99 803
25 100 476
26 27 230
26 28 417
26 29 925
26 30 801
26 31 698
26 32 123
26 33 173
26 34 868
26 35 941
26 36 556
26 37 411
26 38 296
26 39 952
26 40 976
26 41 868
26 42 988
26 43 1055
26 44 846
26 45 714
26 46 299
26 47 442
26 48 769
26 49 267
26 50 294
26 51 645
26 52 700
26 53 387
26 54 338
26 55 1026
26 56 306
26 57 538
26 58 698
26 59 494
26 60 517
26 61 761
26 62 450
26 63 360
26 64 470
26 65 669
26 66 615
26 67 354
26 68 689
26 69 501
26 70 329
26 71 643
26 72 273
26 73 289
26 74 39
26 75 236
26 76 610
26 77 472
26 78 68
26 79 328
26 80 718
26 81 695
26 82 224
26 83 671
26 84 730
26 85 224
26 86 345
26 87 376
26 88 717
26 89 933
26 90 604
26 91 567
26 92 218
26 93 503
26 94 488
26 95 477
26 96 985
26 97 355
26 98 555
26 99 358
26 100 841
27 28 187
27 29 785
27 30 827
27 31 505
27 32 299
27 33 137
27 34 819
27 35 789
27 36 498
27 37 183
27 38 199
27 39 848
27 40 914
27 41 845
27 42 947
27 43 1012
27 44 700
27 45 562
27 46 98
27 47 341
27 48 817
27 49 397
27 50 95
27 51 718
27 52 585
27 53 251
27 54 188
27 55 939
27 56 91
27 57 440
27 58 478
27 59 272
27 60 653
27 61 720
27 62 618
27 63 497
27 64 467
27 65 715
27 66 414
27 67 475
27 68 790
27 69 611
27 70 281
27 71 781
27 72 235
27 73 109
27 74 192
27 75 382
27 76 396
27 77 245
27 78 207
27 79 187
27 80 751
27 81 709
27 82 391
27 83 750
27 84 528
27 85 410
27 86 484
27 87 558
27 88 513
27 89 718
27 90 677
27 91 598
27 92 37
27 93 273
27 94 315
27 95 258
27 96 876
27 97 490
27 98 366
27 99 251
27 100 712
28 29 708
28 30 894
28 31 382
28 32 477
28 33 296
28 34 828
28 35 699
28 36 526
28 37 36
28 38 279
28 39 805
28 40 907
28 41 873
28 42 955
28 43 1016
28 44 622
28 45 487
28 46 149
28 47 363
28 48 900
28 49 553
28 50 153
28 51 823
28 52 549
28 53 266
28 54 220
28 55 907
28 56 128
28 57 441
28 58 310
28 59 119
28 60 798
28 61 741
28 62 779
28 63 649
28 64 544
28 65 802
28 66 287
28 67 621
28 68 908
28 69 743
28 70 363
28 71 922
28 72 342
28 73 177
28 74 379
28 75 546
28 76 246
28 77 74
28 78 390
28 79 233
28 80 827
28 81 775
28 82 561
28 83 856
28 84 389
28 85 585
28 86 638
28 87 727
28 88 372
28 89 553
28 90 784
28 91 682
28 92 204
28 93 89
28 94 255
28 95 115
28 96 826
28 97 641
28 98 268
28 99 298
28 100 652
29 30 628
29 31 350
29 32 881
29 33 756
29 34 372
29 35 58
29 36 424
29 37 743
29 38 965
29 39 170
29 40 355
29 41 468
29 42 441
29 43 471
29 44 86
29 45 224
29 46 827
29 47 485
29 48 693
29 49 820
29 50 828
29 51 739
29 52 234
29 53 545
29 54 920
29 55 275
29 56 802
29 57 395
29 58 508
29 59 595
29 60 894
29 61 393
29 62 963
29 63 848
29 64 560
29 65 661
29 66 432
29 67 810
29 68 845
29 69 811
29 70 1052
29 71 955
29 72 1016
29 73 855
29 74 894
29 75 848
29 76 494
29 77 643
29 78 859
29 79 609
29 80 628
29 81 566
29 82 883
29 83 764
29 84 377
29 85 924
29 86 850
29 87 977
29 88 393
29 89 461
29 90 730
29 91 607
29 92 822
29 93 664
29 94 472
29 95 595
29 96 160
29 97 842
29 98 440
29 99 567
29 100 94
30 31 766
30 32 690
30 33 708
30 34 273
30 35 684
30 36 379
30 37 922
30 38 1019
30 39 500
30 40 361
30 41 185
30 42 304
30 43 354
30 44 619
30 45 612
30 46 919
30 47 533
30 48 79
30 49 551
30 50 917
30 51 205
30 52 487
30 53 628
30 54 1015
30 55 476
30 56 902
30 57 478
30 58 913
30 59 843
30 60 425
30 61 238
30 62 534
30 63 496
30 64 360
30 65 141
30 66 776
30 67 478
30 68 272
30 69 366
30 70 1088
30 71 412
30 72 1033
30 73 936
30 74 794
30 75 589
30 76 837
30 77 874
30 78 740
30 79 667
30 80 84
30 81 120
30 82 618
30 83 206
30 84 819
30 85 649
30 86 509
30 87 595
30 88 824
30 89 1008
30 90 232
30 91 235
30 92 857
30 93 916
30 94 675
30 95 828
30 96 537
30 97 496
30 98 720
30 99 599
30 100 551
31 32 698
31 33 528
31 34 593
31 35 328
31 36 410
31 37 415
31 38 657
31 39 485
31 40 634
31 41 669
31 42 705
31 43 755
31 44 270
31 45 170
31 46 520
31 47 335
31 48 805
31 49 695
31 50 522
31 51 787
31 52 290
31 53 326
31 54 602
31 55 596
31 56 495
31 57 315
31 58 167
31 59 263
31 60 864
31 61 546
31 62 895
31 63 760
31 64 516
31 65 732
31 66 95
31 67 722
31 68 894
31 69 787
31 70 743
31 71 963
31 72 716
31 73 548
31 74 661
31 75 709
31 76 146
31 77 310
31 78 643
31 79 374
31 80 728
31 81 662
31 82 739
31 83 820
31 84 54
31 85 776
31 86 756
31 87 877
31 88 59
31 89 271
31 90 761
31 91 631
31 92 539
31 93 323
31 94 214
31 95 268
31 96 494
31 97 752
31 98 143
31 99 370
31 100 324
32 33 186
32 34 781
32 35 904
32 36 484
32 37 480
32 38 410
32 39 888
32 40 892
32 41 771
32 42 896
32 43 962
32 44 807
32 45 683
32 46 386
32 47 400
32 48 654
32 49 146
32 50 382
32 51 526
32 52 649
32 53 372
32 54 444
32 55 952
32 56 387
32 57 487
32 58 726
32 59 531
32 60 394
32 61 673
32 62 333
32 63 237
32 64 379
32 65 555
32 66 624
32 67 232
32 68 567
32 69 379
32 70 450
32 71 521
32 72 394
32 73 383
32 74 136
32 75 113
32 76 633
32 77 519
32 78 94
32 79 326
32 80 607
32 81 589
32 82 104
32 83 551
32 84 737
32 85 113
32 86 222
32 87 265
32 88 725
32 89 950
32 90 485
32 91 460
32 92 300
32 93 557
32 94 484
32 95 513
32 96 923
32 97 232
32 98 557
32 99 332
32 100 792
33 34 731
33 35 770
33 36 410
33 37 304
33 38 311
33 39 793
33 40 834
33 41 745
33 42 856
33 43 922
33 44 675
33 45 542
33 46 235
33 47 277
33 48 692
33 49 262
33 50 231
33 51 587
33 52 536
33 53 214
33 54 318
33 55 873
33 56 227
33 57 376
33 58 542
33 59 346
33 60 517
33 61 627
33 62 486
33 63 362
33 64 353
33 65 589
33 66 448
33 67 339
33 68 655
33 69 475
33 70 380
33 71 645
33 72 326
33 73 242
33 74 139
33 75 251
33 76 451
33 77 334
33 78 115
33 79 156
33 80 629
33 81 593
33 82 265
33 83 617
33 84 563
33 85 290
33 86 350
33 87 432
33 88 550
33 89 772
33 90 546
33 91 475
33 92 156
33 93 372
33 94 316
33 95 327
33 96 824
33 97 354
33 98 385
33 99 189
33 100 674
34 35 430
34 36 323
34 37 861
34 38 1019
34 39 228
34 40 114
34 41 97
34 42 128
34 43 192
34 44 384
34 45 423
34 46 896
34 47 480
34 48 348
34 49 669
34 50 895
34 51 435
34 52 305
34 53 577
34 54 996
34 55 211
34 56 873
34 57 388
34 58 756
34 59 746
34 60 636
34 61 108
34 62 731
34 63 651
34 64 402
34 65 352
34 66 632
34 67 621
34 68 528
34 69 560
34 70 1099
34 71 659
34 72 1050
34 73 919
34 74 849
34 75 705
34 76 699
34 77 786
34 78 801
34 79 635
34 80 301
34 81 256
34 82 740
34 83 450
34 84 641
34 85 778
34 86 660
34 87 772
34 88 651
34 89 797
34 90 442
34 91 358
34 92 854
34 93 823
34 94 576
34 95 736
34 96 264
34 97 648
34 98 596
34 99 568
34 100 311
35 36 461
35 37 734
35 38 964
35 39 226
35 40 412
35 41 526
35 42 499
35 43 527
35 44 97
35 45 229
35 46 825
35 47 505
35 48 748
35 49 852
35 50 826
35 51 789
35 52 268
35 53 557
35 54 915
35 55 328
35 56 799
35 57 421
35 58 478
35 59 584
35 60 938
35 61 448
35 62 1003
35 63 884
35 64 597
35 65 712
35 66 417
35 67 846
35 68 896
35 69 855
35 70 1050
35 71 1004
35 72 1016
35 73 853
35 74 909
35 75 878
35 76 475
35 77 632
35 78 877
35 79 620
35 80 682
35 81 618
35 82 913
35 83 815
35 84 348
35 85 953
35 86 886
35 87 1013
35 88 365
35 89 410
35 90 778
35 91 654
35 92 825
35 93 649
35 94 474
35 95 585
35 96 212
35 97 878
35 98 434
35 99 583
35 100 139
36 37 557
36 38 697
36 39 404
36 40 423
36 41 350
36 42 449
36 43 515
36 44 367
36 45 289
36 46 578
36 47 164
36 48 403
36 49 401
36 50 577
36 51 378
36 52 194
36 53 263
36 54 678
36 55 470
36 56 556
36 57 100
36 58 542
36 59 466
36 60 484
36 61 223
36 62 543
36 63 424
36 64 136
36 65 323
36 66 403
36 67 386
36 68 485
36 69 401
36 70 777
36 71 566
36 72 727
36 73 599
36 74 534
36 75 432
36 76 460
36 77 498
36 78 488
36 79 316
36 80 326
36 81 264
36 82 468
36 83 410
36 84 464
36 85 509
36 86 426
36 87 553
36 88 465
36 89 673
36 90 354
36 91 222
36 92 532
36 93 540
36 94 296
36 95 451
36 96 441
36 97 418
36 98 343
36 99 248
36 100 330
37 38 250
37 39 841
37 40 941
37 41 905
37 42 988
37 43 1050
37 44 658
37 45 523
37 46 128
37 47 393
37 48 926
37 49 564
37 50 132
37 51 846
37 52 584
37 53 296
37 54 188
37 55 943
37 56 110
37 57 474
37 58 336
37 59 152
37 60 812
37 61 774
37 62 789
37 63 661
37 64 569
37 65 828
37 66 321
37 67 635
37 68 929
37 69 761
37 70 332
37 71 938
37 72 315
37 73 153
37 74 374
37 75 555
37 76 278
37 77 106
37 78 390
37 79 258
37 80 854
37 81 803
37 82 568
37 83 878
37 84 421
37 85 590
37 86 650
37 87 735
37 88 403
37 89 578
37 90 807
37 91 708
37 92 194
37 93 109
37 94 290
37 95 150
37 96 861
37 97 654
37 98 303
37 99 324
37 100 688
38 39 1041
38 40 1113
38 41 1043
38 42 1146
38 43 1211
38 44 880
38 45 741
38 46 139
38 47 540
38 48 1003
38 49 541
38 50 137
38 51 896
38 52 778
38 53 447
38 54 71
38 55 1134
38 56 164
38 57 637
38 58 586
38 59 397
38 60 800
38 61 919
38 62 743
38 63 641
38 64 661
38 65 901
38 66 562
38 67 627
38 68 957
38 69 771
38 70 87
38 71 928
38 72 67
38 73 111
38 74 274
38 75 517
38 76 526
38 77 353
38 78 320
38 79 385
38 80 940
38 81 903
38 82 513
38 83 925
38 84 668
38 85 518
38 86 626
38 87 671
38 88 651
38 89 827
38 90 854
38 91 786
38 92 165
38 93 359
38 94 494
38 95 390
38 96 1066
38 97 634
38 98 530
38 99 450
38 100 899
39 40 187
39 41 323
39 42 275
39 43 301
39 44 221
39 45 327
39 46 906
39 47 517
39 48 572
39 49 802
39 50 907
39 51 643
39 52 263
39 53 598
39 54 1004
39 55 112
39 56 881
39 57 417
39 58 651
39 59 702
39 60 826
39 61 286
39 62 909
39 63 809
39 64 527
39 65 561
39 66 553
39 67 774
39 68 744
39 69 745
39 70 1126
39 71 867
39 72 1084
39 73 933
39 74 926
39 75 834
39 76 620
39 77 748
39 78 884
39 79 663
39 80 518
39 81 463
39 82 870
39 83 664
39 84 522
39 85 911
39 86 814
39 87 937
39 88 536
39 89 629
39 90 643
39 91 536
39 92 885
39 93 776
39 94 553
39 95 697
39 96 40
39 97 804
39 98 542
39 99 608
39 100 162
40 41 176
40 42 88
40 43 121
40 44 392
40 45 465
40 46 986
40 47 573
40 48 439
40 49 782
40 50 986
40 51 540
40 52 363
40 53 667
40 54 1086
40 55 119
40 56 963
40 57 476
40 58 801
40 59 817
40 60 746
40 61 220
40 62 843
40 63 765
40 64 513
40 65 458
40 66 687
40 67 735
40 68 627
40 69 671
40 70 1195
40 71 762
40 72 1147
40 73 1010
40 74 955
40 75 818
40 76 755
40 77 859
40 78 908
40 79 728
40 80 403
40 81 365
40 82 853
40 83 552
40 84 678
40 85 891
40 86 774
40 87 886
40 88 690
40 89 808
40 90 550
40 91 472
40 92 950
40 93 893
40 94 652
40 95 808
40 96 212
40 97 762
40 98 660
40 99 663
40 100 322
41 42 134
41 43 196
41 44 476
41 45 502
41 46 927
41 47 514
41 48 263
41 49 648
41 50 926
41 51 367
41 52 379
41 53 613
41 54 1027
41 55 291
41 56 906
41 57 432
41 58 830
41 59 800
41 60 579
41 61 132
41 62 681
41 63 616
41 64 398
41 65 287
41 66 700
41 67 590
41 68 451
41 69 509
41 70 1121
41 71 587
41 72 1069
41 73 948
41 74 853
41 75 685
41 76 766
41 77 838
41 78 802
41 79 666
41 80 230
41 81 201
41 82 718
41 83 378
41 84 720
41 85 754
41 86 626
41 87 731
41 88 728
41 89 885
41 90 382
41 91 323
41 92 878
41 93 877
41 94 629
41 95 788
41 96 358
41 97 614
41 98 657
41 99 597
41 100 404
42 43 66
42 44 473
42 45 535
42 46 1024
42 47 608
42 48 384
42 49 777
42 50 1023
42 51 498
42 52 424
42 53 705
42 54 1124
42 55 201
42 56 1001
42 57 516
42 58 871
42 59 871
42 60 712
42 61 229
42 62 815
42 63 749
42 64 519
42 65 419
42 66 751
42 67 722
42 68 576
42 69 643
42 70 1226
42 71 714
42 72 1176
42 73 1046
42 74 971
42 75 814
42 76 819
42 77 912
42 78 921
42 79 763
42 80 361
42 81 335
42 82 848
42 83 506
42 84 751
42 85 885
42 86 759
42 87 864
42 88 762
42 89 890
42 90 515
42 91 455
42 92 982
42 93 948
42 94 703
42 95 861
42 96 300
42 97 747
42 98 719
42 99 696
42 100 401
43 44 512
43 45 585
43 46 1088
43 47 672
43 48 432
43 49 842
43 50 1087
43 51 553
43 52 479
43 53 769
43 54 1188
43 55 208
43 56 1065
43 57 579
43 58 921
43 59 930
43 60 770
43 61 295
43 62 874
43 63 812
43 64 585
43 65 476
43 66 805
43 67 785
43 68 625
43 69 702
43 70 1291
43 71 765
43 72 1242
43 73 1111
43 74 1038
43 75 879
43 76 873
43 77 972
43 78 988
43 79 827
43 80 417
43 81 396
43 82 913
43 83 559
43 84 798
43 85 949
43 86 822
43 87 926
43 88 810
43 89 927
43 90 572
43 91 518
43 92 1047
43 93 1007
43 94 763
43 95 921
43 96 319
43 97 810
43 98 776
43 99 761
43 100 442
44 45 139
44 46 741
44 47 408
44 48 678
44 49 755
44 50 743
44 51 708
44 52 173
44 53 463
44 54 834
44 55 333
44 56 716
44 57 324
44 58 433
44 59 510
44 60 848
44 61 381
44 62 910
44 63 789
44 64 503
44 65 634
44 66 349
44 67 751
44 68 816
44 69 764
44 70 967
44 71 918
44 72 930
44 73 769
44 74 814
44 75 781
44 76 412
44 77 558
44 78 781
44 79 527
44 80 608
44 81 543
44 82 815
44 83 735
44 84 302
44 85 856
44 86 790
44 87 917
44 88 318
44 89 417
44 90 694
44 91 567
44 92 737
44 93 580
44 94 387
44 95 509
44 96 225
44 97 783
44 98 355
44 99 488
44 100 73
45 46 603
45 47 285
45 48 658
45 49 645
45 50 604
45 51 660
45 52 126
45 53 328
45 54 696
45 55 435
45 56 577
45 57 217
45 58 336
45 59 378
45 60 770
45 61 383
45 62 819
45 63 691
45 64 417
45 65 595
45 66 227
45 67 653
45 68 769
45 69 688
45 70 828
45 71 855
45 72 791
45 73 631
45 74 681
45 75 667
45 76 294
45 77 425
45 78 650
45 79 391
45 80 583
45 81 516
45 82 701
45 83 691
45 84 218
45 85 741
45 86 691
45 87 817
45 88 228
45 89 397
45 90 639
45 91 508
45 92 598
45 93 451
45 94 248
45 95 375
45 96 342
45 97 684
45 98 219
45 99 357
45 100 168
46 47 416
46 48 912
46 49 493
46 50 5
46 51 816
46 52 644
46 53 319
46 54 100
46 55 1002
46 56 25
46 57 510
46 58 459
46 59 263
46 60 751
46 61 800
46 62 712
46 63 594
46 64 559
46 65 810
46 66 425
46 67 572
46 68 888
46 69 710
46 70 226
46 71 879
46 72 196
46 73 29
46 74 265
46 75 477
46 76 392
46 77 222
46 78 292
46 79 262
46 80 844
46 81 801
46 82 483
46 83 847
46 84 533
46 85 499
46 86 581
46 87 650
46 88 516
46 89 702
46 90 775
46 91 692
46 92 86
46 93 236
46 94 356
46 95 253
46 96 930
46 97 586
46 98 391
46 99 330
46 100 762
47 48 546
47 49 366
47 50 415
47 51 490
47 52 259
47 53 99
47 54 516
47 55 601
47 56 394
47 57 100
47 58 428
47 59 313
47 60 533
47 61 385
47 62 560
47 63 426
47 64 202
47 65 454
47 66 293
47 67 388
47 68 589
47 69 459
47 70 622
47 71 639
47 72 575
47 73 439
47 74 413
47 75 386
47 76 336
47 77 341
47 78 375
47 79 155
47 80 470
47 81 414
47 82 418
47 83 524
47 84 384
47 85 458
47 86 422
47 87 545
47 88 379
47 89 605
47 90 457
47 91 337
47 92 377
47 93 383
47 94 155
47 95 297
47 96 548
47 97 418
47 98 222
47 99 92
47 100 399
48 49 511
48 50 909
48 51 140
48 52 535
48 53 636
48 54 1005
48 55 554
48 56 896
48 57 504
48 58 945
48 59 859
48 60 357
48 61 300
48 62 468
48 63 445
48 64 357
48 65 103
48 66 806
48 67 432
48 68 193
48 69 307
48 70 1068
48 71 334
48 72 1012
48 73 926
48 74 766
48 75 547
48 76 864
48 77 885
48 78 712
48 79 668
48 80 77
48 81 143
48 82 574
48 83 133
48 84 859
48 85 602
48 86 459
48 87 534
48 88 862
48 89 1055
48 90 175
48 91 220
48 92 844
48 93 929
48 94 694
48 95 843
48 96 610
48 97 446
48 98 746
48 99 602
48 100 612
49 50 489
49 51 381
49 52 586
49 53 376
49 54 565
49 55 854
49 56 488
49 57 432
49 58 756
49 59 580
49 60 260
49 61 561
49 62 225
49 63 101
49 64 275
49 65 413
49 66 636
49 67 87
49 68 422
49 69 234
49 70 589
49 71 388
49 72 533
49 73 496
49 74 274
49 75 38
49 76 660
49 77 580
49 78 223
49 79 353
49 80 468
49 81 457
49 82 71
49 83 405
49 84 741
49 85 110
49 86 88
49 87 185
49 88 733
49 89 961
49 90 340
49 91 328
49 92 409
49 93 621
49 94 489
49 95 561
49 96 840
49 97 94
49 98 565
49 99 329
49 100 727
50 51 813
50 52 644
50 53 318
50 54 101
50 55 1002
50 56 28
50 57 510
50 58 463
50 59 266
50 60 747
50 61 799
50 62 708
50 63 590
50 64 557
50 65 808
50 66 428
50 67 569
50 68 885
50 69 706
50 70 224
50 71 875
50 72 193
50 73 27
50 74 260
50 75 473
50 76 395
50 77 226
50 78 288
50 79 261
50 80 842
50 81 799
50 82 479
50 83 844
50 84 536
50 85 495
50 86 577
50 87 645
50 88 519
50 89 706
50 90 772
50 91 690
50 92 82
50 93 240
50 94 357
50 95 256
50 96 931
50 97 583
50 98 393
50 99 329
50 100 763
51 52 546
51 53 568
51 54 904
51 55 646
51 56 802
51 57 473
51 58 911
51 59 798
51 60 220
51 61 357
51 62 329
51 63 308
51 64 288
51 65 83
51 66 772
51 67 298
51 68 109
51 69 167
51 70 955
51 71 225
51 72 899
51 73 827
51 74 646
51 75 417
51 76 823
51 77 819
51 78 592
51 79 589
51 80 137
51 81 181
51 82 441
51 83 34
51 84 842
51 85 466
51 86 322
51 87 394
51 88 842
51 89 1051
51 90 42
51 91 157
51 92 742
51 93 863
51 94 645
51 95 781
51 96 683
51 97 310
51 98 706
51 99 528
51 100 650
52 53 335
52 54 742
52 55 359
52 56 619
52 57 163
52 58 452
52 59 454
52 60 676
52 61 258
52 62 737
52 63 617
52 64 330
52 65 478
52 66 327
52 67 579
52 68 655
52 69 593
52 70 863
52 71 750
52 72 821
52 73 670
52 74 672
52 75 614
52 76 395
52 77 498
52 78 634
52 79 400
52 80 461
52 81 394
52 82 649
52 83 576
52 84 341
52 85 690
52 86 618
52 87 745
52 88 349
52 89 521
52 90 529
52 91 400
52 92 622
52 93 530
52 94 294
52 95 446
52 96 291
52 97 610
52 98 297
52 99 348
52 100 143
53 54 419
53 55 688
53 56 296
53 57 191
53 58 382
53 59 231
53 60 581
53 61 484
53 62 590
53 63 454
53 64 282
53 65 540
53 66 260
53 67 418
53 68 661
53 69 514
53 70 531
53 71 696
53 72 486
53 73 343
53 74 353
53 75 386
53 76 286
53 77 251
53 78 326
53 79 65
53 80 562
53 81 508
53 82 415
53 83 601
53 84 368
53 85 451
53 86 447
53 87 561
53 88 359
53 89 587
53 90 532
53 91 421
53 92 287
53 93 296
53 94 114
53 95 213
53 96 626
53 97 445
53 98 189
53 99 48
53 100 467
54 55 1101
54 56 124
54 57 610
54 58 521
54 59 339
54 60 825
54 61 900
54 62 776
54 63 666
54 64 655
54 65 903
54 66 507
54 67 648
54 68 972
54 69 790
54 70 145
54 71 953
54 72 138
54 73 80
54 74 311
54 75 544
54 76 466
54 77 293
54 78 350
54 79 362
54 80 939
54 81 897
54 82 545
54 83 935
54 84 609
54 85 555
54 86 652
54 87 708
54 88 591
54 89 761
54 90 863
54 91 786
54 92 162
54 93 294
54 94 452
54 95 334
54 96 1028
54 97 659
54 98 481
54 99 430
54 100 858
55 56 977
55 57 500
55 58 762
55 59 807
55 60 845
55 61 302
55 62 937
55 63 848
55 64 579
55 65 563
55 66 662
55 67 816
55 68 738
55 69 767
55 70 1219
55 71 870
55 72 1174
55 73 1027
55 74 1002
55 75 888
55 76 729
55 77 853
55 78 957
55 79 752
55 80 512
55 81 467
55 82 924
55 83 661
55 84 633
55 85 964
55 86 856
55 87 973
55 88 647
55 89 736
55 90 653
55 91 561
55 92 975
55 93 882
55 94 653
55 95 801
55 96 116
55 97 844
55 98 648
55 99 693
55 100 272
56 57 487
56 58 437
56 59 239
56 60 744
56 61 778
56 62 709
56 63 588
56 64 542
56 65 795
56 66 400
56 67 565
56 68 877
56 69 700
56 70 251
56 71 871
56 72 221
56 73 54
56 74 270
56 75 473
56 76 368
56 77 199
56 78 294
56 79 241
56 80 828
56 81 783
56 82 481
56 83 834
56 84 509
56 85 499
56 86 575
56 87 648
56 88 492
56 89 680
56 90 762
56 91 676
56 92 89
56 93 216
56 94 331
56 95 229
56 96 906
56 97 580
56 98 366
56 99 309
56 100 737
57 58 442
57 59 371
57 60 558
57 61 300
57 62 603
57 63 475
57 64 205
57 65 422
57 66 302
57 67 436
57 68 579
57 69 478
57 70 721
57 71 650
57 72 675
57 73 534
57 74 510
57 75 457
57 76 360
57 77 406
57 78 471
57 79 253
57 80 427
57 81 364
57 82 491
57 83 506
57 84 369
57 85 532
57 86 474
57 87 600
57 88 368
57 89 583
57 90 446
57 91 317
57 92 476
57 93 446
57 94 199
57 95 358
57 96 448
57 97 467
57 98 243
57 99 192
57 100 306
58 59 205
58 60 958
58 61 703
58 62 972
58 63 835
58 64 628
58 65 864
58 66 140
58 67 800
58 68 1014
58 69 886
58 70 666
58 71 1067
58 72 651
58 73 487
58 74 659
58 75 762
58 76 96
58 77 238
58 78 655
58 79 406
58 80 867
58 81 804
58 82 787
58 83 945
58 84 131
58 85 820
58 86 829
58 87 941
58 88 115
58 89 243
58 90 881
58 91 755
58 92 504
58 93 227
58 94 276
58 95 221
58 96 657
58 97 827
58 98 206
58 99 430
58 100 490
59 60 806
59 61 668
59 62 803
59 63 668
59 64 511
59 65 766
59 66 169
59 67 636
59 68 892
59 69 742
59 70 481
59 71 924
59 72 458
59 73 291
59 74 456
59 75 581
59 76 130
59 77 48
59 78 455
59 79 229
59 80 783
59 81 726
59 82 602
59 83 832
59 84 271
59 85 632
59 86 660
59 87 762
59 88 254
59 89 446
59 90 763
59 91 649
59 92 299
59 93 77
59 94 172
59 95 19
59 96 720
59 97 660
59 98 160
59 99 275
59 100 545
60 61 545
60 62 112
60 63 159
60 64 354
60 65 294
60 66 825
60 67 179
60 68 197
60 69 83
60 70 844
60 71 128
60 72 788
60 73 755
60 74 529
60 75 284
60 76 863
60 77 814
60 78 480
60 79 578
60 80 353
60 81 381
60 82 292
60 83 224
60 84 916
60 85 302
60 86 174
60 87 188
60 88 912
60 89 1135
60 90 198
60 91 291
60 92 668
60 93 857
60 94 682
60 95 786
60 96 866
60 97 166
60 98 754
60 99 534
60 100 801
61 62 635
61 63 548
61 64 294
61 65 276
61 66 571
61 67 516
61 68 459
61 69 465
61 70 998
61 71 581
61 72 948
61 73 822
61 74 743
61 75 597
61 76 636
61 77 706
61 78 693
61 79 538
61 80 237
61 81 178
61 82 632
61 83 379
61 84 598
61 85 671
61 86 556
61 87 671
61 88 605
61 89 775
61 90 357
61 91 259
61 92 754
61 93 745
61 94 497
61 95 656
61 96 325
61 97 544
61 98 526
61 99 470
61 100 313
62 63 136
62 64 407
62 65 399
62 66 846
62 67 173
62 68 307
62 69 173
62 70 778
62 71 208
62 72 723
62 73 712
62 74 469
62 75 235
62 76 875
62 77 804
62 78 426
62 79 574
62 80 459
62 81 481
62 82 231
62 83 336
62 84 944
62 85 227
62 86 144
62 87 84
62 88 938
62 89 1165
62 90 303
62 91 376
62 92 626
62 93 847
62 94 699
62 95 784
62 96 949
62 97 145
62 98 774
62 99 542
62 100 869
63 64 288
63 65 356
63 66 709
63 67 38
63 68 333
63 69 147
63 70 686
63 71 288
63 72 630
63 73 597
63 74 371
63 75 125
63 76 739
63 77 671
63 78 321
63 79 439
63 80 414
63 81 417
63 82 139
63 83 327
63 84 809
63 85 159
63 86 15
63 87 129
63 88 802
63 89 1030
63 90 271
63 91 295
63 92 510
63 93 714
63 94 562
63 95 649
63 96 848
63 97 8
63 98 637
63 99 406
63 100 753
64 65 258
64 66 490
64 67 251
64 68 387
64 69 273
64 70 733
64 71 447
64 72 679
64 73 576
64 74 455
64 75 309
64 76 538
64 77 534
64 78 404
64 79 312
64 80 286
64 81 242
64 82 345
64 83 322
64 84 570
64 85 385
64 86 291
64 87 417
64 88 567
64 89 786
64 90 254
64 91 139
64 92 497
64 93 578
64 94 358
64 95 494
64 96 565
64 97 282
64 98 422
64 99 246
64 100 465
65 66 725
65 67 338
65 68 184
65 69 229
65 70 966
65 71 307
65 72 910
65 73 824
65 74 664
65 75 451
65 76 779
65 77 791
65 78 610
65 79 570
65 80 60
65 81 98
65 82 479
65 83 103
65 84 786
65 85 509
65 86 369
65 87 456
65 88 788
65 89 990
65 90 96
65 91 120
65 92 742
65 93 835
65 94 606
65 95 750
65 96 601
65 97 356
65 98 662
65 99 504
65 100 574
66 67 673
66 68 875
66 69 752
66 70 648
66 71 932
66 72 621
66 73 454
66 74 577
66 75 646
66 76 68
66 77 217
66 78 563
66 79 298
66 80 728
66 81 665
66 82 674
66 83 805
66 84 116
66 85 710
66 86 704
66 87 820
66 88 102
66 89 327
66 90 742
66 91 616
66 92 447
66 93 233
66 94 147
66 95 173
66 96 566
66 97 701
66 98 72
66 99 307
66 100 392
67 68 335
67 69 147
67 70 676
67 71 306
67 72 619
67 73 577
67 74 361
67 75 120
67 76 704
67 77 641
67 78 309
67 79 407
67 80 395
67 81 393
67 82 143
67 83 321
67 84 771
67 85 171
67 86 40
67 87 167
67 88 765
67 89 993
67 90 259
67 91 267
67 92 490
67 93 684
67 94 526
67 95 617
67 96 813
67 97 32
67 98 601
67 99 370
67 100 716
68 69 188
68 70 1010
68 71 141
68 72 953
68 73 897
68 74 695
68 75 454
68 76 924
68 77 910
68 78 643
68 79 676
68 80 227
68 81 282
68 82 471
68 83 81
68 84 948
68 85 489
68 86 348
68 87 385
68 88 948
68 89 1158
68 90 133
68 91 263
68 92 811
68 93 954
68 94 744
68 95 874
68 96 783
68 97 337
68 98 808
68 99 619
68 100 757
69 70 823
69 71 182
69 72 766
69 73 717
69 74 508
69 75 266
69 76 792
69 77 754
69 78 456
69 79 517
69 80 289
69 81 308
69 82 285
69 83 183
69 84 839
69 85 305
69 86 162
69 87 228
69 88 835
69 89 1057
69 90 135
69 91 209
69 92 629
69 93 798
69 94 611
69 95 723
69 96 784
69 97 150
69 98 681
69 99 468
69 100 717
70 71 971
70 72 57
70 73 197
70 74 316
70 75 561
70 76 610
70 77 437
70 78 367
70 79 468
70 80 1008
70 81 973
70 82 553
70 83 984
70 84 752
70 85 552
70 86 672
70 87 702
70 88 735
70 89 905
70 90 914
70 91 854
70 92 245
70 93 439
70 94 581
70 95 475
70 96 1152
70 97 680
70 98 617
70 99 531
70 100 985
71 72 915
71 73 883
71 74 656
71 75 411
71 76 974
71 77 935
71 78 608
71 79 698
71 80 358
71 81 405
71 82 418
71 83 209
71 84 1016
71 85 425
71 86 302
71 87 292
71 88 1013
71 89 1233
71 90 226
71 91 351
71 92 796
71 93 978
71 94 792
71 95 905
71 96 907
71 97 294
71 98 862
71 99 650
71 100 864
72 73 167
72 74 259
72 75 505
72 76 587
72 77 416
72 78 310
72 79 422
72 80 953
72 81 919
72 82 497
72 83 927
72 84 729
72 85 496
72 86 615
72 87 647
72 88 712
72 89 892
72 90 857
72 91 799
72 92 199
72 93 424
72 94 544
72 95 449
72 96 1111
72 97 624
72 98 585
72 99 484
72 100 946
73 74 257
73 75 478
73 76 421
73 77 250
73 78 289
73 79 284
73 80 860
73 81 818
73 82 482
73 83 858
73 84 562
73 85 496
73 86 584
73 87 647
73 88 545
73 89 729
73 90 786
73 91 707
73 92 87
73 93 262
73 94 384
73 95 282
73 96 957
73 97 590
73 98 420
73 99 351
73 100 789
74 75 246
74 76 572
74 77 433
74 78 54
74 79 293
74 80 712
74 81 685
74 82 240
74 83 673
74 84 693
74 85 245
74 86 356
74 87 398
74 88 679
74 89 895
74 90 604
74 91 559
74 92 182
74 93 465
74 94 452
74 95 439
74 96 958
74 97 365
74 98 518
74 99 327
74 100 811
75 76 667
75 77 577
75 78 197
75 79 357
75 80 505
75 81 495
75 82 36
75 83 440
75 84 754
75 85 77
75 86 110
75 87 182
75 88 745
75 89 973
75 90 376
75 91 366
75 92 392
75 93 618
75 94 500
75 95 562
75 96 871
75 97 119
75 98 576
75 99 340
75 100 755
76 77 173
76 78 564
76 79 310
76 80 786
76 81 724
76 82 692
76 83 857
76 84 143
76 85 725
76 86 732
76 87 845
76 88 125
76 89 323
76 90 791
76 91 668
76 92 426
76 93 179
76 94 182
76 95 140
76 96 632
76 97 731
76 98 118
76 99 334
76 100 459
77 78 438
77 79 237
77 80 811
77 81 755
77 82 596
77 83 852
77 84 316
77 85 624
77 86 662
77 87 760
77 88 298
77 89 481
77 90 782
77 91 672
77 92 268
77 93 44
77 94 210
77 95 52
77 96 767
77 97 663
77 98 206
77 99 291
77 100 592
78 79 270
78 80 658
78 81 632
78 82 195
78 83 619
78 84 678
78 85 207
78 86 307
78 87 359
78 88 665
78 89 886
78 90 550
78 91 506
78 92 206
78 93 473
78 94 431
78 95 437
78 96 917
78 97 315
78 98 500
78 99 294
78 100 774
79 80 597
79 81 548
79 82 382
79 83 622
79 84 411
79 85 415
79 86 431
79 87 537
79 88 399
79 89 624
79 90 551
79 91 450
79 92 224
79 93 281
79 94 161
79 95 210
79 96 691
79 97 431
79 98 231
79 99 69
79 100 532
80 81 67
80 82 535
80 83 149
80 84 782
80 85 566
80 86 427
80 87 517
80 88 785
80 89 980
80 90 156
80 91 154
80 92 779
80 93 854
80 94 618
80 95 767
80 96 557
80 97 414
80 98 669
80 99 530
80 100 545
81 82 526
81 83 201
81 84 716
81 85 561
81 86 428
81 87 530
81 88 719
81 89 913
81 90 186
81 91 129
81 92 740
81 93 798
81 94 558
81 95 710
81 96 502
81 97 415
81 98 607
81 99 479
81 100 480
82 83 463
82 84 783
82 85 41
82 86 124
82 87 167
82 88 773
82 89 1001
82 90 401
82 91 398
82 92 397
82 93 636
82 94 528
82 95 583
82 96 907
82 97 135
82 98 604
82 99 369
82 100 791
83 84 874
83 85 486
83 86 342
83 87 405
83 88 875
83 89 1082
83 90 72
83 91 190
83 92 773
83 93 897
83 94 679
83 95 814
83 96 703
83 97 330
83 98 740
83 99 561
83 100 676
84 85 819
84 86 804
84 87 924
84 88 19
84 89 221
84 90 815
84 91 685
84 92 560
84 93 321
84 94 254
84 95 280
84 96 527
84 97 801
84 98 180
84 99 413
84 100 362
85 86 144
85 87 153
85 88 809
85 89 1037
85 90 428
85 91 433
85 92 413
85 93 662
85 94 565
85 95 613
85 96 948
85 97 157
85 98 640
85 99 406
85 100 832
86 87 127
86 88 798
86 89 1026
86 90 284
86 91 304
86 92 497
86 93 704
86 94 557
86 95 640
86 96 853
86 97 13
86 98 632
86 99 399
86 100 756
87 88 916
87 89 1145
87 90 363
87 91 414
87 92 564
87 93 800
87 94 673
87 95 743
87 96 976
87 97 135
87 98 749
87 99 514
87 100 882
88 89 229
88 90 815
88 91 685
88 92 544
88 93 303
88 94 245
88 95 263
88 96 542
88 97 794
88 98 169
88 99 404
88 100 375
89 90 1027
89 91 895
89 92 746
89 93 468
89 94 473
89 95 461
89 96 621
89 97 1022
89 98 397
89 99 633
89 100 489
90 91 132
90 92 701
90 93 826
90 94 612
90 95 745
90 96 683
90 97 272
90 98 675
90 99 491
90 100 639
91 92 626
91 93 716
91 94 491
91 95 632
91 96 575
91 97 292
91 98 550
91 99 385
91 100 515
92 93 293
92 94 351
92 95 286
92 96 913
92 97 503
92 98 401
92 99 287
92 100 749
93 94 248
93 95 89
93 96 793
93 97 706
93 98 235
93 99 336
93 100 618
94 95 160
94 96 576
94 97 554
94 98 76
94 99 160
94 100 406
95 96 716
95 97 641
95 98 156
95 99 257
95 100 542
96 97 843
96 98 560
96 99 638
96 100 175
97 98 629
97 99 397
97 100 747
98 99 236
98 100 386
99 100 485
