36 18
0 1 43
0 2 99
0 3 53
0 4 43
0 5 86
0 6 62
0 7 17
0 8 63
0 9 77
0 10 38
0 11 5
0 12 42
0 13 84
0 14 68
0 15 31
0 16 53
0 17 20
0 18 64
0 19 65
0 20 86
0 21 41
0 22 13
0 23 91
0 24 54
0 25 25
0 26 4
0 27 93
0 28 50
0 29 51
0 30 39
0 31 84
0 32 44
0 33 68
0 34 96
0 35 69
1 2 55
1 3 29
1 4 11
1 5 81
1 6 60
1 7 22
1 8 7
1 9 27
1 10 48
1 11 76
1 12 2
1 13 44
1 14 56
1 15 27
1 16 8
1 17 21
1 18 49
1 19 14
1 20 22
1 21 18
1 22 43
1 23 79
1 24 95
1 25 75
1 26 93
1 27 2
1 28 51
1 29 46
1 30 73
1 31 99
1 32 80
1 33 23
1 34 15
1 35 41
2 3 79
2 4 84
2 5 35
2 6 65
2 7 30
2 8 20
2 9 84
2 10 62
2 11 76
2 12 2
2 13 68
2 14 34
2 15 61
2 16 18
2 17 66
2 18 3
2 19 63
2 20 14
2 21 74
2 22 72
2 23 93
2 24 76
2 25 20
2 26 39
2 27 50
2 28 100
2 29 90
2 30 18
2 31 6
2 32 35
2 33 65
2 34 92
2 35 92
3 4 44
3 5 83
3 6 68
3 7 16
3 8 55
3 9 66
3 10 72
3 11 91
3 12 14
3 13 62
3 14 70
3 15 76
3 16 96
3 17 57
3 18 15
3 19 86
3 20 47
3 21 47
3 22 39
3 23 77
3 24 11
3 25 2
3 26 56
3 27 9
3 28 5
3 29 57
3 30 7
3 31 70
3 32 89
3 33 26
3 34 9
3 35 93
4 5 43
4 6 49
4 7 53
4 8 41
4 9 43
4 10 63
4 11 29
4 12 96
4 13 16
4 14 57
4 15 96
4 16 8
4 17 6
4 18 48
4 19 93
4 20 64
4 21 38
4 22 41
4 23 18
4 24 6
4 25 55
4 26 77
4 27 19
4 28 0
4 29 51
4 30 14
4 31 86
4 32 79
4 33 49
4 34 75
4 35 52
5 6 89
5 7 95
5 8 56
5 9 90
5 10 87
5 11 79
5 12 73
5 13 1
5 14 57
5 15 50
5 16 29
5 17 88
5 18 71
5 19 36
5 20 88
5 21 17
5 22 54
5 23 79
5 24 27
5 25 46
5 26 100
5 27 84
5 28 53
5 29 86
5 30 93
5 31 25
5 32 35
5 33 41
5 34 44
5 35 13
6 7 27
6 8 92
6 9 73
6 10 92
6 11 88
6 12 47
6 13 48
6 14 57
6 15 36
6 16 70
6 17 69
6 18 57
6 19 12
6 20 16
6 21 1
6 22 89
6 23 5
6 24 54
6 25 6
6 26 49
6 27 92
6 28 56
6 29 25
6 30 94
6 31 32
6 32 44
6 33 51
6 34 44
6 35 84
7 8 23
7 9 77
7 10 61
7 11 12
7 12 50
7 13 61
7 14 12
7 15 11
7 16 21
7 17 89
7 18 92
7 19 13
7 20 36
7 21 11
7 22 3
7 23 54
7 24 91
7 25 63
7 26 78
7 27 96
7 28 58
7 29 86
7 30 70
7 31 43
7 32 30
7 33 71
7 34 56
7 35 51
8 9 47
8 10 12
8 11 19
8 12 87
8 13 40
8 14 26
8 15 83
8 16 64
8 17 49
8 18 44
8 19 36
8 20 32
8 21 32
8 22 67
8 23 58
8 24 75
8 25 5
8 26 19
8 27 51
8 28 30
8 29 88
8 30 59
8 31 18
8 32 43
8 33 81
8 34 100
8 35 6
9 10 21
9 11 98
9 12 53
9 13 7
9 14 2
9 15 46
9 16 54
9 17 37
9 18 34
9 19 88
9 20 80
9 21 9
9 22 66
9 23 99
9 24 65
9 25 61
9 26 60
9 27 22
9 28 17
9 29 82
9 30 49
9 31 92
9 32 39
9 33 36
9 34 35
9 35 2
10 11 53
10 12 32
10 13 57
10 14 55
10 15 39
10 16 88
10 17 23
10 18 83
10 19 40
10 20 46
10 21 42
10 22 11
10 23 24
10 24 43
10 25 16
10 26 98
10 27 81
10 28 45
10 29 51
10 30 66
10 31 47
10 32 64
10 33 48
10 34 53
10 35 28
11 12 50
11 13 11
11 14 21
11 15 50
11 16 18
11 17 25
11 18 68
11 19 20
11 20 13
11 21 94
11 22 84
11 23 6
11 24 63
11 25 68
11 26 36
11 27 89
11 28 29
11 29 96
11 30 47
11 31 49
11 32 21
11 33 4
11 34 78
11 35 1
12 13 26
12 14 74
12 15 41
12 16 31
12 17 18
12 18 94
12 19 22
12 20 88
12 21 74
12 22 0
12 23 96
12 24 5
12 25 16
12 26 30
12 27 48
12 28 78
12 29 77
12 30 85
12 31 39
12 32 75
12 33 29
12 34 91
12 35 18
13 14 73
13 15 89
13 16 33
13 17 42
13 18 64
13 19 22
13 20 95
13 21 98
13 22 43
13 23 92
13 24 34
13 25 39
13 26 38
13 27 22
13 28 33
13 29 0
13 30 79
13 31 82
13 32 2
13 33 83
13 34 65
13 35 69
14 15 48
14 16 33
14 17 70
14 18 50
14 19 62
14 20 20
14 21 65
14 22 21
14 23 86
14 24 52
14 25 83
14 26 75
14 27 86
14 28 89
14 29 5
14 30 35
14 31 86
14 32 37
14 33 26
14 34 97
14 35 90
15 16 17
15 17 96
15 18 99
15 19 77
15 20 82
15 21 41
15 22 62
15 23 95
15 24 54
15 25 54
15 26 92
15 27 69
15 28 30
15 29 6
15 30 99
15 31 64
15 32 20
15 33 23
15 34 50
15 35 48
16 17 89
16 18 86
16 19 16
16 20 2
16 21 38
16 22 17
16 23 52
16 24 74
16 25 83
16 26 58
16 27 0
16 28 64
16 29 32
16 30 7
16 31 30
16 32 93
16 33 50
16 34 83
16 35 82
17 18 55
17 19 56
17 20 37
17 21 53
17 22 97
17 23 58
17 24 22
17 25 16
17 26 72
17 27 88
17 28 64
17 29 54
17 30 55
17 31 15
17 32 34
17 33 72
17 34 47
17 35 80
18 19 10
18 20 63
18 21 54
18 22 80
18 23 76
18 24 72
18 25 84
18 26 31
18 27 25
18 28 25
18 29 65
18 30 65
18 31 0
18 32 18
18 33 43
18 34 34
18 35 32
19 20 40
19 21 56
19 22 23
19 23 67
19 24 85
19 25 39
19 26 68
19 27 9
19 28 89
19 29 13
19 30 83
19 31 25
19 32 37
19 33 92
19 34 56
19 35 13
20 21 32
20 22 69
20 23 20
20 24 94
20 25 80
20 26 16
20 27 76
20 28 52
20 29 75
20 30 91
20 31 28
20 32 79
20 33 17
20 34 22
20 35 44
21 22 18
21 23 88
21 24 34
21 25 38
21 26 79
21 27 14
21 28 52
21 29 58
21 30 58
21 31 8
21 32 18
21 33 91
21 34 48
21 35 43
22 23 20
22 24 41
22 25 41
22 26 64
22 27 28
22 28 39
22 29 56
22 30 94
22 31 1
22 32 84
22 33 4
22 34 4
22 35 15
23 24 1
23 25 31
23 26 85
23 27 29
23 28 49
23 29 23
23 30 92
23 31 77
23 32 8
23 33 85
23 34 25
23 35 49
24 25 26
24 26 18
24 27 33
24 28 60
24 29 58
24 30 48
24 31 81
24 32 58
24 33 48
24 34 14
24 35 15
25 26 37
25 27 0
25 28 41
25 29 72
25 30 83
25 31 43
25 32 41
25 33 16
25 34 40
25 35 25
26 27 98
26 28 21
26 29 2
26 30 46
26 31 55
26 32 87
26 33 93
26 34 33
26 35 16
27 28 11
27 29 77
27 30 84
27 31 46
27 32 37
27 33 64
27 34 100
27 35 25
28 29 47
28 30 28
28 31 11
28 32 52
28 33 9
28 34 34
28 35 95
29 30 34
29 31 87
29 32 2
29 33 60
29 34 53
29 35 55
30 31 91
30 32 14
30 33 51
30 34 51
30 35 89
31 32 86
31 33 79
31 34 99
31 35 86
32 33 53
32 34 62
32 35 3
33 34 26
33 35 96
34 35 37
