81 40
0 1 54
0 2 74
0 3 44
0 4 24
0 5 79
0 6 97
0 7 89
0 8 57
0 9 18
0 10 70
0 11 31
0 12 22
0 13 90
0 14 53
0 15 79
0 16 19
0 17 99
0 18 15
0 19 1
0 20 89
0 21 68
0 22 19
0 23 29
0 24 86
0 25 88
0 26 54
0 27 44
0 28 34
0 29 46
0 30 90
0 31 76
0 32 54
0 33 80
0 34 52
0 35 70
0 36 11
0 37 51
0 38 33
0 39 72
0 40 2
0 41 65
0 42 44
0 43 22
0 44 96
0 45 61
0 46 8
0 47 1
0 48 58
0 49 17
0 50 58
0 51 72
0 52 65
0 53 83
0 54 31
0 55 10
0 56 10
0 57 36
0 58 96
0 59 47
0 60 25
0 61 58
0 62 36
0 63 53
0 64 27
0 65 99
0 66 86
0 67 82
0 68 67
0 69 40
0 70 92
0 71 25
0 72 83
0 73 14
0 74 76
0 75 11
0 76 97
0 77 42
0 78 33
0 79 75
0 80 7
1 2 13
1 3 94
1 4 75
1 5 82
1 6 57
1 7 33
1 8 55
1 9 9
1 10 19
1 11 45
1 12 53
1 13 17
1 14 10
1 15 69
1 16 31
1 17 36
1 18 62
1 19 37
1 20 0
1 21 87
1 22 44
1 23 63
1 24 85
1 25 8
1 26 61
1 27 99
1 28 63
1 29 86
1 30 79
1 31 82
1 32 92
1 33 97
1 34 45
1 35 22
1 36 38
1 37 28
1 38 80
1 39 90
1 40 3
1 41 73
1 42 72
1 43 87
1 44 56
1 45 69
1 46 29
1 47 89
1 48 72
1 49 57
1 50 94
1 51 89
1 52 44
1 53 76
1 54 7
1 55 95
1 56 23
1 57 42
1 58 34
1 59 82
1 60 71
1 61 16
1 62 23
1 63 45
1 64 20
1 65 18
1 66 24
1 67 33
1 68 40
1 69 13
1 70 32
1 71 34
1 72 27
1 73 42
1 74 30
1 75 11
1 76 55
1 77 22
1 78 80
1 79 42
1 80 57
2 3 99
2 4 5
2 5 63
2 6 28
2 7 35
2 8 20
2 9 76
2 10 45
2 11 41
2 12 44
2 13 33
2 14 98
2 15 23
2 16 92
2 17 29
2 18 36
2 19 79
2 20 69
2 21 65
2 22 62
2 23 94
2 24 27
2 25 86
2 26 8
2 27 100
2 28 10
2 29 1
2 30 66
2 31 31
2 32 88
2 33 77
2 34 89
2 35 88
2 36 9
2 37 19
2 38 44
2 39 16
2 40 66
2 41 52
2 42 70
2 43 40
2 44 88
2 45 38
2 46 32
2 47 59
2 48 32
2 49 29
2 50 42
2 51 70
2 52 44
2 53 38
2 54 20
2 55 38
2 56 2
2 57 98
2 58 34
2 59 40
2 60 86
2 61 13
2 62 81
2 63 0
2 64 96
2 65 66
2 66 31
2 67 99
2 68 53
2 69 38
2 70 31
2 71 80
2 72 31
2 73 2
2 74 5
2 75 31
2 76 82
2 77 69
2 78 33
2 79 70
2 80 66
3 4 58
3 5 16
3 6 44
3 7 43
3 8 62
3 9 25
3 10 42
3 11 91
3 12 49
3 13 90
3 14 14
3 15 21
3 16 48
3 17 75
3 18 89
3 19 20
3 20 7
3 21 63
3 22 66
3 23 88
3 24 44
3 25 60
3 26 44
3 27 52
3 28 19
3 29 4
3 30 72
3 31 81
3 32 48
3 33 48
3 34 52
3 35 44
3 36 67
3 37 59
3 38 65
3 39 5
3 40 56
3 41 41
3 42 31
3 43 4
3 44 64
3 45 51
3 46 42
3 47 14
3 48 42
3 49 30
3 50 8
3 51 4
3 52 45
3 53 52
3 54 42
3 55 39
3 56 1
3 57 70
3 58 59
3 59 38
3 60 48
3 61 40
3 62 8
3 63 7
3 64 52
3 65 63
3 66 80
3 67 6
3 68 18
3 69 14
3 70 43
3 71 22
3 72 29
3 73 88
3 74 57
3 75 91
3 76 14
3 77 85
3 78 40
3 79 36
3 80 11
4 5 5
4 6 45
4 7 24
4 8 53
4 9 9
4 10 47
4 11 44
4 12 64
4 13 29
4 14 28
4 15 30
4 16 13
4 17 47
4 18 52
4 19 71
4 20 34
4 21 26
4 22 47
4 23 38
4 24 20
4 25 97
4 26 64
4 27 1
4 28 31
4 29 74
4 30 26
4 31 20
4 32 73
4 33 25
4 34 78
4 35 16
4 36 19
4 37 58
4 38 12
4 39 51
4 40 45
4 41 28
4 42 25
4 43 46
4 44 29
4 45 53
4 46 99
4 47 39
4 48 77
4 49 47
4 50 83
4 51 31
4 52 82
4 53 14
4 54 7
4 55 34
4 56 31
4 57 51
4 58 77
4 59 51
4 60 32
4 61 83
4 62 83
4 63 77
4 64 54
4 65 51
4 66 35
4 67 33
4 68 5
4 69 64
4 70 42
4 71 48
4 72 14
4 73 30
4 74 83
4 75 46
4 76 31
4 77 49
4 78 39
4 79 2
4 80 42
5 6 4
5 7 51
5 8 14
5 9 17
5 10 83
5 11 18
5 12 86
5 13 8
5 14 61
5 15 61
5 16 84
5 17 45
5 18 59
5 19 54
5 20 68
5 21 44
5 22 23
5 23 24
5 24 14
5 25 39
5 26 14
5 27 15
5 28 42
5 29 4
5 30 54
5 31 58
5 32 13
5 33 100
5 34 87
5 35 87
5 36 58
5 37 100
5 38 58
5 39 48
5 40 56
5 41 64
5 42 70
5 43 28
5 44 42
5 45 23
5 46 56
5 47 0
5 48 79
5 49 66
5 50 80
5 51 95
5 52 86
5 53 36
5 54 75
5 55 24
5 56 24
5 57 2
5 58 69
5 59 66
5 60 43
5 61 47
5 62 19
5 63 55
5 64 93
5 65 69
5 66 63
5 67 44
5 68 18
5 69 13
5 70 97
5 71 53
5 72 17
5 73 99
5 74 24
5 75 66
5 76 61
5 77 18
5 78 57
5 79 93
5 80 19
6 7 11
6 8 28
6 9 65
6 10 38
6 11 41
6 12 45
6 13 23
6 14 58
6 15 41
6 16 14
6 17 41
6 18 46
6 19 68
6 20 65
6 21 48
6 22 70
6 23 50
6 24 32
6 25 60
6 26 69
6 27 80
6 28 85
6 29 25
6 30 22
6 31 61
6 32 55
6 33 54
6 34 58
6 35 25
6 36 80
6 37 63
6 38 86
6 39 51
6 40 9
6 41 53
6 42 10
6 43 48
6 44 72
6 45 66
6 46 100
6 47 32
6 48 82
6 49 69
6 50 32
6 51 81
6 52 72
6 53 39
6 54 16
6 55 29
6 56 73
6 57 52
6 58 27
6 59 55
6 60 82
6 61 73
6 62 38
6 63 23
6 64 82
6 65 24
6 66 94
6 67 41
6 68 53
6 69 96
6 70 81
6 71 95
6 72 26
6 73 15
6 74 29
6 75 7
6 76 97
6 77 96
6 78 73
6 79 90
6 80 46
7 8 92
7 9 2
7 10 98
7 11 3
7 12 51
7 13 88
7 14 67
7 15 17
7 16 1
7 17 72
7 18 77
7 19 45
7 20 44
7 21 46
7 22 48
7 23 79
7 24 29
7 25 42
7 26 81
7 27 5
7 28 58
7 29 87
7 30 50
7 31 6
7 32 37
7 33 100
7 34 84
7 35 26
7 36 17
7 37 26
7 38 10
7 39 13
7 40 51
7 41 77
7 42 48
7 43 21
7 44 16
7 45 47
7 46 83
7 47 38
7 48 28
7 49 38
7 50 51
7 51 86
7 52 46
7 53 4
7 54 78
7 55 6
7 56 80
7 57 11
7 58 20
7 59 56
7 60 100
7 61 33
7 62 82
7 63 37
7 64 20
7 65 37
7 66 40
7 67 68
7 68 47
7 69 47
7 70 15
7 71 10
7 72 6
7 73 98
7 74 88
7 75 82
7 76 32
7 77 35
7 78 50
7 79 100
7 80 96
8 9 5
8 10 50
8 11 3
8 12 98
8 13 48
8 14 78
8 15 60
8 16 81
8 17 27
8 18 41
8 19 53
8 20 57
8 21 46
8 22 88
8 23 9
8 24 57
8 25 58
8 26 80
8 27 81
8 28 91
8 29 80
8 30 50
8 31 40
8 32 1
8 33 77
8 34 26
8 35 27
8 36 86
8 37 5
8 38 0
8 39 86
8 40 26
8 41 71
8 42 70
8 43 82
8 44 66
8 45 96
8 46 78
8 47 13
8 48 9
8 49 18
8 50 85
8 51 43
8 52 8
8 53 19
8 54 52
8 55 84
8 56 57
8 57 61
8 58 50
8 59 89
8 60 63
8 61 30
8 62 20
8 63 38
8 64 45
8 65 92
8 66 50
8 67 95
8 68 74
8 69 35
8 70 54
8 71 28
8 72 69
8 73 45
8 74 44
8 75 64
8 76 54
8 77 100
8 78 13
8 79 79
8 80 60
9 10 62
9 11 63
9 12 52
9 13 47
9 14 68
9 15 18
9 16 21
9 17 8
9 18 7
9 19 35
9 20 23
9 21 100
9 22 40
9 23 90
9 24 23
9 25 13
9 26 37
9 27 0
9 28 6
9 29 85
9 30 44
9 31 12
9 32 53
9 33 23
9 34 79
9 35 28
9 36 63
9 37 89
9 38 49
9 39 87
9 40 50
9 41 11
9 42 63
9 43 55
9 44 90
9 45 82
9 46 3
9 47 30
9 48 16
9 49 40
9 50 9
9 51 92
9 52 0
9 53 20
9 54 54
9 55 18
9 56 31
9 57 53
9 58 22
9 59 78
9 60 44
9 61 71
9 62 73
9 63 83
9 64 52
9 65 73
9 66 80
9 67 17
9 68 57
9 69 63
9 70 9
9 71 92
9 72 16
9 73 42
9 74 77
9 75 51
9 76 66
9 77 4
9 78 35
9 79 19
9 80 17
10 11 32
10 12 42
10 13 15
10 14 95
10 15 62
10 16 4
10 17 19
10 18 65
10 19 16
10 20 73
10 21 98
10 22 0
10 23 4
10 24 24
10 25 39
10 26 43
10 27 98
10 28 9
10 29 27
10 30 100
10 31 60
10 32 53
10 33 39
10 34 71
10 35 41
10 36 91
10 37 81
10 38 71
10 39 18
10 40 87
10 41 6
10 42 12
10 43 63
10 44 3
10 45 74
10 46 60
10 47 86
10 48 14
10 49 94
10 50 83
10 51 61
10 52 41
10 53 92
10 54 53
10 55 32
10 56 0
10 57 56
10 58 76
10 59 49
10 60 4
10 61 81
10 62 41
10 63 62
10 64 58
10 65 25
10 66 46
10 67 39
10 68 66
10 69 52
10 70 13
10 71 40
10 72 62
10 73 9
10 74 1
10 75 17
10 76 29
10 77 28
10 78 89
10 79 67
10 80 37
11 12 85
11 13 89
11 14 72
11 15 46
11 16 49
11 17 73
11 18 43
11 19 77
11 20 17
11 21 79
11 22 60
11 23 45
11 24 17
11 25 23
11 26 95
11 27 80
11 28 27
11 29 45
11 30 65
11 31 10
11 32 93
11 33 79
11 34 1
11 35 30
11 36 88
11 37 27
11 38 45
11 39 64
11 40 60
11 41 64
11 42 1
11 43 76
11 44 75
11 45 83
11 46 65
11 47 62
11 48 60
11 49 63
11 50 67
11 51 10
11 52 37
11 53 26
11 54 72
11 55 70
11 56 12
11 57 2
11 58 22
11 59 93
11 60 19
11 61 86
11 62 25
11 63 9
11 64 52
11 65 71
11 66 26
11 67 27
11 68 12
11 69 99
11 70 46
11 71 54
11 72 40
11 73 6
11 74 4
11 75 9
11 76 76
11 77 60
11 78 88
11 79 78
11 80 93
12 13 24
12 14 39
12 15 45
12 16 3
12 17 13
12 18 90
12 19 20
12 20 0
12 21 100
12 22 8
12 23 49
12 24 42
12 25 86
12 26 11
12 27 54
12 28 66
12 29 28
12 30 89
12 31 97
12 32 80
12 33 89
12 34 43
12 35 4
12 36 34
12 37 57
12 38 50
12 39 25
12 40 47
12 41 3
12 42 73
12 43 75
12 44 20
12 45 5
12 46 72
12 47 67
12 48 41
12 49 37
12 50 71
12 51 69
12 52 68
12 53 13
12 54 51
12 55 30
12 56 43
12 57 85
12 58 1
12 59 3
12 60 33
12 61 70
12 62 46
12 63 42
12 64 71
12 65 64
12 66 83
12 67 95
12 68 64
12 69 31
12 70 25
12 71 56
12 72 49
12 73 22
12 74 73
12 75 21
12 76 23
12 77 50
12 78 12
12 79 31
12 80 58
13 14 35
13 15 95
13 16 16
13 17 25
13 18 51
13 19 77
13 20 39
13 21 10
13 22 70
13 23 87
13 24 60
13 25 52
13 26 26
13 27 36
13 28 77
13 29 70
13 30 14
13 31 22
13 32 10
13 33 9
13 34 45
13 35 96
13 36 94
13 37 37
13 38 41
13 39 93
13 40 98
13 41 55
13 42 92
13 43 79
13 44 87
13 45 32
13 46 72
13 47 84
13 48 48
13 49 56
13 50 59
13 51 96
13 52 54
13 53 20
13 54 88
13 55 89
13 56 15
13 57 90
13 58 75
13 59 54
13 60 26
13 61 18
13 62 96
13 63 12
13 64 83
13 65 5
13 66 98
13 67 47
13 68 26
13 69 49
13 70 16
13 71 34
13 72 11
13 73 79
13 74 88
13 75 52
13 76 29
13 77 5
13 78 82
13 79 49
13 80 75
14 15 43
14 16 35
14 17 1
14 18 36
14 19 64
14 20 89
14 21 9
14 22 93
14 23 72
14 24 67
14 25 57
14 26 22
14 27 3
14 28 49
14 29 2
14 30 46
14 31 56
14 32 88
14 33 86
14 34 40
14 35 71
14 36 36
14 37 60
14 38 96
14 39 66
14 40 93
14 41 99
14 42 17
14 43 31
14 44 73
14 45 45
14 46 36
14 47 61
14 48 48
14 49 8
14 50 4
14 51 59
14 52 99
14 53 73
14 54 39
14 55 59
14 56 23
14 57 4
14 58 91
14 59 82
14 60 95
14 61 78
14 62 9
14 63 81
14 64 99
14 65 68
14 66 42
14 67 56
14 68 87
14 69 44
14 70 43
14 71 56
14 72 100
14 73 66
14 74 84
14 75 63
14 76 35
14 77 64
14 78 7
14 79 64
14 80 66
15 16 31
15 17 23
15 18 90
15 19 15
15 20 47
15 21 97
15 22 55
15 23 92
15 24 66
15 25 48
15 26 91
15 27 38
15 28 18
15 29 50
15 30 79
15 31 86
15 32 29
15 33 21
15 34 33
15 35 37
15 36 25
15 37 16
15 38 55
15 39 2
15 40 78
15 41 85
15 42 27
15 43 57
15 44 93
15 45 61
15 46 22
15 47 74
15 48 79
15 49 9
15 50 39
15 51 2
15 52 90
15 53 10
15 54 74
15 55 71
15 56 78
15 57 59
15 58 69
15 59 33
15 60 38
15 61 34
15 62 18
15 63 3
15 64 82
15 65 79
15 66 96
15 67 93
15 68 24
15 69 87
15 70 76
15 71 90
15 72 50
15 73 78
15 74 43
15 75 33
15 76 76
15 77 52
15 78 23
15 79 16
15 80 49
16 17 52
16 18 6
16 19 61
16 20 44
16 21 14
16 22 39
16 23 88
16 24 62
16 25 31
16 26 5
16 27 73
16 28 1
16 29 76
16 30 25
16 31 93
16 32 18
16 33 45
16 34 9
16 35 79
16 36 30
16 37 60
16 38 61
16 39 0
16 40 4
16 41 19
16 42 2
16 43 65
16 44 35
16 45 69
16 46 50
16 47 43
16 48 67
16 49 67
16 50 85
16 51 13
16 52 80
16 53 62
16 54 43
16 55 57
16 56 81
16 57 25
16 58 67
16 59 33
16 60 68
16 61 40
16 62 61
16 63 42
16 64 93
16 65 20
16 66 13
16 67 68
16 68 43
16 69 56
16 70 63
16 71 46
16 72 48
16 73 3
16 74 58
16 75 9
16 76 81
16 77 23
16 78 15
16 79 92
16 80 60
17 18 98
17 19 18
17 20 41
17 21 98
17 22 36
17 23 69
17 24 44
17 25 77
17 26 96
17 27 66
17 28 83
17 29 78
17 30 77
17 31 92
17 32 49
17 33 64
17 34 87
17 35 21
17 36 63
17 37 32
17 38 16
17 39 34
17 40 96
17 41 45
17 42 56
17 43 33
17 44 83
17 45 95
17 46 57
17 47 63
17 48 5
17 49 56
17 50 21
17 51 91
17 52 42
17 53 38
17 54 78
17 55 84
17 56 52
17 57 73
17 58 15
17 59 41
17 60 45
17 61 56
17 62 19
17 63 24
17 64 52
17 65 0
17 66 45
17 67 91
17 68 3
17 69 66
17 70 53
17 71 28
17 72 7
17 73 45
17 74 83
17 75 32
17 76 34
17 77 7
17 78 23
17 79 79
17 80 23
18 19 80
18 20 67
18 21 16
18 22 43
18 23 38
18 24 51
18 25 48
18 26 0
18 27 83
18 28 37
18 29 29
18 30 2
18 31 48
18 32 26
18 33 8
18 34 86
18 35 14
18 36 61
18 37 99
18 38 69
18 39 15
18 40 96
18 41 45
18 42 16
18 43 94
18 44 61
18 45 46
18 46 20
18 47 8
18 48 43
18 49 15
18 50 5
18 51 47
18 52 89
18 53 46
18 54 28
18 55 82
18 56 12
18 57 42
18 58 45
18 59 78
18 60 39
18 61 42
18 62 89
18 63 91
18 64 52
18 65 59
18 66 29
18 67 34
18 68 7
18 69 28
18 70 34
18 71 27
18 72 21
18 73 0
18 74 81
18 75 24
18 76 6
18 77 90
18 78 14
18 79 77
18 80 76
19 20 65
19 21 42
19 22 5
19 23 80
19 24 44
19 25 2
19 26 59
19 27 57
19 28 1
19 29 54
19 30 68
19 31 78
19 32 46
19 33 100
19 34 87
19 35 37
19 36 26
19 37 64
19 38 88
19 39 34
19 40 1
19 41 52
19 42 22
19 43 4
19 44 11
19 45 4
19 46 63
19 47 93
19 48 47
19 49 77
19 50 90
19 51 15
19 52 52
19 53 90
19 54 49
19 55 50
19 56 14
19 57 15
19 58 24
19 59 76
19 60 66
19 61 28
19 62 50
19 63 14
19 64 52
19 65 11
19 66 80
19 67 50
19 68 17
19 69 33
19 70 6
19 71 85
19 72 100
19 73 60
19 74 78
19 75 89
19 76 27
19 77 24
19 78 38
19 79 93
19 80 66
20 21 73
20 22 36
20 23 59
20 24 61
20 25 22
20 26 43
20 27 19
20 28 74
20 29 29
20 30 14
20 31 77
20 32 49
20 33 52
20 34 19
20 35 69
20 36 4
20 37 11
20 38 54
20 39 69
20 40 1
20 41 28
20 42 49
20 43 94
20 44 33
20 45 58
20 46 19
20 47 75
20 48 59
20 49 11
20 50 23
20 51 87
20 52 81
20 53 99
20 54 91
20 55 52
20 56 2
20 57 51
20 58 60
20 59 78
20 60 95
20 61 31
20 62 12
20 63 20
20 64 14
20 65 5
20 66 75
20 67 30
20 68 48
20 69 33
20 70 89
20 71 5
20 72 1
20 73 50
20 74 55
20 75 90
20 76 43
20 77 79
20 78 25
20 79 21
20 80 3
21 22 63
21 23 63
21 24 17
21 25 18
21 26 7
21 27 94
21 28 46
21 29 22
21 30 86
21 31 27
21 32 97
21 33 32
21 34 27
21 35 6
21 36 85
21 37 92
21 38 2
21 39 9
21 40 32
21 41 91
21 42 8
21 43 47
21 44 86
21 45 7
21 46 52
21 47 80
21 48 36
21 49 71
21 50 88
21 51 65
21 52 56
21 53 86
21 54 21
21 55 91
21 56 64
21 57 25
21 58 95
21 59 96
21 60 49
21 61 54
21 62 51
21 63 56
21 64 34
21 65 21
21 66 2
21 67 72
21 68 71
21 69 18
21 70 52
21 71 40
21 72 54
21 73 92
21 74 43
21 75 8
21 76 100
21 77 11
21 78 86
21 79 71
21 80 90
22 23 86
22 24 24
22 25 49
22 26 39
22 27 73
22 28 59
22 29 71
22 30 30
22 31 88
22 32 42
22 33 27
22 34 52
22 35 95
22 36 41
22 37 70
22 38 63
22 39 83
22 40 56
22 41 37
22 42 11
22 43 2
22 44 29
22 45 49
22 46 71
22 47 67
22 48 20
22 49 0
22 50 41
22 51 45
22 52 97
22 53 60
22 54 100
22 55 59
22 56 72
22 57 20
22 58 65
22 59 88
22 60 6
22 61 18
22 62 18
22 63 72
22 64 74
22 65 100
22 66 12
22 67 99
22 68 15
22 69 71
22 70 30
22 71 81
22 72 15
22 73 20
22 74 5
22 75 93
22 76 3
22 77 40
22 78 5
22 79 33
22 80 14
23 24 54
23 25 59
23 26 34
23 27 71
23 28 31
23 29 55
23 30 33
23 31 60
23 32 27
23 33 92
23 34 22
23 35 92
23 36 14
23 37 14
23 38 5
23 39 5
23 40 72
23 41 96
23 42 4
23 43 39
23 44 41
23 45 62
23 46 18
23 47 57
23 48 42
23 49 80
23 50 61
23 51 94
23 52 79
23 53 31
23 54 30
23 55 95
23 56 78
23 57 90
23 58 21
23 59 26
23 60 98
23 61 55
23 62 4
23 63 1
23 64 29
23 65 18
23 66 52
23 67 16
23 68 42
23 69 23
23 70 84
23 71 47
23 72 95
23 73 22
23 74 13
23 75 34
23 76 55
23 77 15
23 78 11
23 79 60
23 80 46
24 25 12
24 26 58
24 27 77
24 28 8
24 29 60
24 30 57
24 31 46
24 32 24
24 33 60
24 34 37
24 35 86
24 36 18
24 37 92
24 38 81
24 39 81
24 40 28
24 41 21
24 42 100
24 43 50
24 44 91
24 45 6
24 46 20
24 47 16
24 48 37
24 49 87
24 50 52
24 51 67
24 52 40
24 53 82
24 54 74
24 55 83
24 56 23
24 57 34
24 58 63
24 59 44
24 60 34
24 61 65
24 62 1
24 63 34
24 64 91
24 65 29
24 66 1
24 67 99
24 68 61
24 69 1
24 70 15
24 71 10
24 72 93
24 73 95
24 74 55
24 75 70
24 76 57
24 77 100
24 78 38
24 79 21
24 80 36
25 26 8
25 27 48
25 28 20
25 29 71
25 30 45
25 31 0
25 32 25
25 33 31
25 34 89
25 35 78
25 36 42
25 37 12
25 38 46
25 39 77
25 40 34
25 41 54
25 42 23
25 43 25
25 44 44
25 45 27
25 46 97
25 47 94
25 48 23
25 49 7
25 50 51
25 51 55
25 52 62
25 53 65
25 54 5
25 55 58
25 56 10
25 57 89
25 58 8
25 59 16
25 60 72
25 61 20
25 62 5
25 63 95
25 64 97
25 65 12
25 66 96
25 67 36
25 68 26
25 69 80
25 70 61
25 71 48
25 72 40
25 73 54
25 74 33
25 75 77
25 76 73
25 77 39
25 78 47
25 79 91
25 80 92
26 27 82
26 28 12
26 29 11
26 30 89
26 31 76
26 32 35
26 33 34
26 34 48
26 35 10
26 36 68
26 37 71
26 38 74
26 39 55
26 40 18
26 41 6
26 42 25
26 43 98
26 44 43
26 45 13
26 46 64
26 47 98
26 48 34
26 49 55
26 50 63
26 51 81
26 52 25
26 53 85
26 54 37
26 55 50
26 56 65
26 57 42
26 58 77
26 59 56
26 60 90
26 61 72
26 62 63
26 63 76
26 64 75
26 65 16
26 66 83
26 67 68
26 68 46
26 69 95
26 70 33
26 71 49
26 72 30
26 73 65
26 74 92
26 75 92
26 76 3
26 77 1
26 78 80
26 79 42
26 80 91
27 28 79
27 29 20
27 30 95
27 31 16
27 32 20
27 33 86
27 34 31
27 35 16
27 36 77
27 37 64
27 38 47
27 39 21
27 40 92
27 41 86
27 42 23
27 43 18
27 44 47
27 45 54
27 46 50
27 47 89
27 48 100
27 49 96
27 50 19
27 51 96
27 52 7
27 53 55
27 54 59
27 55 54
27 56 96
27 57 46
27 58 88
27 59 78
27 60 61
27 61 61
27 62 2
27 63 1
27 64 5
27 65 6
27 66 36
27 67 33
27 68 25
27 69 36
27 70 84
27 71 87
27 72 11
27 73 5
27 74 21
27 75 96
27 76 47
27 77 68
27 78 99
27 79 69
27 80 66
28 29 82
28 30 18
28 31 95
28 32 29
28 33 66
28 34 40
28 35 89
28 36 93
28 37 99
28 38 12
28 39 4
28 40 14
28 41 98
28 42 90
28 43 14
28 44 83
28 45 74
28 46 24
28 47 0
28 48 89
28 49 80
28 50 20
28 51 14
28 52 74
28 53 67
28 54 9
28 55 3
28 56 18
28 57 35
28 58 24
28 59 87
28 60 31
28 61 0
28 62 50
28 63 1
28 64 14
28 65 66
28 66 64
28 67 5
28 68 70
28 69 3
28 70 81
28 71 8
28 72 93
28 73 65
28 74 67
28 75 96
28 76 79
28 77 8
28 78 82
28 79 56
28 80 43
29 30 63
29 31 81
29 32 25
29 33 96
29 34 65
29 35 50
29 36 71
29 37 36
29 38 49
29 39 81
29 40 54
29 41 98
29 42 22
29 43 72
29 44 95
29 45 21
29 46 77
29 47 81
29 48 78
29 49 13
29 50 41
29 51 14
29 52 6
29 53 64
29 54 56
29 55 46
29 56 72
29 57 42
29 58 27
29 59 73
29 60 36
29 61 66
29 62 77
29 63 84
29 64 93
29 65 84
29 66 68
29 67 30
29 68 81
29 69 92
29 70 84
29 71 2
29 72 53
29 73 55
29 74 1
29 75 80
29 76 5
29 77 59
29 78 99
29 79 17
29 80 84
30 31 8
30 32 56
30 33 81
30 34 34
30 35 4
30 36 68
30 37 41
30 38 27
30 39 5
30 40 41
30 41 26
30 42 30
30 43 47
30 44 10
30 45 72
30 46 1
30 47 21
30 48 14
30 49 91
30 50 42
30 51 31
30 52 39
30 53 14
30 54 29
30 55 75
30 56 41
30 57 38
30 58 92
30 59 1
30 60 63
30 61 17
30 62 88
30 63 53
30 64 100
30 65 56
30 66 75
30 67 15
30 68 90
30 69 53
30 70 86
30 71 98
30 72 45
30 73 38
30 74 49
30 75 80
30 76 66
30 77 4
30 78 77
30 79 16
30 80 60
31 32 81
31 33 82
31 34 55
31 35 87
31 36 83
31 37 40
31 38 36
31 39 97
31 40 40
31 41 60
31 42 64
31 43 80
31 44 37
31 45 41
31 46 45
31 47 22
31 48 26
31 49 58
31 50 81
31 51 32
31 52 91
31 53 71
31 54 48
31 55 12
31 56 59
31 57 27
31 58 44
31 59 70
31 60 92
31 61 28
31 62 29
31 63 93
31 64 41
31 65 33
31 66 67
31 67 13
31 68 29
31 69 77
31 70 75
31 71 29
31 72 56
31 73 79
31 74 5
31 75 17
31 76 3
31 77 83
31 78 87
31 79 96
31 80 91
32 33 37
32 34 47
32 35 53
32 36 27
32 37 33
32 38 2
32 39 4
32 40 91
32 41 40
32 42 92
32 43 6
32 44 36
32 45 74
32 46 56
32 47 37
32 48 56
32 49 39
32 50 83
32 51 73
32 52 19
32 53 85
32 54 36
32 55 100
32 56 59
32 57 70
32 58 53
32 59 32
32 60 18
32 61 35
32 62 65
32 63 52
32 64 64
32 65 58
32 66 19
32 67 83
32 68 5
32 69 84
32 70 54
32 71 66
32 72 10
32 73 46
32 74 37
32 75 98
32 76 100
32 77 59
32 78 21
32 79 88
32 80 98
33 34 63
33 35 67
33 36 94
33 37 46
33 38 87
33 39 85
33 40 12
33 41 55
33 42 51
33 43 88
33 44 16
33 45 36
33 46 68
33 47 72
33 48 93
33 49 30
33 50 50
33 51 65
33 52 41
33 53 0
33 54 66
33 55 61
33 56 86
33 57 41
33 58 16
33 59 60
33 60 9
33 61 80
33 62 28
33 63 60
33 64 75
33 65 83
33 66 98
33 67 53
33 68 56
33 69 59
33 70 12
33 71 100
33 72 86
33 73 26
33 74 17
33 75 73
33 76 35
33 77 37
33 78 73
33 79 25
33 80 41
34 35 22
34 36 25
34 37 3
34 38 20
34 39 93
34 40 23
34 41 27
34 42 86
34 43 75
34 44 75
34 45 64
34 46 11
34 47 31
34 48 13
34 49 77
34 50 82
34 51 96
34 52 64
34 53 0
34 54 18
34 55 45
34 56 62
34 57 25
34 58 15
34 59 29
34 60 17
34 61 34
34 62 42
34 63 39
34 64 21
34 65 2
34 66 17
34 67 64
34 68 83
34 69 4
34 70 98
34 71 89
34 72 76
34 73 68
34 74 49
34 75 28
34 76 19
34 77 78
34 78 71
34 79 19
34 80 2
35 36 74
35 37 46
35 38 86
35 39 3
35 40 85
35 41 17
35 42 85
35 43 64
35 44 17
35 45 63
35 46 85
35 47 10
35 48 36
35 49 27
35 50 33
35 51 22
35 52 46
35 53 42
35 54 12
35 55 97
35 56 48
35 57 24
35 58 89
35 59 62
35 60 48
35 61 88
35 62 77
35 63 27
35 64 79
35 65 25
35 66 34
35 67 13
35 68 88
35 69 57
35 70 67
35 71 62
35 72 71
35 73 44
35 74 66
35 75 86
35 76 75
35 77 12
35 78 98
35 79 85
35 80 45
36 37 83
36 38 86
36 39 71
36 40 88
36 41 54
36 42 91
36 43 14
36 44 31
36 45 64
36 46 31
36 47 16
36 48 95
36 49 67
36 50 49
36 51 23
36 52 31
36 53 20
36 54 13
36 55 89
36 56 71
36 57 63
36 58 97
36 59 60
36 60 84
36 61 86
36 62 67
36 63 38
36 64 23
36 65 34
36 66 27
36 67 97
36 68 28
36 69 51
36 70 7
36 71 55
36 72 66
36 73 42
36 74 44
36 75 28
36 76 22
36 77 38
36 78 65
36 79 24
36 80 26
37 38 57
37 39 7
37 40 70
37 41 0
37 42 4
37 43 78
37 44 69
37 45 50
37 46 68
37 47 23
37 48 2
37 49 67
37 50 51
37 51 94
37 52 24
37 53 37
37 54 94
37 55 4
37 56 63
37 57 21
37 58 35
37 59 77
37 60 73
37 61 95
37 62 91
37 63 61
37 64 31
37 65 46
37 66 7
37 67 18
37 68 80
37 69 76
37 70 10
37 71 2
37 72 1
37 73 42
37 74 16
37 75 74
37 76 100
37 77 17
37 78 71
37 79 38
37 80 66
38 39 79
38 40 28
38 41 65
38 42 81
38 43 65
38 44 49
38 45 44
38 46 69
38 47 53
38 48 27
38 49 61
38 50 32
38 51 47
38 52 39
38 53 10
38 54 8
38 55 56
38 56 34
38 57 68
38 58 96
38 59 88
38 60 72
38 61 56
38 62 25
38 63 3
38 64 79
38 65 4
38 66 99
38 67 45
38 68 0
38 69 41
38 70 80
38 71 39
38 72 43
38 73 2
38 74 2
38 75 13
38 76 72
38 77 96
38 78 42
38 79 99
38 80 93
39 40 31
39 41 16
39 42 53
39 43 64
39 44 46
39 45 55
39 46 7
39 47 0
39 48 54
39 49 1
39 50 58
39 51 95
39 52 71
39 53 46
39 54 70
39 55 96
39 56 20
39 57 20
39 58 6
39 59 4
39 60 6
39 61 59
39 62 65
39 63 2
39 64 23
39 65 59
39 66 71
39 67 31
39 68 51
39 69 21
39 70 65
39 71 98
39 72 19
39 73 35
39 74 15
39 75 93
39 76 45
39 77 39
39 78 60
39 79 84
39 80 32
40 41 85
40 42 22
40 43 18
40 44 27
40 45 41
40 46 93
40 47 41
40 48 22
40 49 36
40 50 90
40 51 73
40 52 41
40 53 1
40 54 68
40 55 37
40 56 23
40 57 17
40 58 51
40 59 73
40 60 0
40 61 22
40 62 22
40 63 4
40 64 71
40 65 96
40 66 36
40 67 6
40 68 13
40 69 87
40 70 25
40 71 29
40 72 70
40 73 38
40 74 95
40 75 25
40 76 66
40 77 31
40 78 88
40 79 2
40 80 78
41 42 61
41 43 81
41 44 36
41 45 4
41 46 3
41 47 19
41 48 25
41 49 6
41 50 81
41 51 11
41 52 18
41 53 85
41 54 64
41 55 34
41 56 64
41 57 5
41 58 18
41 59 1
41 60 27
41 61 78
41 62 81
41 63 15
41 64 80
41 65 27
41 66 43
41 67 75
41 68 6
41 69 46
41 70 58
41 71 54
41 72 61
41 73 27
41 74 33
41 75 33
41 76 77
41 77 70
41 78 58
41 79 44
41 80 95
42 43 52
42 44 68
42 45 21
42 46 14
42 47 60
42 48 5
42 49 93
42 50 61
42 51 13
42 52 38
42 53 68
42 54 60
42 55 34
42 56 70
42 57 42
42 58 95
42 59 16
42 60 72
42 61 16
42 62 75
42 63 99
42 64 67
42 65 38
42 66 26
42 67 73
42 68 98
42 69 25
42 70 40
42 71 81
42 72 91
42 73 15
42 74 51
42 75 31
42 76 46
42 77 71
42 78 93
42 79 35
42 80 65
43 44 59
43 45 69
43 46 55
43 47 44
43 48 88
43 49 66
43 50 21
43 51 24
43 52 90
43 53 34
43 54 21
43 55 95
43 56 27
43 57 47
43 58 49
43 59 21
43 60 30
43 61 100
43 62 82
43 63 84
43 64 39
43 65 27
43 66 90
43 67 18
43 68 59
43 69 6
43 70 15
43 71 48
43 72 86
43 73 59
43 74 51
43 75 100
43 76 41
43 77 23
43 78 6
43 79 6
43 80 30
44 45 44
44 46 80
44 47 51
44 48 45
44 49 63
44 50 49
44 51 53
44 52 45
44 53 77
44 54 36
44 55 29
44 56 2
44 57 90
44 58 65
44 59 32
44 60 96
44 61 21
44 62 65
44 63 37
44 64 92
44 65 58
44 66 23
44 67 48
44 68 34
44 69 10
44 70 68
44 71 24
44 72 13
44 73 85
44 74 51
44 75 93
44 76 22
44 77 37
44 78 95
44 79 2
44 80 7
45 46 66
45 47 61
45 48 11
45 49 95
45 50 96
45 51 6
45 52 27
45 53 5
45 54 52
45 55 100
45 56 4
45 57 86
45 58 63
45 59 38
45 60 70
45 61 73
45 62 69
45 63 78
45 64 13
45 65 70
45 66 18
45 67 56
45 68 23
45 69 0
45 70 17
45 71 1
45 72 23
45 73 10
45 74 44
45 75 4
45 76 97
45 77 61
45 78 91
45 79 9
45 80 39
46 47 5
46 48 26
46 49 31
46 50 49
46 51 62
46 52 23
46 53 1
46 54 25
46 55 10
46 56 76
46 57 6
46 58 5
46 59 55
46 60 26
46 61 52
46 62 65
46 63 66
46 64 65
46 65 74
46 66 98
46 67 8
46 68 100
46 69 23
46 70 73
46 71 20
46 72 96
46 73 12
46 74 38
46 75 72
46 76 66
46 77 18
46 78 31
46 79 65
46 80 67
47 48 22
47 49 74
47 50 92
47 51 2
47 52 34
47 53 57
47 54 19
47 55 50
47 56 42
47 57 53
47 58 38
47 59 15
47 60 69
47 61 74
47 62 59
47 63 53
47 64 43
47 65 5
47 66 48
47 67 72
47 68 30
47 69 88
47 70 46
47 71 6
47 72 0
47 73 88
47 74 75
47 75 37
47 76 82
47 77 45
47 78 3
47 79 0
47 80 49
48 49 12
48 50 91
48 51 74
48 52 46
48 53 32
48 54 20
48 55 13
48 56 15
48 57 43
48 58 32
48 59 95
48 60 33
48 61 28
48 62 16
48 63 12
48 64 31
48 65 3
48 66 23
48 67 67
48 68 4
48 69 40
48 70 50
48 71 74
48 72 88
48 73 33
48 74 24
48 75 8
48 76 63
48 77 51
48 78 54
48 79 33
48 80 59
49 50 38
49 51 61
49 52 50
49 53 47
49 54 90
49 55 45
49 56 64
49 57 10
49 58 95
49 59 84
49 60 33
49 61 74
49 62 9
49 63 9
49 64 80
49 65 68
49 66 2
49 67 11
49 68 99
49 69 86
49 70 36
49 71 91
49 72 63
49 73 1
49 74 21
49 75 41
49 76 41
49 77 89
49 78 13
49 79 85
49 80 54
50 51 75
50 52 74
50 53 44
50 54 99
50 55 3
50 56 71
50 57 34
50 58 64
50 59 76
50 60 4
50 61 3
50 62 51
50 63 97
50 64 7
50 65 62
50 66 60
50 67 46
50 68 64
50 69 39
50 70 44
50 71 5
50 72 42
50 73 0
50 74 2
50 75 3
50 76 43
50 77 18
50 78 8
50 79 3
50 80 42
51 52 14
51 53 81
51 54 10
51 55 16
51 56 60
51 57 24
51 58 70
51 59 48
51 60 44
51 61 25
51 62 11
51 63 67
51 64 10
51 65 46
51 66 84
51 67 36
51 68 96
51 69 6
51 70 78
51 71 38
51 72 57
51 73 74
51 74 6
51 75 32
51 76 84
51 77 44
51 78 41
51 79 32
51 80 6
52 53 98
52 54 29
52 55 16
52 56 54
52 57 100
52 58 87
52 59 20
52 60 33
52 61 48
52 62 58
52 63 44
52 64 83
52 65 33
52 66 38
52 67 76
52 68 89
52 69 64
52 70 34
52 71 16
52 72 23
52 73 51
52 74 77
52 75 35
52 76 68
52 77 60
52 78 93
52 79 50
52 80 69
53 54 49
53 55 74
53 56 75
53 57 35
53 58 34
53 59 63
53 60 18
53 61 37
53 62 17
53 63 7
53 64 77
53 65 76
53 66 48
53 67 80
53 68 77
53 69 28
53 70 84
53 71 76
53 72 99
53 73 30
53 74 16
53 75 1
53 76 5
53 77 24
53 78 21
53 79 32
53 80 89
54 55 89
54 56 50
54 57 22
54 58 58
54 59 13
54 60 41
54 61 76
54 62 99
54 63 59
54 64 52
54 65 8
54 66 99
54 67 86
54 68 83
54 69 74
54 70 10
54 71 33
54 72 43
54 73 70
54 74 33
54 75 99
54 76 71
54 77 81
54 78 23
54 79 74
54 80 34
55 56 31
55 57 28
55 58 99
55 59 46
55 60 14
55 61 49
55 62 2
55 63 41
55 64 71
55 65 33
55 66 54
55 67 30
55 68 15
55 69 25
55 70 93
55 71 78
55 72 64
55 73 15
55 74 51
55 75 35
55 76 26
55 77 13
55 78 88
55 79 91
55 80 46
56 57 47
56 58 93
56 59 41
56 60 85
56 61 99
56 62 26
56 63 26
56 64 24
56 65 53
56 66 85
56 67 53
56 68 100
56 69 98
56 70 83
56 71 89
56 72 77
56 73 95
56 74 27
56 75 44
56 76 70
56 77 47
56 78 89
56 79 37
56 80 10
57 58 10
57 59 54
57 60 18
57 61 76
57 62 42
57 63 98
57 64 24
57 65 67
57 66 73
57 67 21
57 68 65
57 69 36
57 70 69
57 71 14
57 72 75
57 73 80
57 74 35
57 75 96
57 76 57
57 77 73
57 78 0
57 79 70
57 80 52
58 59 44
58 60 14
58 61 42
58 62 21
58 63 3
58 64 22
58 65 45
58 66 11
58 67 8
58 68 33
58 69 5
58 70 98
58 71 1
58 72 29
58 73 93
58 74 20
58 75 38
58 76 21
58 77 49
58 78 25
58 79 50
58 80 56
59 60 15
59 61 65
59 62 8
59 63 57
59 64 10
59 65 95
59 66 28
59 67 80
59 68 65
59 69 17
59 70 45
59 71 100
59 72 62
59 73 59
59 74 6
59 75 50
59 76 6
59 77 21
59 78 90
59 79 29
59 80 31
60 61 5
60 62 55
60 63 9
60 64 55
60 65 71
60 66 38
60 67 84
60 68 66
60 69 14
60 70 1
60 71 54
60 72 98
60 73 22
60 74 45
60 75 19
60 76 55
60 77 59
60 78 98
60 79 25
60 80 85
61 62 80
61 63 83
61 64 49
61 65 49
61 66 93
61 67 95
61 68 1
61 69 2
61 70 16
61 71 94
61 72 32
61 73 9
61 74 66
61 75 53
61 76 77
61 77 35
61 78 63
61 79 31
61 80 81
62 63 8
62 64 50
62 65 35
62 66 94
62 67 61
62 68 1
62 69 70
62 70 83
62 71 45
62 72 2
62 73 48
62 74 15
62 75 12
62 76 70
62 77 81
62 78 81
62 79 86
62 80 78
63 64 86
63 65 53
63 66 57
63 67 96
63 68 73
63 69 66
63 70 89
63 71 8
63 72 75
63 73 88
63 74 26
63 75 14
63 76 57
63 77 75
63 78 93
63 79 94
63 80 16
64 65 30
64 66 18
64 67 95
64 68 68
64 69 32
64 70 54
64 71 28
64 72 69
64 73 77
64 74 65
64 75 72
64 76 95
64 77 59
64 78 76
64 79 100
64 80 88
65 66 16
65 67 89
65 68 78
65 69 3
65 70 73
65 71 1
65 72 99
65 73 85
65 74 82
65 75 14
65 76 41
65 77 79
65 78 88
65 79 38
65 80 39
66 67 95
66 68 70
66 69 57
66 70 38
66 71 61
66 72 77
66 73 22
66 74 56
66 75 93
66 76 39
66 77 74
66 78 61
66 79 66
66 80 37
67 68 4
67 69 51
67 70 9
67 71 54
67 72 72
67 73 4
67 74 84
67 75 23
67 76 25
67 77 36
67 78 87
67 79 79
67 80 17
68 69 56
68 70 94
68 71 52
68 72 25
68 73 98
68 74 3
68 75 76
68 76 48
68 77 2
68 78 35
68 79 60
68 80 2
69 70 52
69 71 4
69 72 14
69 73 3
69 74 95
69 75 72
69 76 30
69 77 71
69 78 92
69 79 83
69 80 32
70 71 3
70 72 75
70 73 63
70 74 66
70 75 52
70 76 11
70 77 90
70 78 66
70 79 34
70 80 65
71 72 90
71 73 52
71 74 55
71 75 30
71 76 97
71 77 42
71 78 7
71 79 51
71 80 30
72 73 94
72 74 13
72 75 42
72 76 86
72 77 20
72 78 5
72 79 90
72 80 22
73 74 38
73 75 47
73 76 12
73 77 86
73 78 34
73 79 6
73 80 2
74 75 51
74 76 42
74 77 84
74 78 29
74 79 65
74 80 99
75 76 2
75 77 39
75 78 51
75 79 28
75 80 91
76 77 98
76 78 21
76 79 57
76 80 72
77 78 32
77 79 48
77 80 50
78 79 32
78 80 60
79 80 95
