87 43
0 1 99
0 2 71
0 3 86
0 4 61
0 5 63
0 6 82
0 7 95
0 8 59
0 9 99
0 10 19
0 11 26
0 12 93
0 13 45
0 14 93
0 15 64
0 16 53
0 17 80
0 18 95
0 19 52
0 20 66
0 21 76
0 22 0
0 23 56
0 24 15
0 25 60
0 26 73
0 27 10
0 28 79
0 29 73
0 30 80
0 31 17
0 32 57
0 33 84
0 34 93
0 35 20
0 36 85
0 37 60
0 38 19
0 39 36
0 40 11
0 41 6
0 42 8
0 43 23
0 44 37
0 45 73
0 46 64
0 47 51
0 48 52
0 49 84
0 50 85
0 51 42
0 52 18
0 53 23
0 54 75
0 55 82
0 56 77
0 57 43
0 58 80
0 59 35
0 60 64
0 61 23
0 62 47
0 63 58
0 64 38
0 65 41
0 66 95
0 67 48
0 68 11
0 69 15
0 70 77
0 71 20
0 72 66
0 73 81
0 74 53
0 75 99
0 76 1
0 77 1
0 78 29
0 79 92
0 80 55
0 81 85
0 82 89
0 83 58
0 84 99
0 85 39
0 86 60
1 2 46
1 3 13
1 4 14
1 5 35
1 6 3
1 7 62
1 8 35
1 9 75
1 10 48
1 11 75
1 12 53
1 13 25
1 14 100
1 15 7
1 16 93
1 17 99
1 18 87
1 19 17
1 20 45
1 21 59
1 22 32
1 23 56
1 24 29
1 25 91
1 26 67
1 27 6
1 28 49
1 29 53
1 30 51
1 31 59
1 32 49
1 33 98
1 34 34
1 35 20
1 36 50
1 37 93
1 38 78
1 39 20
1 40 28
1 41 12
1 42 64
1 43 33
1 44 77
1 45 78
1 46 32
1 47 52
1 48 77
1 49 33
1 50 35
1 51 70
1 52 43
1 53 33
1 54 84
1 55 6
1 56 67
1 57 40
1 58 80
1 59 92
1 60 27
1 61 17
1 62 69
1 63 0
1 64 25
1 65 23
1 66 44
1 67 78
1 68 20
1 69 34
1 70 63
1 71 79
1 72 36
1 73 100
1 74 41
1 75 12
1 76 1
1 77 93
1 78 1
1 79 92
1 80 31
1 81 94
1 82 82
1 83 55
1 84 56
1 85 28
1 86 95
2 3 5
2 4 85
2 5 58
2 6 98
2 7 83
2 8 45
2 9 65
2 10 68
2 11 68
2 12 20
2 13 66
2 14 58
2 15 75
2 16 40
2 17 43
2 18 82
2 19 60
2 20 0
2 21 54
2 22 64
2 23 27
2 24 62
2 25 33
2 26 67
2 27 52
2 28 96
2 29 21
2 30 86
2 31 52
2 32 94
2 33 44
2 34 43
2 35 13
2 36 76
2 37 67
2 38 92
2 39 63
2 40 83
2 41 19
2 42 23
2 43 58
2 44 3
2 45 95
2 46 7
2 47 23
2 48 48
2 49 29
2 50 1
2 51 98
2 52 16
2 53 14
2 54 51
2 55 81
2 56 88
2 57 11
2 58 43
2 59 44
2 60 1
2 61 4
2 62 13
2 63 31
2 64 10
2 65 89
2 66 82
2 67 80
2 68 84
2 69 7
2 70 51
2 71 42
2 72 12
2 73 27
2 74 68
2 75 89
2 76 20
2 77 25
2 78 16
2 79 42
2 80 48
2 81 55
2 82 1
2 83 14
2 84 35
2 85 12
2 86 63
3 4 32
3 5 38
3 6 24
3 7 23
3 8 31
3 9 27
3 10 23
3 11 78
3 12 64
3 13 36
3 14 71
3 15 34
3 16 24
3 17 84
3 18 6
3 19 82
3 20 87
3 21 69
3 22 33
3 23 97
3 24 51
3 25 96
3 26 39
3 27 34
3 28 60
3 29 92
3 30 6
3 31 65
3 32 67
3 33 16
3 34 57
3 35 60
3 36 34
3 37 58
3 38 66
3 39 52
3 40 27
3 41 84
3 42 29
3 43 88
3 44 84
3 45 33
3 46 45
3 47 14
3 48 73
3 49 41
3 50 75
3 51 14
3 52 62
3 53 42
3 54 100
3 55 9
3 56 46
3 57 66
3 58 1
3 59 70
3 60 29
3 61 76
3 62 49
3 63 23
3 64 15
3 65 95
3 66 60
3 67 18
3 68 91
3 69 3
3 70 48
3 71 73
3 72 50
3 73 3
3 74 83
3 75 92
3 76 62
3 77 31
3 78 59
3 79 11
3 80 10
3 81 96
3 82 69
3 83 68
3 84 91
3 85 26
3 86 61
4 5 62
4 6 10
4 7 87
4 8 92
4 9 56
4 10 67
4 11 56
4 12 92
4 13 76
4 14 72
4 15 8
4 16 26
4 17 96
4 18 79
4 19 88
4 20 99
4 21 25
4 22 34
4 23 28
4 24 96
4 25 60
4 26 19
4 27 80
4 28 73
4 29 27
4 30 4
4 31 72
4 32 74
4 33 77
4 34 31
4 35 6
4 36 40
4 37 3
4 38 27
4 39 78
4 40 85
4 41 2
4 42 96
4 43 39
4 44 23
4 45 61
4 46 20
4 47 67
4 48 55
4 49 69
4 50 20
4 51 96
4 52 97
4 53 41
4 54 2
4 55 36
4 56 36
4 57 89
4 58 41
4 59 81
4 60 99
4 61 54
4 62 55
4 63 29
4 64 53
4 65 54
4 66 76
4 67 82
4 68 68
4 69 78
4 70 19
4 71 89
4 72 64
4 73 4
4 74 48
4 75 28
4 76 36
4 77 17
4 78 54
4 79 54
4 80 13
4 81 67
4 82 56
4 83 50
4 84 98
4 85 95
4 86 24
5 6 32
5 7 67
5 8 52
5 9 85
5 10 7
5 11 69
5 12 61
5 13 54
5 14 94
5 15 74
5 16 4
5 17 14
5 18 32
5 19 12
5 20 18
5 21 98
5 22 32
5 23 51
5 24 59
5 25 58
5 26 75
5 27 12
5 28 86
5 29 20
5 30 67
5 31 15
5 32 97
5 33 88
5 34 94
5 35 59
5 36 87
5 37 81
5 38 0
5 39 31
5 40 97
5 41 31
5 42 79
5 43 21
5 44 86
5 45 94
5 46 64
5 47 99
5 48 10
5 49 78
5 50 92
5 51 44
5 52 79
5 53 64
5 54 20
5 55 23
5 56 60
5 57 22
5 58 71
5 59 71
5 60 68
5 61 44
5 62 38
5 63 76
5 64 3
5 65 58
5 66 9
5 67 52
5 68 62
5 69 6
5 70 74
5 71 2
5 72 71
5 73 64
5 74 31
5 75 67
5 76 22
5 77 56
5 78 68
5 79 10
5 80 33
5 81 26
5 82 95
5 83 39
5 84 61
5 85 89
5 86 36
6 7 32
6 8 49
6 9 28
6 10 86
6 11 64
6 12 30
6 13 82
6 14 79
6 15 9
6 16 69
6 17 16
6 18 30
6 19 21
6 20 34
6 21 10
6 22 10
6 23 71
6 24 82
6 25 72
6 26 57
6 27 72
6 28 45
6 29 29
6 30 19
6 31 85
6 32 26
6 33 30
6 34 50
6 35 9
6 36 80
6 37 63
6 38 64
6 39 29
6 40 71
6 41 96
6 42 92
6 43 100
6 44 35
6 45 4
6 46 3
6 47 11
6 48 28
6 49 77
6 50 5
6 51 16
6 52 0
6 53 84
6 54 10
6 55 59
6 56 88
6 57 43
6 58 46
6 59 56
6 60 42
6 61 12
6 62 8
6 63 84
6 64 63
6 65 96
6 66 37
6 67 28
6 68 22
6 69 9
6 70 23
6 71 23
6 72 16
6 73 44
6 74 98
6 75 73
6 76 63
6 77 73
6 78 19
6 79 1
6 80 56
6 81 57
6 82 90
6 83 33
6 84 22
6 85 35
6 86 75
7 8 56
7 9 1
7 10 53
7 11 67
7 12 94
7 13 27
7 14 49
7 15 48
7 16 71
7 17 85
7 18 96
7 19 7
7 20 56
7 21 25
7 22 67
7 23 5
7 24 46
7 25 28
7 26 29
7 27 87
7 28 11
7 29 69
7 30 88
7 31 81
7 32 81
7 33 75
7 34 64
7 35 41
7 36 56
7 37 85
7 38 14
7 39 60
7 40 98
7 41 14
7 42 40
7 43 32
7 44 78
7 45 4
7 46 57
7 47 80
7 48 61
7 49 41
7 50 93
7 51 76
7 52 97
7 53 58
7 54 78
7 55 45
7 56 70
7 57 96
7 58 94
7 59 86
7 60 58
7 61 2
7 62 19
7 63 0
7 64 78
7 65 34
7 66 8
7 67 2
7 68 65
7 69 98
7 70 86
7 71 39
7 72 34
7 73 69
7 74 29
7 75 59
7 76 50
7 77 34
7 78 8
7 79 9
7 80 80
7 81 49
7 82 95
7 83 95
7 84 58
7 85 0
7 86 63
8 9 22
8 10 32
8 11 13
8 12 81
8 13 79
8 14 42
8 15 49
8 16 18
8 17 54
8 18 36
8 19 25
8 20 11
8 21 72
8 22 57
8 23 61
8 24 86
8 25 38
8 26 94
8 27 3
8 28 61
8 29 55
8 30 21
8 31 9
8 32 58
8 33 87
8 34 48
8 35 66
8 36 21
8 37 20
8 38 50
8 39 98
8 40 100
8 41 90
8 42 81
8 43 89
8 44 80
8 45 54
8 46 98
8 47 61
8 48 72
8 49 72
8 50 4
8 51 66
8 52 3
8 53 20
8 54 38
8 55 100
8 56 55
8 57 37
8 58 77
8 59 76
8 60 87
8 61 89
8 62 6
8 63 43
8 64 81
8 65 4
8 66 24
8 67 63
8 68 41
8 69 22
8 70 52
8 71 30
8 72 21
8 73 77
8 74 91
8 75 16
8 76 51
8 77 83
8 78 90
8 79 23
8 80 59
8 81 22
8 82 3
8 83 70
8 84 77
8 85 38
8 86 48
9 10 20
9 11 47
9 12 74
9 13 22
9 14 49
9 15 15
9 16 60
9 17 43
9 18 72
9 19 71
9 20 83
9 21 78
9 22 23
9 23 81
9 24 2
9 25 26
9 26 29
9 27 44
9 28 16
9 29 13
9 30 40
9 31 83
9 32 66
9 33 40
9 34 55
9 35 66
9 36 58
9 37 61
9 38 32
9 39 48
9 40 74
9 41 10
9 42 77
9 43 68
9 44 70
9 45 82
9 46 53
9 47 8
9 48 14
9 49 16
9 50 58
9 51 99
9 52 59
9 53 49
9 54 77
9 55 56
9 56 84
9 57 67
9 58 52
9 59 75
9 60 68
9 61 90
9 62 97
9 63 29
9 64 61
9 65 16
9 66 2
9 67 36
9 68 44
9 69 88
9 70 9
9 71 85
9 72 29
9 73 98
9 74 62
9 75 97
9 76 91
9 77 44
9 78 66
9 79 72
9 80 62
9 81 29
9 82 28
9 83 50
9 84 82
9 85 69
9 86 97
10 11 41
10 12 80
10 13 14
10 14 82
10 15 36
10 16 3
10 17 68
10 18 80
10 19 64
10 20 5
10 21 97
10 22 69
10 23 14
10 24 51
10 25 4
10 26 28
10 27 73
10 28 94
10 29 93
10 30 36
10 31 52
10 32 5
10 33 2
10 34 2
10 35 3
10 36 52
10 37 41
10 38 39
10 39 96
10 40 3
10 41 5
10 42 23
10 43 33
10 44 10
10 45 86
10 46 29
10 47 7
10 48 6
10 49 94
10 50 75
10 51 56
10 52 100
10 53 73
10 54 0
10 55 16
10 56 24
10 57 27
10 58 17
10 59 90
10 60 23
10 61 30
10 62 14
10 63 17
10 64 79
10 65 40
10 66 65
10 67 73
10 68 13
10 69 63
10 70 14
10 71 88
10 72 7
10 73 98
10 74 57
10 75 38
10 76 91
10 77 14
10 78 9
10 79 91
10 80 23
10 81 100
10 82 66
10 83 3
10 84 81
10 85 94
10 86 93
11 12 84
11 13 52
11 14 31
11 15 38
11 16 74
11 17 9
11 18 19
11 19 2
11 20 61
11 21 68
11 22 29
11 23 45
11 24 2
11 25 2
11 26 58
11 27 88
11 28 51
11 29 80
11 30 28
11 31 47
11 32 91
11 33 73
11 34 74
11 35 94
11 36 10
11 37 80
11 38 76
11 39 53
11 40 22
11 41 46
11 42 2
11 43 10
11 44 95
11 45 98
11 46 36
11 47 15
11 48 86
11 49 77
11 50 58
11 51 19
11 52 19
11 53 90
11 54 97
11 55 42
11 56 0
11 57 39
11 58 33
11 59 62
11 60 18
11 61 51
11 62 73
11 63 8
11 64 86
11 65 66
11 66 36
11 67 40
11 68 70
11 69 22
11 70 61
11 71 95
11 72 39
11 73 85
11 74 11
11 75 54
11 76 43
11 77 1
11 78 98
11 79 87
11 80 51
11 81 3
11 82 40
11 83 56
11 84 45
11 85 8
11 86 92
12 13 92
12 14 15
12 15 31
12 16 85
12 17 55
12 18 85
12 19 8
12 20 72
12 21 91
12 22 32
12 23 80
12 24 41
12 25 2
12 26 61
12 27 65
12 28 5
12 29 64
12 30 81
12 31 15
12 32 32
12 33 30
12 34 70
12 35 58
12 36 31
12 37 74
12 38 29
12 39 98
12 40 23
12 41 54
12 42 75
12 43 64
12 44 52
12 45 34
12 46 10
12 47 36
12 48 97
12 49 73
12 50 10
12 51 19
12 52 13
12 53 44
12 54 90
12 55 41
12 56 50
12 57 11
12 58 10
12 59 4
12 60 87
12 61 55
12 62 13
12 63 50
12 64 69
12 65 69
12 66 81
12 67 3
12 68 89
12 69 89
12 70 97
12 71 71
12 72 59
12 73 58
12 74 95
12 75 55
12 76 65
12 77 76
12 78 47
12 79 74
12 80 29
12 81 31
12 82 54
12 83 31
12 84 49
12 85 23
12 86 54
13 14 66
13 15 26
13 16 2
13 17 18
13 18 72
13 19 1
13 20 46
13 21 18
13 22 100
13 23 2
13 24 51
13 25 74
13 26 92
13 27 16
13 28 63
13 29 76
13 30 15
13 31 30
13 32 12
13 33 48
13 34 74
13 35 72
13 36 87
13 37 98
13 38 53
13 39 50
13 40 45
13 41 3
13 42 67
13 43 36
13 44 36
13 45 44
13 46 53
13 47 59
13 48 99
13 49 0
13 50 58
13 51 18
13 52 4
13 53 98
13 54 63
13 55 47
13 56 34
13 57 15
13 58 69
13 59 55
13 60 35
13 61 97
13 62 80
13 63 33
13 64 49
13 65 5
13 66 47
13 67 41
13 68 26
13 69 14
13 70 62
13 71 79
13 72 76
13 73 52
13 74 39
13 75 69
13 76 8
13 77 52
13 78 61
13 79 90
13 80 72
13 81 65
13 82 100
13 83 60
13 84 7
13 85 10
13 86 67
14 15 20
14 16 85
14 17 81
14 18 82
14 19 50
14 20 88
14 21 72
14 22 6
14 23 64
14 24 76
14 25 33
14 26 74
14 27 64
14 28 93
14 29 18
14 30 14
14 31 81
14 32 49
14 33 36
14 34 35
14 35 58
14 36 51
14 37 48
14 38 93
14 39 70
14 40 79
14 41 23
14 42 91
14 43 33
14 44 28
14 45 25
14 46 9
14 47 75
14 48 75
14 49 41
14 50 36
14 51 63
14 52 36
14 53 34
14 54 77
14 55 46
14 56 33
14 57 53
14 58 62
14 59 30
14 60 10
14 61 59
14 62 3
14 63 58
14 64 79
14 65 84
14 66 74
14 67 31
14 68 46
14 69 29
14 70 8
14 71 41
14 72 71
14 73 25
14 74 24
14 75 57
14 76 41
14 77 17
14 78 20
14 79 24
14 80 21
14 81 2
14 82 67
14 83 3
14 84 98
14 85 50
14 86 91
15 16 28
15 17 51
15 18 18
15 19 61
15 20 33
15 21 1
15 22 7
15 23 0
15 24 17
15 25 70
15 26 98
15 27 69
15 28 81
15 29 100
15 30 35
15 31 87
15 32 58
15 33 65
15 34 37
15 35 25
15 36 93
15 37 1
15 38 93
15 39 57
15 40 68
15 41 30
15 42 32
15 43 74
15 44 87
15 45 8
15 46 63
15 47 15
15 48 58
15 49 97
15 50 81
15 51 41
15 52 59
15 53 47
15 54 85
15 55 24
15 56 17
15 57 30
15 58 89
15 59 22
15 60 66
15 61 36
15 62 77
15 63 92
15 64 0
15 65 5
15 66 66
15 67 54
15 68 46
15 69 85
15 70 63
15 71 75
15 72 25
15 73 76
15 74 71
15 75 12
15 76 39
15 77 58
15 78 24
15 79 70
15 80 71
15 81 59
15 82 63
15 83 97
15 84 31
15 85 70
15 86 24
16 17 87
16 18 86
16 19 2
16 20 55
16 21 79
16 22 81
16 23 57
16 24 76
16 25 76
16 26 75
16 27 43
16 28 38
16 29 43
16 30 92
16 31 63
16 32 21
16 33 71
16 34 98
16 35 85
16 36 77
16 37 44
16 38 95
16 39 56
16 40 12
16 41 90
16 42 76
16 43 38
16 44 69
16 45 31
16 46 82
16 47 66
16 48 62
16 49 29
16 50 16
16 51 33
16 52 46
16 53 62
16 54 70
16 55 40
16 56 60
16 57 64
16 58 56
16 59 2
16 60 72
16 61 9
16 62 89
16 63 67
16 64 69
16 65 70
16 66 34
16 67 85
16 68 36
16 69 99
16 70 41
16 71 14
16 72 45
16 73 67
16 74 91
16 75 2
16 76 46
16 77 88
16 78 82
16 79 74
16 80 1
16 81 23
16 82 53
16 83 69
16 84 83
16 85 86
16 86 99
17 18 26
17 19 7
17 20 6
17 21 67
17 22 80
17 23 22
17 24 44
17 25 91
17 26 2
17 27 21
17 28 58
17 29 26
17 30 100
17 31 46
17 32 19
17 33 8
17 34 19
17 35 55
17 36 35
17 37 94
17 38 98
17 39 33
17 40 32
17 41 33
17 42 33
17 43 64
17 44 11
17 45 13
17 46 93
17 47 83
17 48 26
17 49 13
17 50 30
17 51 7
17 52 47
17 53 87
17 54 74
17 55 20
17 56 79
17 57 70
17 58 50
17 59 36
17 60 7
17 61 72
17 62 76
17 63 2
17 64 82
17 65 39
17 66 38
17 67 21
17 68 90
17 69 3
17 70 34
17 71 69
17 72 47
17 73 6
17 74 53
17 75 16
17 76 69
17 77 13
17 78 30
17 79 41
17 80 65
17 81 71
17 82 60
17 83 36
17 84 66
17 85 79
17 86 9
18 19 74
18 20 19
18 21 99
18 22 33
18 23 19
18 24 23
18 25 56
18 26 53
18 27 74
18 28 47
18 29 36
18 30 24
18 31 58
18 32 62
18 33 5
18 34 66
18 35 56
18 36 59
18 37 88
18 38 38
18 39 99
18 40 14
18 41 73
18 42 55
18 43 90
18 44 97
18 45 33
18 46 55
18 47 56
18 48 1
18 49 82
18 50 68
18 51 29
18 52 51
18 53 90
18 54 97
18 55 32
18 56 6
18 57 93
18 58 84
18 59 66
18 60 32
18 61 42
18 62 24
18 63 24
18 64 33
18 65 23
18 66 65
18 67 13
18 68 8
18 69 99
18 70 86
18 71 84
18 72 49
18 73 13
18 74 84
18 75 79
18 76 60
18 77 22
18 78 100
18 79 31
18 80 60
18 81 95
18 82 7
18 83 62
18 84 91
18 85 20
18 86 9
19 20 6
19 21 90
19 22 35
19 23 78
19 24 55
19 25 92
19 26 45
19 27 93
19 28 91
19 29 14
19 30 48
19 31 11
19 32 32
19 33 46
19 34 48
19 35 6
19 36 55
19 37 58
19 38 13
19 39 66
19 40 26
19 41 55
19 42 57
19 43 51
19 44 82
19 45 65
19 46 4
19 47 13
19 48 84
19 49 39
19 50 53
19 51 51
19 52 16
19 53 96
19 54 38
19 55 57
19 56 14
19 57 80
19 58 92
19 59 77
19 60 4
19 61 64
19 62 82
19 63 84
19 64 16
19 65 70
19 66 58
19 67 17
19 68 99
19 69 43
19 70 98
19 71 74
19 72 65
19 73 29
19 74 48
19 75 95
19 76 31
19 77 68
19 78 31
19 79 74
19 80 52
19 81 72
19 82 74
19 83 52
19 84 31
19 85 80
19 86 45
20 21 73
20 22 89
20 23 19
20 24 60
20 25 34
20 26 36
20 27 90
20 28 18
20 29 66
20 30 56
20 31 99
20 32 88
20 33 15
20 34 64
20 35 17
20 36 100
20 37 3
20 38 28
20 39 29
20 40 70
20 41 88
20 42 17
20 43 55
20 44 13
20 45 82
20 46 63
20 47 4
20 48 37
20 49 25
20 50 92
20 51 94
20 52 95
20 53 18
20 54 18
20 55 3
20 56 62
20 57 73
20 58 5
20 59 31
20 60 15
20 61 51
20 62 71
20 63 68
20 64 43
20 65 24
20 66 13
20 67 42
20 68 57
20 69 23
20 70 81
20 71 46
20 72 59
20 73 80
20 74 5
20 75 34
20 76 85
20 77 14
20 78 53
20 79 92
20 80 77
20 81 20
20 82 21
20 83 88
20 84 39
20 85 73
20 86 17
21 22 7
21 23 25
21 24 13
21 25 74
21 26 36
21 27 18
21 28 3
21 29 82
21 30 34
21 31 69
21 32 2
21 33 69
21 34 71
21 35 44
21 36 63
21 37 85
21 38 20
21 39 46
21 40 39
21 41 57
21 42 19
21 43 99
21 44 53
21 45 59
21 46 80
21 47 36
21 48 37
21 49 60
21 50 24
21 51 42
21 52 15
21 53 43
21 54 91
21 55 32
21 56 36
21 57 99
21 58 66
21 59 4
21 60 51
21 61 46
21 62 79
21 63 49
21 64 53
21 65 35
21 66 48
21 67 60
21 68 72
21 69 70
21 70 71
21 71 9
21 72 43
21 73 80
21 74 13
21 75 85
21 76 36
21 77 30
21 78 89
21 79 44
21 80 78
21 81 3
21 82 47
21 83 93
21 84 69
21 85 36
21 86 18
22 23 73
22 24 25
22 25 80
22 26 56
22 27 29
22 28 77
22 29 67
22 30 81
22 31 72
22 32 71
22 33 80
22 34 56
22 35 14
22 36 4
22 37 93
22 38 48
22 39 47
22 40 26
22 41 46
22 42 74
22 43 14
22 44 31
22 45 22
22 46 35
22 47 97
22 48 79
22 49 97
22 50 4
22 51 83
22 52 78
22 53 37
22 54 34
22 55 7
22 56 50
22 57 77
22 58 92
22 59 7
22 60 6
22 61 55
22 62 24
22 63 86
22 64 0
22 65 3
22 66 93
22 67 17
22 68 62
22 69 49
22 70 58
22 71 54
22 72 81
22 73 33
22 74 83
22 75 17
22 76 99
22 77 84
22 78 56
22 79 90
22 80 74
22 81 27
22 82 58
22 83 67
22 84 18
22 85 70
22 86 77
23 24 89
23 25 41
23 26 83
23 27 84
23 28 95
23 29 12
23 30 42
23 31 31
23 32 66
23 33 86
23 34 2
23 35 31
23 36 61
23 37 78
23 38 47
23 39 15
23 40 16
23 41 75
23 42 78
23 43 38
23 44 14
23 45 46
23 46 98
23 47 51
23 48 69
23 49 8
23 50 41
23 51 65
23 52 40
23 53 92
23 54 59
23 55 5
23 56 59
23 57 44
23 58 14
23 59 84
23 60 15
23 61 14
23 62 40
23 63 13
23 64 56
23 65 72
23 66 41
23 67 12
23 68 38
23 69 84
23 70 15
23 71 61
23 72 19
23 73 76
23 74 95
23 75 67
23 76 11
23 77 81
23 78 3
23 79 75
23 80 77
23 81 98
23 82 79
23 83 19
23 84 37
23 85 71
23 86 33
24 25 28
24 26 58
24 27 24
24 28 56
24 29 10
24 30 95
24 31 65
24 32 9
24 33 1
24 34 64
24 35 38
24 36 87
24 37 18
24 38 49
24 39 22
24 40 6
24 41 2
24 42 30
24 43 28
24 44 52
24 45 67
24 46 61
24 47 19
24 48 31
24 49 14
24 50 76
24 51 61
24 52 29
24 53 4
24 54 16
24 55 4
24 56 44
24 57 83
24 58 26
24 59 3
24 60 30
24 61 67
24 62 9
24 63 7
24 64 76
24 65 72
24 66 42
24 67 78
24 68 42
24 69 88
24 70 32
24 71 19
24 72 81
24 73 93
24 74 76
24 75 73
24 76 34
24 77 98
24 78 42
24 79 72
24 80 93
24 81 13
24 82 41
24 83 90
24 84 29
24 85 11
24 86 47
25 26 82
25 27 76
25 28 24
25 29 86
25 30 78
25 31 33
25 32 67
25 33 44
25 34 16
25 35 88
25 36 59
25 37 12
25 38 15
25 39 74
25 40 79
25 41 61
25 42 75
25 43 32
25 44 1
25 45 12
25 46 35
25 47 15
25 48 0
25 49 55
25 50 94
25 51 57
25 52 59
25 53 88
25 54 9
25 55 16
25 56 88
25 57 100
25 58 91
25 59 45
25 60 92
25 61 2
25 62 85
25 63 85
25 64 34
25 65 60
25 66 16
25 67 92
25 68 45
25 69 73
25 70 51
25 71 77
25 72 68
25 73 90
25 74 81
25 75 89
25 76 38
25 77 79
25 78 4
25 79 10
25 80 45
25 81 47
25 82 4
25 83 40
25 84 17
25 85 93
25 86 24
26 27 43
26 28 30
26 29 70
26 30 9
26 31 19
26 32 89
26 33 75
26 34 71
26 35 13
26 36 66
26 37 67
26 38 53
26 39 71
26 40 8
26 41 44
26 42 45
26 43 15
26 44 86
26 45 65
26 46 33
26 47 53
26 48 99
26 49 44
26 50 59
26 51 50
26 52 71
26 53 32
26 54 0
26 55 28
26 56 12
26 57 37
26 58 55
26 59 63
26 60 37
26 61 85
26 62 9
26 63 77
26 64 7
26 65 46
26 66 74
26 67 100
26 68 43
26 69 89
26 70 54
26 71 2
26 72 10
26 73 6
26 74 21
26 75 55
26 76 46
26 77 81
26 78 18
26 79 52
26 80 31
26 81 99
26 82 36
26 83 90
26 84 31
26 85 51
26 86 73
27 28 5
27 29 29
27 30 59
27 31 84
27 32 60
27 33 57
27 34 34
27 35 51
27 36 33
27 37 66
27 38 27
27 39 33
27 40 56
27 41 68
27 42 4
27 43 3
27 44 0
27 45 6
27 46 27
27 47 92
27 48 20
27 49 60
27 50 6
27 51 68
27 52 44
27 53 31
27 54 29
27 55 79
27 56 26
27 57 41
27 58 61
27 59 53
27 60 80
27 61 38
27 62 8
27 63 100
27 64 74
27 65 7
27 66 20
27 67 58
27 68 88
27 69 38
27 70 86
27 71 26
27 72 58
27 73 45
27 74 85
27 75 25
27 76 61
27 77 26
27 78 55
27 79 39
27 80 32
27 81 100
27 82 60
27 83 95
27 84 15
27 85 71
27 86 76
28 29 14
28 30 10
28 31 84
28 32 83
28 33 95
28 34 57
28 35 3
28 36 34
28 37 49
28 38 7
28 39 31
28 40 97
28 41 35
28 42 12
28 43 92
28 44 20
28 45 81
28 46 2
28 47 58
28 48 81
28 49 62
28 50 58
28 51 41
28 52 67
28 53 84
28 54 62
28 55 68
28 56 58
28 57 85
28 58 42
28 59 40
28 60 44
28 61 94
28 62 40
28 63 13
28 64 4
28 65 57
28 66 62
28 67 62
28 68 78
28 69 40
28 70 33
28 71 2
28 72 41
28 73 30
28 74 5
28 75 62
28 76 16
28 77 80
28 78 61
28 79 97
28 80 47
28 81 90
28 82 56
28 83 39
28 84 33
28 85 17
28 86 88
29 30 1
29 31 100
29 32 4
29 33 59
29 34 90
29 35 42
29 36 86
29 37 60
29 38 42
29 39 29
29 40 74
29 41 90
29 42 35
29 43 35
29 44 98
29 45 93
29 46 83
29 47 52
29 48 69
29 49 31
29 50 16
29 51 49
29 52 99
29 53 72
29 54 94
29 55 45
29 56 98
29 57 96
29 58 5
29 59 72
29 60 38
29 61 71
29 62 47
29 63 3
29 64 67
29 65 14
29 66 11
29 67 1
29 68 77
29 69 89
29 70 28
29 71 47
29 72 90
29 73 61
29 74 29
29 75 6
29 76 33
29 77 69
29 78 69
29 79 45
29 80 97
29 81 51
29 82 3
29 83 84
29 84 56
29 85 41
29 86 33
30 31 86
30 32 79
30 33 2
30 34 77
30 35 70
30 36 47
30 37 85
30 38 34
30 39 42
30 40 63
30 41 94
30 42 89
30 43 59
30 44 21
30 45 45
30 46 18
30 47 47
30 48 70
30 49 71
30 50 83
30 51 39
30 52 8
30 53 76
30 54 72
30 55 43
30 56 52
30 57 29
30 58 24
30 59 53
30 60 65
30 61 65
30 62 84
30 63 17
30 64 3
30 65 83
30 66 10
30 67 62
30 68 20
30 69 65
30 70 53
30 71 46
30 72 46
30 73 42
30 74 23
30 75 73
30 76 7
30 77 79
30 78 55
30 79 77
30 80 28
30 81 72
30 82 97
30 83 15
30 84 56
30 85 43
30 86 88
31 32 19
31 33 69
31 34 3
31 35 13
31 36 57
31 37 48
31 38 9
31 39 57
31 40 0
31 41 65
31 42 82
31 43 88
31 44 99
31 45 39
31 46 78
31 47 59
31 48 94
31 49 21
31 50 93
31 51 7
31 52 19
31 53 90
31 54 91
31 55 43
31 56 16
31 57 7
31 58 17
31 59 19
31 60 43
31 61 44
31 62 16
31 63 50
31 64 79
31 65 13
31 66 73
31 67 86
31 68 48
31 69 28
31 70 22
31 71 29
31 72 28
31 73 56
31 74 3
31 75 34
31 76 58
31 77 95
31 78 20
31 79 99
31 80 48
31 81 59
31 82 73
31 83 3
31 84 16
31 85 46
31 86 16
32 33 94
32 34 20
32 35 67
32 36 46
32 37 43
32 38 1
32 39 81
32 40 95
32 41 74
32 42 0
32 43 70
32 44 98
32 45 16
32 46 83
32 47 3
32 48 75
32 49 71
32 50 75
32 51 31
32 52 4
32 53 3
32 54 11
32 55 85
32 56 31
32 57 30
32 58 67
32 59 84
32 60 18
32 61 87
32 62 63
32 63 11
32 64 41
32 65 36
32 66 60
32 67 43
32 68 89
32 69 58
32 70 50
32 71 40
32 72 15
32 73 80
32 74 85
32 75 8
32 76 16
32 77 6
32 78 73
32 79 52
32 80 24
32 81 16
32 82 79
32 83 60
32 84 79
32 85 83
32 86 95
33 34 71
33 35 33
33 36 66
33 37 61
33 38 68
33 39 59
33 40 11
33 41 22
33 42 30
33 43 27
33 44 74
33 45 3
33 46 100
33 47 67
33 48 21
33 49 3
33 50 62
33 51 6
33 52 21
33 53 17
33 54 34
33 55 52
33 56 70
33 57 67
33 58 26
33 59 7
33 60 71
33 61 86
33 62 3
33 63 45
33 64 31
33 65 38
33 66 24
33 67 28
33 68 81
33 69 88
33 70 96
33 71 54
33 72 85
33 73 75
33 74 84
33 75 6
33 76 70
33 77 53
33 78 32
33 79 84
33 80 30
33 81 40
33 82 10
33 83 78
33 84 29
33 85 84
33 86 10
34 35 97
34 36 66
34 37 12
34 38 98
34 39 3
34 40 19
34 41 67
34 42 2
34 43 43
34 44 26
34 45 31
34 46 62
34 47 52
34 48 19
34 49 32
34 50 85
34 51 76
34 52 8
34 53 76
34 54 94
34 55 46
34 56 62
34 57 33
34 58 46
34 59 70
34 60 92
34 61 86
34 62 56
34 63 49
34 64 11
34 65 65
34 66 35
34 67 59
34 68 97
34 69 97
34 70 83
34 71 41
34 72 33
34 73 10
34 74 29
34 75 43
34 76 78
34 77 74
34 78 15
34 79 45
34 80 31
34 81 82
34 82 1
34 83 27
34 84 84
34 85 99
34 86 61
35 36 3
35 37 58
35 38 77
35 39 54
35 40 9
35 41 95
35 42 28
35 43 85
35 44 2
35 45 50
35 46 55
35 47 85
35 48 82
35 49 32
35 50 18
35 51 3
35 52 89
35 53 4
35 54 2
35 55 49
35 56 51
35 57 97
35 58 37
35 59 68
35 60 38
35 61 69
35 62 70
35 63 14
35 64 37
35 65 81
35 66 24
35 67 17
35 68 2
35 69 67
35 70 95
35 71 1
35 72 44
35 73 87
35 74 93
35 75 17
35 76 79
35 77 54
35 78 56
35 79 32
35 80 53
35 81 17
35 82 82
35 83 9
35 84 23
35 85 54
35 86 41
36 37 80
36 38 49
36 39 53
36 40 62
36 41 57
36 42 3
36 43 87
36 44 77
36 45 22
36 46 93
36 47 32
36 48 56
36 49 69
36 50 51
36 51 54
36 52 53
36 53 60
36 54 30
36 55 11
36 56 73
36 57 24
36 58 99
36 59 1
36 60 34
36 61 88
36 62 4
36 63 75
36 64 94
36 65 0
36 66 37
36 67 84
36 68 59
36 69 64
36 70 65
36 71 96
36 72 58
36 73 60
36 74 99
36 75 40
36 76 45
36 77 95
36 78 24
36 79 57
36 80 92
36 81 60
36 82 47
36 83 89
36 84 3
36 85 58
36 86 4
37 38 86
37 39 25
37 40 24
37 41 5
37 42 14
37 43 42
37 44 6
37 45 64
37 46 65
37 47 74
37 48 64
37 49 28
37 50 41
37 51 18
37 52 80
37 53 54
37 54 20
37 55 26
37 56 96
37 57 14
37 58 50
37 59 26
37 60 4
37 61 28
37 62 51
37 63 74
37 64 9
37 65 23
37 66 67
37 67 93
37 68 64
37 69 22
37 70 16
37 71 97
37 72 24
37 73 42
37 74 21
37 75 85
37 76 60
37 77 3
37 78 99
37 79 100
37 80 94
37 81 63
37 82 92
37 83 79
37 84 92
37 85 17
37 86 34
38 39 66
38 40 38
38 41 42
38 42 28
38 43 18
38 44 92
38 45 52
38 46 18
38 47 89
38 48 85
38 49 6
38 50 49
38 51 23
38 52 31
38 53 49
38 54 53
38 55 53
38 56 84
38 57 34
38 58 49
38 59 48
38 60 69
38 61 47
38 62 39
38 63 47
38 64 35
38 65 37
38 66 50
38 67 99
38 68 39
38 69 23
38 70 84
38 71 24
38 72 39
38 73 28
38 74 8
38 75 23
38 76 13
38 77 40
38 78 60
38 79 75
38 80 12
38 81 73
38 82 19
38 83 13
38 84 21
38 85 58
38 86 95
39 40 11
39 41 48
39 42 34
39 43 18
39 44 13
39 45 10
39 46 19
39 47 67
39 48 29
39 49 92
39 50 64
39 51 2
39 52 93
39 53 29
39 54 0
39 55 56
39 56 3
39 57 73
39 58 47
39 59 54
39 60 22
39 61 33
39 62 38
39 63 57
39 64 9
39 65 99
39 66 69
39 67 32
39 68 61
39 69 66
39 70 90
39 71 24
39 72 35
39 73 4
39 74 85
39 75 76
39 76 60
39 77 0
39 78 43
39 79 52
39 80 54
39 81 52
39 82 2
39 83 31
39 84 51
39 85 94
39 86 89
40 41 22
40 42 58
40 43 22
40 44 59
40 45 26
40 46 71
40 47 97
40 48 27
40 49 83
40 50 38
40 51 91
40 52 75
40 53 68
40 54 95
40 55 55
40 56 57
40 57 21
40 58 66
40 59 79
40 60 75
40 61 83
40 62 5
40 63 94
40 64 44
40 65 55
40 66 88
40 67 100
40 68 44
40 69 95
40 70 92
40 71 63
40 72 40
40 73 33
40 74 56
40 75 92
40 76 46
40 77 32
40 78 63
40 79 55
40 80 74
40 81 19
40 82 11
40 83 5
40 84 47
40 85 43
40 86 89
41 42 5
41 43 84
41 44 84
41 45 87
41 46 88
41 47 65
41 48 51
41 49 72
41 50 7
41 51 89
41 52 86
41 53 35
41 54 47
41 55 33
41 56 58
41 57 76
41 58 92
41 59 83
41 60 83
41 61 43
41 62 86
41 63 84
41 64 88
41 65 13
41 66 74
41 67 45
41 68 22
41 69 12
41 70 42
41 71 67
41 72 29
41 73 57
41 74 74
41 75 78
41 76 11
41 77 48
41 78 97
41 79 83
41 80 30
41 81 10
41 82 23
41 83 22
41 84 90
41 85 97
41 86 89
42 43 47
42 44 29
42 45 15
42 46 15
42 47 17
42 48 87
42 49 40
42 50 37
42 51 90
42 52 4
42 53 17
42 54 2
42 55 1
42 56 56
42 57 52
42 58 54
42 59 17
42 60 25
42 61 52
42 62 60
42 63 61
42 64 20
42 65 76
42 66 47
42 67 49
42 68 30
42 69 0
42 70 80
42 71 57
42 72 42
42 73 37
42 74 22
42 75 96
42 76 96
42 77 6
42 78 9
42 79 62
42 80 48
42 81 27
42 82 88
42 83 74
42 84 91
42 85 78
42 86 12
43 44 3
43 45 52
43 46 59
43 47 28
43 48 86
43 49 88
43 50 45
43 51 94
43 52 74
43 53 99
43 54 76
43 55 86
43 56 84
43 57 87
43 58 49
43 59 10
43 60 81
43 61 86
43 62 30
43 63 61
43 64 87
43 65 43
43 66 77
43 67 9
43 68 12
43 69 18
43 70 9
43 71 94
43 72 72
43 73 50
43 74 63
43 75 99
43 76 14
43 77 33
43 78 68
43 79 58
43 80 81
43 81 63
43 82 21
43 83 2
43 84 18
43 85 62
43 86 27
44 45 78
44 46 8
44 47 41
44 48 29
44 49 62
44 50 100
44 51 14
44 52 53
44 53 43
44 54 45
44 55 36
44 56 56
44 57 18
44 58 99
44 59 58
44 60 45
44 61 6
44 62 38
44 63 26
44 64 56
44 65 61
44 66 64
44 67 41
44 68 100
44 69 67
44 70 99
44 71 9
44 72 30
44 73 58
44 74 18
44 75 9
44 76 56
44 77 61
44 78 97
44 79 65
44 80 56
44 81 38
44 82 76
44 83 79
44 84 14
44 85 71
44 86 34
45 46 54
45 47 86
45 48 95
45 49 37
45 50 76
45 51 89
45 52 100
45 53 76
45 54 32
45 55 88
45 56 62
45 57 86
45 58 74
45 59 20
45 60 25
45 61 92
45 62 65
45 63 34
45 64 8
45 65 43
45 66 27
45 67 41
45 68 76
45 69 63
45 70 57
45 71 14
45 72 60
45 73 34
45 74 25
45 75 48
45 76 40
45 77 80
45 78 46
45 79 27
45 80 89
45 81 40
45 82 4
45 83 81
45 84 17
45 85 41
45 86 69
46 47 14
46 48 31
46 49 58
46 50 74
46 51 99
46 52 15
46 53 11
46 54 69
46 55 57
46 56 7
46 57 15
46 58 88
46 59 14
46 60 61
46 61 79
46 62 20
46 63 41
46 64 96
46 65 70
46 66 7
46 67 42
46 68 95
46 69 9
46 70 83
46 71 72
46 72 41
46 73 21
46 74 18
46 75 2
46 76 82
46 77 72
46 78 38
46 79 72
46 80 90
46 81 13
46 82 98
46 83 8
46 84 95
46 85 15
46 86 77
47 48 68
47 49 6
47 50 57
47 51 81
47 52 100
47 53 51
47 54 32
47 55 62
47 56 52
47 57 37
47 58 41
47 59 91
47 60 59
47 61 34
47 62 59
47 63 92
47 64 10
47 65 23
47 66 83
47 67 23
47 68 23
47 69 14
47 70 84
47 71 87
47 72 83
47 73 41
47 74 61
47 75 35
47 76 25
47 77 77
47 78 83
47 79 63
47 80 50
47 81 59
47 82 100
47 83 14
47 84 28
47 85 92
47 86 7
48 49 17
48 50 33
48 51 48
48 52 11
48 53 43
48 54 1
48 55 12
48 56 92
48 57 69
48 58 55
48 59 26
48 60 52
48 61 47
48 62 2
48 63 66
48 64 55
48 65 38
48 66 100
48 67 73
48 68 23
48 69 67
48 70 68
48 71 94
48 72 1
48 73 32
48 74 49
48 75 62
48 76 72
48 77 95
48 78 91
48 79 61
48 80 88
48 81 76
48 82 32
48 83 30
48 84 42
48 85 44
48 86 51
49 50 5
49 51 93
49 52 67
49 53 96
49 54 91
49 55 54
49 56 92
49 57 100
49 58 49
49 59 89
49 60 4
49 61 91
49 62 90
49 63 91
49 64 89
49 65 95
49 66 77
49 67 41
49 68 85
49 69 12
49 70 48
49 71 14
49 72 87
49 73 66
49 74 11
49 75 57
49 76 81
49 77 82
49 78 81
49 79 79
49 80 96
49 81 27
49 82 10
49 83 54
49 84 62
49 85 45
49 86 82
50 51 20
50 52 76
50 53 19
50 54 77
50 55 73
50 56 56
50 57 69
50 58 24
50 59 25
50 60 58
50 61 53
50 62 10
50 63 90
50 64 4
50 65 8
50 66 15
50 67 22
50 68 51
50 69 9
50 70 2
50 71 41
50 72 46
50 73 86
50 74 58
50 75 18
50 76 45
50 77 50
50 78 5
50 79 7
50 80 37
50 81 88
50 82 12
50 83 16
50 84 18
50 85 97
50 86 38
51 52 80
51 53 55
51 54 45
51 55 81
51 56 44
51 57 41
51 58 20
51 59 51
51 60 72
51 61 94
51 62 46
51 63 45
51 64 69
51 65 45
51 66 52
51 67 57
51 68 16
51 69 44
51 70 67
51 71 33
51 72 10
51 73 52
51 74 69
51 75 39
51 76 95
51 77 69
51 78 71
51 79 63
51 80 56
51 81 69
51 82 46
51 83 56
51 84 98
51 85 57
51 86 87
52 53 50
52 54 90
52 55 41
52 56 91
52 57 87
52 58 13
52 59 53
52 60 43
52 61 79
52 62 83
52 63 47
52 64 25
52 65 3
52 66 81
52 67 29
52 68 73
52 69 76
52 70 59
52 71 38
52 72 8
52 73 82
52 74 47
52 75 39
52 76 73
52 77 75
52 78 14
52 79 42
52 80 53
52 81 56
52 82 20
52 83 97
52 84 42
52 85 80
52 86 58
53 54 28
53 55 23
53 56 39
53 57 54
53 58 36
53 59 12
53 60 81
53 61 19
53 62 18
53 63 76
53 64 21
53 65 70
53 66 77
53 67 42
53 68 86
53 69 40
53 70 77
53 71 92
53 72 0
53 73 53
53 74 82
53 75 49
53 76 28
53 77 83
53 78 98
53 79 50
53 80 20
53 81 81
53 82 75
53 83 51
53 84 95
53 85 65
53 86 80
54 55 85
54 56 54
54 57 54
54 58 33
54 59 70
54 60 91
54 61 59
54 62 1
54 63 87
54 64 2
54 65 34
54 66 72
54 67 15
54 68 15
54 69 19
54 70 67
54 71 1
54 72 51
54 73 21
54 74 95
54 75 100
54 76 43
54 77 25
54 78 71
54 79 57
54 80 53
54 81 31
54 82 57
54 83 26
54 84 78
54 85 66
54 86 28
55 56 93
55 57 92
55 58 98
55 59 85
55 60 60
55 61 73
55 62 74
55 63 30
55 64 17
55 65 60
55 66 72
55 67 63
55 68 15
55 69 40
55 70 26
55 71 24
55 72 3
55 73 48
55 74 84
55 75 95
55 76 21
55 77 26
55 78 52
55 79 31
55 80 67
55 81 92
55 82 57
55 83 25
55 84 52
55 85 21
55 86 58
56 57 16
56 58 50
56 59 4
56 60 54
56 61 55
56 62 60
56 63 2
56 64 55
56 65 23
56 66 20
56 67 29
56 68 90
56 69 22
56 70 46
56 71 28
56 72 40
56 73 94
56 74 0
56 75 47
56 76 9
56 77 20
56 78 84
56 79 85
56 80 1
56 81 15
56 82 69
56 83 92
56 84 5
56 85 26
56 86 56
57 58 69
57 59 56
57 60 94
57 61 74
57 62 25
57 63 50
57 64 98
57 65 37
57 66 57
57 67 31
57 68 81
57 69 41
57 70 62
57 71 23
57 72 82
57 73 13
57 74 15
57 75 76
57 76 82
57 77 51
57 78 81
57 79 2
57 80 25
57 81 60
57 82 30
57 83 40
57 84 13
57 85 59
57 86 22
58 59 4
58 60 65
58 61 64
58 62 88
58 63 98
58 64 77
58 65 1
58 66 31
58 67 77
58 68 37
58 69 6
58 70 77
58 71 83
58 72 50
58 73 56
58 74 17
58 75 58
58 76 15
58 77 65
58 78 99
58 79 25
58 80 38
58 81 89
58 82 95
58 83 44
58 84 68
58 85 33
58 86 66
59 60 12
59 61 8
59 62 80
59 63 19
59 64 70
59 65 47
59 66 93
59 67 87
59 68 46
59 69 93
59 70 77
59 71 73
59 72 44
59 73 70
59 74 21
59 75 36
59 76 33
59 77 18
59 78 65
59 79 26
59 80 57
59 81 87
59 82 17
59 83 74
59 84 86
59 85 40
59 86 74
60 61 24
60 62 85
60 63 36
60 64 9
60 65 23
60 66 68
60 67 5
60 68 30
60 69 14
60 70 69
60 71 64
60 72 9
60 73 30
60 74 60
60 75 82
60 76 76
60 77 71
60 78 23
60 79 97
60 80 50
60 81 85
60 82 4
60 83 80
60 84 55
60 85 45
60 86 74
61 62 44
61 63 8
61 64 73
61 65 65
61 66 9
61 67 38
61 68 52
61 69 44
61 70 21
61 71 3
61 72 67
61 73 73
61 74 26
61 75 30
61 76 49
61 77 15
61 78 38
61 79 46
61 80 25
61 81 95
61 82 10
61 83 74
61 84 63
61 85 13
61 86 86
62 63 38
62 64 15
62 65 91
62 66 86
62 67 2
62 68 80
62 69 28
62 70 75
62 71 73
62 72 91
62 73 50
62 74 30
62 75 30
62 76 37
62 77 53
62 78 15
62 79 8
62 80 19
62 81 70
62 82 28
62 83 88
62 84 18
62 85 53
62 86 70
63 64 57
63 65 7
63 66 41
63 67 63
63 68 38
63 69 47
63 70 78
63 71 58
63 72 88
63 73 25
63 74 5
63 75 53
63 76 84
63 77 68
63 78 6
63 79 52
63 80 35
63 81 66
63 82 84
63 83 10
63 84 47
63 85 64
63 86 24
64 65 35
64 66 38
64 67 36
64 68 98
64 69 40
64 70 17
64 71 72
64 72 65
64 73 6
64 74 7
64 75 91
64 76 84
64 77 48
64 78 72
64 79 92
64 80 75
64 81 33
64 82 83
64 83 17
64 84 72
64 85 88
64 86 92
65 66 47
65 67 90
65 68 92
65 69 65
65 70 29
65 71 88
65 72 3
65 73 16
65 74 72
65 75 15
65 76 78
65 77 92
65 78 29
65 79 97
65 80 14
65 81 90
65 82 45
65 83 83
65 84 64
65 85 55
65 86 20
66 67 33
66 68 97
66 69 88
66 70 39
66 71 87
66 72 22
66 73 23
66 74 23
66 75 2
66 76 16
66 77 68
66 78 2
66 79 34
66 80 100
66 81 29
66 82 69
66 83 37
66 84 61
66 85 23
66 86 53
67 68 41
67 69 91
67 70 52
67 71 38
67 72 36
67 73 86
67 74 7
67 75 25
67 76 7
67 77 21
67 78 30
67 79 59
67 80 23
67 81 86
67 82 21
67 83 33
67 84 24
67 85 87
67 86 17
68 69 64
68 70 19
68 71 5
68 72 70
68 73 39
68 74 0
68 75 49
68 76 55
68 77 27
68 78 51
68 79 17
68 80 81
68 81 51
68 82 74
68 83 34
68 84 12
68 85 98
68 86 60
69 70 70
69 71 53
69 72 77
69 73 33
69 74 31
69 75 19
69 76 46
69 77 98
69 78 89
69 79 7
69 80 23
69 81 8
69 82 50
69 83 41
69 84 32
69 85 71
69 86 46
70 71 96
70 72 33
70 73 69
70 74 77
70 75 62
70 76 26
70 77 62
70 78 62
70 79 2
70 80 44
70 81 61
70 82 3
70 83 60
70 84 12
70 85 28
70 86 69
71 72 23
71 73 69
71 74 11
71 75 45
71 76 4
71 77 78
71 78 47
71 79 46
71 80 29
71 81 25
71 82 87
71 83 63
71 84 23
71 85 91
71 86 13
72 73 59
72 74 27
72 75 84
72 76 57
72 77 90
72 78 3
72 79 46
72 80 3
72 81 54
72 82 0
72 83 99
72 84 41
72 85 66
72 86 82
73 74 44
73 75 37
73 76 50
73 77 0
73 78 35
73 79 91
73 80 33
73 81 48
73 82 0
73 83 60
73 84 46
73 85 46
73 86 39
74 75 95
74 76 42
74 77 64
74 78 4
74 79 43
74 80 28
74 81 0
74 82 57
74 83 43
74 84 81
74 85 50
74 86 54
75 76 93
75 77 25
75 78 1
75 79 72
75 80 72
75 81 55
75 82 60
75 83 47
75 84 43
75 85 55
75 86 24
76 77 23
76 78 0
76 79 93
76 80 32
76 81 6
76 82 5
76 83 63
76 84 88
76 85 80
76 86 43
77 78 34
77 79 15
77 80 86
77 81 19
77 82 90
77 83 48
77 84 45
77 85 48
77 86 58
78 79 49
78 80 33
78 81 98
78 82 30
78 83 73
78 84 92
78 85 56
78 86 65
79 80 1
79 81 91
79 82 91
79 83 38
79 84 89
79 85 62
79 86 2
80 81 90
80 82 8
80 83 50
80 84 97
80 85 4
80 86 2
81 82 81
81 83 27
81 84 64
81 85 4
81 86 50
82 83 40
82 84 65
82 85 22
82 86 24
83 84 16
83 85 92
83 86 45
84 85 91
84 86 78
85 86 98
