50 25
0 1 93
0 2 86
0 3 43
0 4 55
0 5 35
0 6 55
0 7 12
0 8 14
0 9 66
0 10 41
0 11 92
0 12 62
0 13 60
0 14 59
0 15 15
0 16 20
0 17 34
0 18 20
0 19 28
0 20 49
0 21 44
0 22 46
0 23 45
0 24 77
0 25 34
0 26 33
0 27 16
0 28 72
0 29 67
0 30 39
0 31 2
0 32 40
0 33 60
0 34 31
0 35 79
0 36 93
0 37 38
0 38 48
0 39 60
0 40 90
0 41 78
0 42 78
0 43 10
0 44 80
0 45 61
0 46 19
0 47 50
0 48 48
0 49 58
1 2 72
1 3 88
1 4 66
1 5 82
1 6 95
1 7 42
1 8 6
1 9 18
1 10 23
1 11 25
1 12 83
1 13 41
1 14 1
1 15 87
1 16 13
1 17 25
1 18 99
1 19 58
1 20 30
1 21 23
1 22 68
1 23 100
1 24 86
1 25 86
1 26 15
1 27 48
1 28 11
1 29 45
1 30 42
1 31 64
1 32 83
1 33 44
1 34 35
1 35 90
1 36 26
1 37 65
1 38 80
1 39 19
1 40 41
1 41 73
1 42 91
1 43 88
1 44 41
1 45 84
1 46 39
1 47 0
1 48 39
1 49 87
2 3 79
2 4 36
2 5 21
2 6 100
2 7 18
2 8 14
2 9 64
2 10 25
2 11 91
2 12 34
2 13 90
2 14 17
2 15 42
2 16 70
2 17 88
2 18 95
2 19 92
2 20 2
2 21 3
2 22 99
2 23 98
2 24 92
2 25 74
2 26 71
2 27 86
2 28 72
2 29 23
2 30 63
2 31 1
2 32 49
2 33 43
2 34 16
2 35 88
2 36 91
2 37 16
2 38 43
2 39 30
2 40 37
2 41 29
2 42 71
2 43 69
2 44 23
2 45 50
2 46 56
2 47 80
2 48 36
2 49 29
3 4 1
3 5 29
3 6 61
3 7 6
3 8 80
3 9 46
3 10 66
3 11 93
3 12 29
3 13 9
3 14 80
3 15 91
3 16 16
3 17 52
3 18 96
3 19 95
3 20 3
3 21 45
3 22 31
3 23 47
3 24 45
3 25 64
3 26 34
3 27 56
3 28 72
3 29 3
3 30 81
3 31 88
3 32 2
3 33 28
3 34 83
3 35 68
3 36 15
3 37 83
3 38 11
3 39 63
3 40 14
3 41 39
3 42 69
3 43 82
3 44 74
3 45 73
3 46 23
3 47 48
3 48 46
3 49 90
4 5 29
4 6 56
4 7 61
4 8 71
4 9 59
4 10 91
4 11 90
4 12 20
4 13 54
4 14 95
4 15 29
4 16 8
4 17 96
4 18 94
4 19 79
4 20 61
4 21 98
4 22 35
4 23 36
4 24 57
4 25 87
4 26 27
4 27 24
4 28 74
4 29 12
4 30 41
4 31 52
4 32 5
4 33 92
4 34 61
4 35 13
4 36 64
4 37 63
4 38 53
4 39 87
4 40 29
4 41 80
4 42 86
4 43 12
4 44 81
4 45 44
4 46 3
4 47 99
4 48 65
4 49 8
5 6 58
5 7 51
5 8 57
5 9 5
5 10 98
5 11 34
5 12 13
5 13 87
5 14 50
5 15 65
5 16 40
5 17 3
5 18 54
5 19 22
5 20 73
5 21 78
5 22 35
5 23 13
5 24 72
5 25 50
5 26 0
5 27 48
5 28 18
5 29 75
5 30 58
5 31 20
5 32 85
5 33 24
5 34 69
5 35 81
5 36 92
5 37 26
5 38 71
5 39 83
5 40 13
5 41 29
5 42 82
5 43 3
5 44 5
5 45 5
5 46 48
5 47 65
5 48 97
5 49 18
6 7 17
6 8 9
6 9 86
6 10 21
6 11 89
6 12 35
6 13 98
6 14 80
6 15 20
6 16 40
6 17 15
6 18 55
6 19 75
6 20 89
6 21 2
6 22 50
6 23 47
6 24 30
6 25 40
6 26 68
6 27 98
6 28 85
6 29 46
6 30 31
6 31 37
6 32 86
6 33 30
6 34 36
6 35 99
6 36 47
6 37 97
6 38 11
6 39 43
6 40 69
6 41 35
6 42 7
6 43 85
6 44 93
6 45 12
6 46 9
6 47 50
6 48 37
6 49 50
7 8 21
7 9 60
7 10 80
7 11 68
7 12 5
7 13 27
7 14 21
7 15 88
7 16 57
7 17 65
7 18 40
7 19 90
7 20 13
7 21 79
7 22 36
7 23 85
7 24 64
7 25 37
7 26 56
7 27 48
7 28 19
7 29 77
7 30 88
7 31 27
7 32 36
7 33 64
7 34 15
7 35 78
7 36 94
7 37 81
7 38 57
7 39 64
7 40 33
7 41 25
7 42 39
7 43 87
7 44 49
7 45 21
7 46 68
7 47 24
7 48 76
7 49 90
8 9 28
8 10 42
8 11 60
8 12 88
8 13 59
8 14 9
8 15 45
8 16 79
8 17 84
8 18 80
8 19 63
8 20 79
8 21 63
8 22 0
8 23 45
8 24 75
8 25 18
8 26 57
8 27 31
8 28 24
8 29 72
8 30 29
8 31 9
8 32 98
8 33 99
8 34 97
8 35 12
8 36 52
8 37 19
8 38 14
8 39 44
8 40 23
8 41 55
8 42 65
8 43 94
8 44 99
8 45 18
8 46 98
8 47 96
8 48 75
8 49 13
9 10 65
9 11 96
9 12 43
9 13 75
9 14 83
9 15 20
9 16 85
9 17 53
9 18 30
9 19 95
9 20 16
9 21 89
9 22 15
9 23 14
9 24 22
9 25 94
9 26 24
9 27 62
9 28 71
9 29 40
9 30 98
9 31 84
9 32 60
9 33 40
9 34 35
9 35 92
9 36 46
9 37 70
9 38 88
9 39 99
9 40 19
9 41 9
9 42 87
9 43 22
9 44 72
9 45 85
9 46 46
9 47 27
9 48 53
9 49 50
10 11 43
10 12 47
10 13 89
10 14 39
10 15 90
10 16 46
10 17 12
10 18 87
10 19 57
10 20 94
10 21 40
10 22 16
10 23 85
10 24 42
10 25 81
10 26 48
10 27 1
10 28 61
10 29 55
10 30 65
10 31 96
10 32 69
10 33 60
10 34 72
10 35 84
10 36 95
10 37 62
10 38 6
10 39 40
10 40 95
10 41 33
10 42 26
10 43 73
10 44 74
10 45 4
10 46 44
10 47 96
10 48 66
10 49 35
11 12 29
11 13 33
11 14 74
11 15 66
11 16 22
11 17 80
11 18 10
11 19 36
11 20 65
11 21 1
11 22 53
11 23 1
11 24 64
11 25 57
11 26 95
11 27 52
11 28 90
11 29 6
11 30 0
11 31 12
11 32 43
11 33 82
11 34 96
11 35 82
11 36 9
11 37 86
11 38 77
11 39 72
11 40 70
11 41 100
11 42 0
11 43 78
11 44 60
11 45 66
11 46 9
11 47 68
11 48 39
11 49 48
12 13 82
12 14 4
12 15 4
12 16 68
12 17 51
12 18 85
12 19 61
12 20 34
12 21 26
12 22 45
12 23 62
12 24 45
12 25 21
12 26 37
12 27 8
12 28 35
12 29 54
12 30 43
12 31 30
12 32 74
12 33 98
12 34 1
12 35 58
12 36 81
12 37 28
12 38 57
12 39 93
12 40 44
12 41 59
12 42 40
12 43 10
12 44 46
12 45 55
12 46 73
12 47 79
12 48 91
12 49 16
13 14 83
13 15 1
13 16 87
13 17 7
13 18 13
13 19 77
13 20 84
13 21 58
13 22 81
13 23 29
13 24 93
13 25 97
13 26 37
13 27 16
13 28 26
13 29 4
13 30 58
13 31 99
13 32 62
13 33 86
13 34 81
13 35 51
13 36 19
13 37 34
13 38 58
13 39 32
13 40 90
13 41 100
13 42 25
13 43 51
13 44 69
13 45 30
13 46 100
13 47 83
13 48 83
13 49 26
14 15 100
14 16 55
14 17 92
14 18 40
14 19 61
14 20 69
14 21 90
14 22 31
14 23 39
14 24 41
14 25 19
14 26 90
14 27 15
14 28 50
14 29 36
14 30 77
14 31 56
14 32 17
14 33 72
14 34 29
14 35 22
14 36 41
14 37 87
14 38 61
14 39 42
14 40 24
14 41 98
14 42 75
14 43 16
14 44 20
14 45 49
14 46 15
14 47 83
14 48 49
14 49 89
15 16 95
15 17 4
15 18 95
15 19 66
15 20 39
15 21 28
15 22 67
15 23 88
15 24 20
15 25 17
15 26 91
15 27 52
15 28 51
15 29 78
15 30 41
15 31 70
15 32 66
15 33 69
15 34 93
15 35 47
15 36 34
15 37 92
15 38 60
15 39 63
15 40 100
15 41 95
15 42 21
15 43 25
15 44 77
15 45 45
15 46 20
15 47 45
15 48 89
15 49 26
16 17 100
16 18 69
16 19 100
16 20 32
16 21 21
16 22 38
16 23 86
16 24 96
16 25 77
16 26 15
16 27 48
16 28 96
16 29 9
16 30 14
16 31 72
16 32 78
16 33 83
16 34 95
16 35 4
16 36 18
16 37 23
16 38 12
16 39 33
16 40 75
16 41 58
16 42 78
16 43 77
16 44 63
16 45 53
16 46 90
16 47 11
16 48 26
16 49 42
17 18 57
17 19 78
17 20 99
17 21 83
17 22 64
17 23 24
17 24 89
17 25 49
17 26 64
17 27 90
17 28 97
17 29 100
17 30 79
17 31 11
17 32 93
17 33 38
17 34 8
17 35 49
17 36 61
17 37 40
17 38 23
17 39 48
17 40 51
17 41 93
17 42 86
17 43 87
17 44 47
17 45 81
17 46 20
17 47 2
17 48 26
17 49 69
18 19 34
18 20 51
18 21 7
18 22 49
18 23 66
18 24 63
18 25 58
18 26 50
18 27 10
18 28 57
18 29 36
18 30 7
18 31 18
18 32 32
18 33 60
18 34 92
18 35 12
18 36 34
18 37 41
18 38 66
18 39 35
18 40 46
18 41 94
18 42 22
18 43 40
18 44 21
18 45 50
18 46 16
18 47 98
18 48 1
18 49 70
19 20 1
19 21 53
19 22 19
19 23 69
19 24 39
19 25 12
19 26 76
19 27 70
19 28 66
19 29 85
19 30 15
19 31 49
19 32 32
19 33 60
19 34 88
19 35 66
19 36 65
19 37 23
19 38 0
19 39 34
19 40 5
19 41 79
19 42 13
19 43 13
19 44 13
19 45 82
19 46 37
19 47 60
19 48 78
19 49 91
20 21 39
20 22 94
20 23 64
20 24 89
20 25 77
20 26 14
20 27 80
20 28 89
20 29 89
20 30 48
20 31 91
20 32 100
20 33 36
20 34 85
20 35 69
20 36 44
20 37 37
20 38 10
20 39 42
20 40 21
20 41 89
20 42 61
20 43 64
20 44 44
20 45 5
20 46 85
20 47 58
20 48 37
20 49 96
21 22 59
21 23 23
21 24 26
21 25 85
21 26 6
21 27 50
21 28 10
21 29 52
21 30 8
21 31 49
21 32 63
21 33 100
21 34 50
21 35 85
21 36 39
21 37 69
21 38 50
21 39 5
21 40 7
21 41 57
21 42 70
21 43 55
21 44 98
21 45 88
21 46 60
21 47 98
21 48 4
21 49 73
22 23 3
22 24 26
22 25 74
22 26 70
22 27 85
22 28 92
22 29 53
22 30 17
22 31 97
22 32 54
22 33 66
22 34 29
22 35 24
22 36 81
22 37 77
22 38 12
22 39 34
22 40 12
22 41 90
22 42 76
22 43 99
22 44 56
22 45 40
22 46 49
22 47 97
22 48 9
22 49 17
23 24 96
23 25 52
23 26 64
23 27 44
23 28 12
23 29 7
23 30 99
23 31 16
23 32 47
23 33 84
23 34 12
23 35 12
23 36 75
23 37 5
23 38 56
23 39 53
23 40 12
23 41 42
23 42 87
23 43 39
23 44 97
23 45 75
23 46 50
23 47 72
23 48 9
23 49 38
24 25 60
24 26 82
24 27 76
24 28 58
24 29 44
24 30 37
24 31 87
24 32 23
24 33 35
24 34 10
24 35 29
24 36 32
24 37 11
24 38 3
24 39 71
24 40 66
24 41 95
24 42 53
24 43 37
24 44 44
24 45 21
24 46 29
24 47 94
24 48 79
24 49 52
25 26 21
25 27 70
25 28 57
25 29 16
25 30 24
25 31 73
25 32 73
25 33 14
25 34 42
25 35 55
25 36 64
25 37 96
25 38 15
25 39 84
25 40 24
25 41 47
25 42 48
25 43 20
25 44 47
25 45 85
25 46 73
25 47 85
25 48 48
25 49 18
26 27 15
26 28 39
26 29 19
26 30 92
26 31 0
26 32 41
26 33 63
26 34 78
26 35 65
26 36 52
26 37 76
26 38 74
26 39 44
26 40 76
26 41 32
26 42 36
26 43 51
26 44 28
26 45 11
26 46 7
26 47 97
26 48 90
26 49 78
27 28 39
27 29 19
27 30 59
27 31 0
27 32 41
27 33 98
27 34 1
27 35 72
27 36 23
27 37 96
27 38 100
27 39 80
27 40 64
27 41 74
27 42 78
27 43 100
27 44 37
27 45 47
27 46 75
27 47 82
27 48 97
27 49 87
28 29 50
28 30 26
28 31 9
28 32 75
28 33 76
28 34 94
28 35 75
28 36 90
28 37 54
28 38 23
28 39 18
28 40 35
28 41 31
28 42 78
28 43 40
28 44 46
28 45 17
28 46 46
28 47 20
28 48 86
28 49 4
29 30 36
29 31 3
29 32 31
29 33 87
29 34 64
29 35 35
29 36 83
29 37 32
29 38 45
29 39 16
29 40 60
29 41 13
29 42 69
29 43 58
29 44 42
29 45 5
29 46 57
29 47 12
29 48 17
29 49 51
30 31 14
30 32 30
30 33 15
30 34 4
30 35 20
30 36 1
30 37 1
30 38 45
30 39 58
30 40 85
30 41 24
30 42 86
30 43 94
30 44 94
30 45 61
30 46 44
30 47 1
30 48 41
30 49 42
31 32 26
31 33 42
31 34 5
31 35 26
31 36 71
31 37 91
31 38 13
31 39 91
31 40 90
31 41 63
31 42 54
31 43 18
31 44 70
31 45 47
31 46 79
31 47 61
31 48 69
31 49 2
32 33 79
32 34 41
32 35 97
32 36 50
32 37 20
32 38 12
32 39 34
32 40 9
32 41 73
32 42 87
32 43 29
32 44 33
32 45 39
32 46 95
32 47 48
32 48 2
32 49 74
33 34 70
33 35 72
33 36 100
33 37 100
33 38 58
33 39 10
33 40 46
33 41 65
33 42 23
33 43 20
33 44 54
33 45 15
33 46 65
33 47 10
33 48 27
33 49 84
34 35 48
34 36 3
34 37 43
34 38 49
34 39 35
34 40 72
34 41 99
34 42 6
34 43 99
34 44 13
34 45 40
34 46 71
34 47 26
34 48 49
34 49 61
35 36 99
35 37 74
35 38 99
35 39 93
35 40 8
35 41 58
35 42 85
35 43 83
35 44 72
35 45 73
35 46 90
35 47 37
35 48 7
35 49 32
36 37 39
36 38 27
36 39 41
36 40 22
36 41 6
36 42 65
36 43 13
36 44 59
36 45 57
36 46 26
36 47 26
36 48 23
36 49 84
37 38 56
37 39 90
37 40 55
37 41 24
37 42 56
37 43 0
37 44 95
37 45 66
37 46 59
37 47 12
37 48 38
37 49 37
38 39 66
38 40 78
38 41 46
38 42 72
38 43 17
38 44 33
38 45 21
38 46 49
38 47 22
38 48 34
38 49 48
39 40 53
39 41 78
39 42 80
39 43 50
39 44 2
39 45 69
39 46 41
39 47 16
39 48 48
39 49 81
40 41 20
40 42 99
40 43 42
40 44 90
40 45 85
40 46 73
40 47 96
40 48 0
40 49 68
41 42 70
41 43 46
41 44 98
41 45 9
41 46 41
41 47 43
41 48 85
41 49 59
42 43 51
42 44 9
42 45 83
42 46 79
42 47 58
42 48 78
42 49 48
43 44 41
43 45 19
43 46 16
43 47 91
43 48 81
43 49 56
44 45 49
44 46 43
44 47 1
44 48 24
44 49 78
45 46 55
45 47 62
45 48 23
45 49 75
46 47 28
46 48 14
46 49 63
47 48 14
47 49 31
48 49 60
