50 25
0 1 42
0 2 80
0 3 28
0 4 91
0 5 13
0 6 46
0 7 58
0 8 54
0 9 41
0 10 46
0 11 81
0 12 62
0 13 22
0 14 14
0 15 43
0 16 18
0 17 64
0 18 70
0 19 27
0 20 40
0 21 75
0 22 17
0 23 83
0 24 11
0 25 24
0 26 63
0 27 31
0 28 69
0 29 75
0 30 100
0 31 60
0 32 77
0 33 53
0 34 9
0 35 10
0 36 74
0 37 25
0 38 19
0 39 66
0 40 94
0 41 91
0 42 79
0 43 95
0 44 56
0 45 20
0 46 65
0 47 42
0 48 85
0 49 21
1 2 38
1 3 48
1 4 74
1 5 42
1 6 16
1 7 82
1 8 8
1 9 36
1 10 100
1 11 60
1 12 49
1 13 49
1 14 80
1 15 48
1 16 7
1 17 90
1 18 43
1 19 70
1 20 18
1 21 78
1 22 49
1 23 33
1 24 9
1 25 72
1 26 11
1 27 78
1 28 64
1 29 75
1 30 46
1 31 25
1 32 99
1 33 47
1 34 76
1 35 79
1 36 47
1 37 29
1 38 27
1 39 67
1 40 62
1 41 41
1 42 32
1 43 33
1 44 70
1 45 22
1 46 1
1 47 27
1 48 32
1 49 62
2 3 26
2 4 98
2 5 1
2 6 69
2 7 46
2 8 9
2 9 48
2 10 28
2 11 74
2 12 74
2 13 41
2 14 5
2 15 57
2 16 42
2 17 39
2 18 54
2 19 24
2 20 69
2 21 99
2 22 37
2 23 22
2 24 31
2 25 40
2 26 92
2 27 80
2 28 5
2 29 44
2 30 98
2 31 86
2 32 67
2 33 20
2 34 52
2 35 22
2 36 15
2 37 57
2 38 24
2 39 42
2 40 56
2 41 65
2 42 100
2 43 89
2 44 3
2 45 89
2 46 51
2 47 76
2 48 82
2 49 12
3 4 26
3 5 27
3 6 10
3 7 14
3 8 39
3 9 20
3 10 83
3 11 11
3 12 30
3 13 55
3 14 64
3 15 9
3 16 35
3 17 44
3 18 90
3 19 63
3 20 96
3 21 76
3 22 78
3 23 72
3 24 41
3 25 30
3 26 99
3 27 48
3 28 68
3 29 86
3 30 32
3 31 82
3 32 34
3 33 68
3 34 64
3 35 34
3 36 2
3 37 5
3 38 42
3 39 32
3 40 78
3 41 40
3 42 94
3 43 96
3 44 87
3 45 53
3 46 92
3 47 83
3 48 19
3 49 82
4 5 49
4 6 19
4 7 66
4 8 13
4 9 44
4 10 44
4 11 74
4 12 26
4 13 39
4 14 57
4 15 69
4 16 52
4 17 84
4 18 65
4 19 23
4 20 64
4 21 94
4 22 52
4 23 92
4 24 84
4 25 21
4 26 62
4 27 35
4 28 55
4 29 84
4 30 50
4 31 42
4 32 93
4 33 82
4 34 97
4 35 80
4 36 95
4 37 65
4 38 95
4 39 11
4 40 77
4 41 36
4 42 60
4 43 34
4 44 89
4 45 93
4 46 24
4 47 12
4 48 32
4 49 24
5 6 82
5 7 35
5 8 62
5 9 64
5 10 96
5 11 26
5 12 51
5 13 57
5 14 13
5 15 80
5 16 69
5 17 14
5 18 2
5 19 84
5 20 29
5 21 43
5 22 94
5 23 50
5 24 32
5 25 61
5 26 93
5 27 26
5 28 95
5 29 65
5 30 83
5 31 52
5 32 24
5 33 34
5 34 5
5 35 43
5 36 81
5 37 49
5 38 68
5 39 8
5 40 26
5 41 38
5 42 82
5 43 51
5 44 80
5 45 70
5 46 77
5 47 83
5 48 2
5 49 57
6 7 99
6 8 82
6 9 21
6 10 78
6 11 23
6 12 94
6 13 67
6 14 80
6 15 94
6 16 34
6 17 33
6 18 44
6 19 10
6 20 97
6 21 28
6 22 8
6 23 6
6 24 43
6 25 24
6 26 19
6 27 81
6 28 70
6 29 7
6 30 95
6 31 94
6 32 70
6 33 50
6 34 46
6 35 51
6 36 43
6 37 29
6 38 1
6 39 92
6 40 5
6 41 68
6 42 56
6 43 91
6 44 53
6 45 5
6 46 32
6 47 66
6 48 73
6 49 5
7 8 94
7 9 7
7 10 82
7 11 87
7 12 44
7 13 46
7 14 3
7 15 31
7 16 62
7 17 44
7 18 99
7 19 90
7 20 94
7 21 77
7 22 62
7 23 57
7 24 50
7 25 57
7 26 9
7 27 77
7 28 42
7 29 74
7 30 66
7 31 52
7 32 76
7 33 21
7 34 13
7 35 53
7 36 96
7 37 93
7 38 12
7 39 51
7 40 64
7 41 74
7 42 16
7 43 54
7 44 81
7 45 50
7 46 94
7 47 71
7 48 95
7 49 38
8 9 55
8 10 61
8 11 60
8 12 55
8 13 90
8 14 94
8 15 80
8 16 58
8 17 98
8 18 95
8 19 42
8 20 66
8 21 60
8 22 74
8 23 56
8 24 21
8 25 36
8 26 81
8 27 57
8 28 40
8 29 62
8 30 86
8 31 95
8 32 89
8 33 95
8 34 97
8 35 20
8 36 60
8 37 45
8 38 67
8 39 67
8 40 99
8 41 86
8 42 69
8 43 26
8 44 17
8 45 27
8 46 66
8 47 18
8 48 76
8 49 81
9 10 73
9 11 21
9 12 67
9 13 54
9 14 95
9 15 68
9 16 74
9 17 2
9 18 72
9 19 82
9 20 87
9 21 56
9 22 46
9 23 90
9 24 18
9 25 27
9 26 38
9 27 32
9 28 1
9 29 82
9 30 53
9 31 33
9 32 41
9 33 64
9 34 65
9 35 93
9 36 73
9 37 69
9 38 24
9 39 2
9 40 37
9 41 22
9 42 68
9 43 99
9 44 62
9 45 70
9 46 71
9 47 30
9 48 72
9 49 67
10 11 46
10 12 5
10 13 25
10 14 55
10 15 49
10 16 38
10 17 19
10 18 16
10 19 97
10 20 42
10 21 52
10 22 6
10 23 85
10 24 3
10 25 44
10 26 64
10 27 43
10 28 89
10 29 90
10 30 67
10 31 13
10 32 100
10 33 61
10 34 62
10 35 17
10 36 85
10 37 87
10 38 96
10 39 58
10 40 7
10 41 76
10 42 26
10 43 95
10 44 49
10 45 94
10 46 18
10 47 81
10 48 64
10 49 87
11 12 26
11 13 89
11 14 90
11 15 70
11 16 36
11 17 28
11 18 65
11 19 83
11 20 20
11 21 14
11 22 85
11 23 3
11 24 87
11 25 19
11 26 85
11 27 69
11 28 59
11 29 35
11 30 11
11 31 47
11 32 80
11 33 70
11 34 54
11 35 35
11 36 95
11 37 10
11 38 83
11 39 81
11 40 43
11 41 77
11 42 45
11 43 46
11 44 5
11 45 93
11 46 25
11 47 9
11 48 19
11 49 10
12 13 95
12 14 32
12 15 99
12 16 1
12 17 65
12 18 11
12 19 66
12 20 7
12 21 73
12 22 83
12 23 68
12 24 5
12 25 23
12 26 86
12 27 85
12 28 18
12 29 56
12 30 78
12 31 79
12 32 48
12 33 88
12 34 6
12 35 2
12 36 92
12 37 100
12 38 39
12 39 8
12 40 82
12 41 56
12 42 83
12 43 43
12 44 5
12 45 95
12 46 90
12 47 74
12 48 38
12 49 41
13 14 47
13 15 44
13 16 31
13 17 24
13 18 29
13 19 49
13 20 72
13 21 100
13 22 50
13 23 23
13 24 40
13 25 50
13 26 17
13 27 90
13 28 87
13 29 21
13 30 45
13 31 75
13 32 33
13 33 25
13 34 49
13 35 86
13 36 68
13 37 28
13 38 23
13 39 35
13 40 51
13 41 79
13 42 11
13 43 8
13 44 75
13 45 72
13 46 52
13 47 28
13 48 70
13 49 56
14 15 55
14 16 10
14 17 37
14 18 91
14 19 82
14 20 10
14 21 14
14 22 66
14 23 84
14 24 30
14 25 47
14 26 92
14 27 94
14 28 71
14 29 84
14 30 70
14 31 42
14 32 92
14 33 24
14 34 28
14 35 52
14 36 41
14 37 83
14 38 56
14 39 38
14 40 1
14 41 56
14 42 20
14 43 5
14 44 54
14 45 66
14 46 56
14 47 41
14 48 47
14 49 56
15 16 86
15 17 89
15 18 85
15 19 23
15 20 95
15 21 36
15 22 71
15 23 76
15 24 7
15 25 93
15 26 57
15 27 94
15 28 89
15 29 52
15 30 100
15 31 53
15 32 50
15 33 22
15 34 89
15 35 76
15 36 49
15 37 32
15 38 62
15 39 20
15 40 92
15 41 98
15 42 91
15 43 52
15 44 44
15 45 17
15 46 39
15 47 41
15 48 2
15 49 56
16 17 78
16 18 68
16 19 52
16 20 43
16 21 32
16 22 10
16 23 89
16 24 12
16 25 26
16 26 73
16 27 87
16 28 49
16 29 93
16 30 89
16 31 60
16 32 49
16 33 54
16 34 65
16 35 78
16 36 99
16 37 52
16 38 14
16 39 41
16 40 91
16 41 99
16 42 61
16 43 7
16 44 86
16 45 11
16 46 74
16 47 100
16 48 58
16 49 88
17 18 4
17 19 42
17 20 85
17 21 50
17 22 62
17 23 51
17 24 38
17 25 43
17 26 3
17 27 83
17 28 8
17 29 94
17 30 5
17 31 79
17 32 68
17 33 99
17 34 34
17 35 94
17 36 95
17 37 35
17 38 41
17 39 29
17 40 73
17 41 93
17 42 6
17 43 10
17 44 10
17 45 70
17 46 4
17 47 14
17 48 81
17 49 90
18 19 97
18 20 95
18 21 45
18 22 49
18 23 8
18 24 13
18 25 34
18 26 17
18 27 7
18 28 80
18 29 96
18 30 14
18 31 72
18 32 66
18 33 54
18 34 94
18 35 67
18 36 88
18 37 71
18 38 66
18 39 53
18 40 64
18 41 91
18 42 15
18 43 94
18 44 92
18 45 80
18 46 88
18 47 26
18 48 63
18 49 77
19 20 45
19 21 40
19 22 62
19 23 43
19 24 92
19 25 24
19 26 84
19 27 5
19 28 76
19 29 78
19 30 85
19 31 65
19 32 21
19 33 36
19 34 10
19 35 56
19 36 16
19 37 70
19 38 3
19 39 9
19 40 63
19 41 70
19 42 23
19 43 5
19 44 89
19 45 56
19 46 84
19 47 77
19 48 44
19 49 17
20 21 72
20 22 63
20 23 41
20 24 22
20 25 41
20 26 27
20 27 66
20 28 8
20 29 9
20 30 79
20 31 93
20 32 41
20 33 58
20 34 44
20 35 85
20 36 91
20 37 50
20 38 32
20 39 45
20 40 47
20 41 29
20 42 14
20 43 49
20 44 42
20 45 15
20 46 86
20 47 70
20 48 34
20 49 46
21 22 24
21 23 38
21 24 16
21 25 18
21 26 84
21 27 59
21 28 2
21 29 77
21 30 7
21 31 51
21 32 43
21 33 67
21 34 29
21 35 10
21 36 88
21 37 56
21 38 80
21 39 49
21 40 13
21 41 11
21 42 15
21 43 91
21 44 65
21 45 31
21 46 23
21 47 96
21 48 99
21 49 4
22 23 37
22 24 78
22 25 11
22 26 97
22 27 16
22 28 71
22 29 12
22 30 53
22 31 12
22 32 12
22 33 7
22 34 31
22 35 37
22 36 64
22 37 41
22 38 27
22 39 34
22 40 71
22 41 35
22 42 96
22 43 95
22 44 38
22 45 74
22 46 25
22 47 39
22 48 19
22 49 9
23 24 51
23 25 89
23 26 81
23 27 92
23 28 91
23 29 82
23 30 1
23 31 20
23 32 28
23 33 97
23 34 41
23 35 49
23 36 17
23 37 49
23 38 83
23 39 7
23 40 23
23 41 42
23 42 68
23 43 37
23 44 1
23 45 14
23 46 90
23 47 85
23 48 76
23 49 21
24 25 92
24 26 58
24 27 10
24 28 75
24 29 93
24 30 21
24 31 58
24 32 37
24 33 46
24 34 25
24 35 85
24 36 72
24 37 2
24 38 13
24 39 89
24 40 76
24 41 24
24 42 11
24 43 99
24 44 65
24 45 23
24 46 71
24 47 52
24 48 12
24 49 26
25 26 62
25 27 57
25 28 71
25 29 64
25 30 8
25 31 33
25 32 8
25 33 83
25 34 37
25 35 27
25 36 51
25 37 90
25 38 16
25 39 41
25 40 97
25 41 95
25 42 87
25 43 14
25 44 73
25 45 51
25 46 84
25 47 18
25 48 47
25 49 60
26 27 36
26 28 84
26 29 77
26 30 43
26 31 41
26 32 47
26 33 27
26 34 4
26 35 8
26 36 67
26 37 77
26 38 61
26 39 56
26 40 58
26 41 82
26 42 99
26 43 14
26 44 12
26 45 37
26 46 71
26 47 47
26 48 24
26 49 18
27 28 25
27 29 46
27 30 58
27 31 28
27 32 2
27 33 27
27 34 2
27 35 78
27 36 8
27 37 94
27 38 54
27 39 24
27 40 74
27 41 50
27 42 99
27 43 41
27 44 7
27 45 17
27 46 63
27 47 54
27 48 6
27 49 58
28 29 41
28 30 38
28 31 45
28 32 48
28 33 76
28 34 53
28 35 90
28 36 68
28 37 76
28 38 42
28 39 37
28 40 47
28 41 30
28 42 32
28 43 55
28 44 50
28 45 9
28 46 86
28 47 5
28 48 42
28 49 87
29 30 65
29 31 47
29 32 74
29 33 25
29 34 12
29 35 49
29 36 22
29 37 3
29 38 98
29 39 98
29 40 97
29 41 73
29 42 87
29 43 7
29 44 80
29 45 54
29 46 27
29 47 88
29 48 72
29 49 67
30 31 97
30 32 67
30 33 35
30 34 55
30 35 60
30 36 30
30 37 67
30 38 12
30 39 34
30 40 20
30 41 41
30 42 32
30 43 60
30 44 27
30 45 80
30 46 90
30 47 61
30 48 85
30 49 12
31 32 61
31 33 61
31 34 28
31 35 22
31 36 22
31 37 92
31 38 34
31 39 16
31 40 37
31 41 95
31 42 33
31 43 90
31 44 50
31 45 41
31 46 47
31 47 2
31 48 66
31 49 51
32 33 77
32 34 83
32 35 66
32 36 97
32 37 51
32 38 48
32 39 71
32 40 34
32 41 51
32 42 38
32 43 100
32 44 5
32 45 34
32 46 45
32 47 20
32 48 18
32 49 12
33 34 25
33 35 23
33 36 43
33 37 9
33 38 67
33 39 73
33 40 63
33 41 64
33 42 53
33 43 11
33 44 86
33 45 75
33 46 36
33 47 88
33 48 66
33 49 86
34 35 94
34 36 43
34 37 84
34 38 47
34 39 89
34 40 26
34 41 19
34 42 42
34 43 34
34 44 96
34 45 31
34 46 33
34 47 16
34 48 33
34 49 87
35 36 85
35 37 89
35 38 98
35 39 76
35 40 51
35 41 80
35 42 99
35 43 73
35 44 56
35 45 30
35 46 91
35 47 50
35 48 49
35 49 42
36 37 69
36 38 33
36 39 29
36 40 2
36 41 7
36 42 15
36 43 16
36 44 29
36 45 13
36 46 71
36 47 5
36 48 29
36 49 53
37 38 44
37 39 92
37 40 66
37 41 72
37 42 97
37 43 84
37 44 50
37 45 9
37 46 75
37 47 38
37 48 19
37 49 41
38 39 69
38 40 20
38 41 82
38 42 27
38 43 3
38 44 80
38 45 14
38 46 45
38 47 6
38 48 53
38 49 14
39 40 50
39 41 86
39 42 5
39 43 88
39 44 18
39 45 45
39 46 86
39 47 14
39 48 87
39 49 79
40 41 52
40 42 8
40 43 70
40 44 44
40 45 3
40 46 22
40 47 85
40 48 45
40 49 11
41 42 47
41 43 23
41 44 20
41 45 33
41 46 85
41 47 50
41 48 58
41 49 53
42 43 2
42 44 19
42 45 1
42 46 13
42 47 83
42 48 9
42 49 4
43 44 89
43 45 57
43 46 62
43 47 71
43 48 90
43 49 57
44 45 64
44 46 72
44 47 32
44 48 86
44 49 80
45 46 18
45 47 88
45 48 57
45 49 59
46 47 99
46 48 75
46 49 55
47 48 24
47 49 7
48 49 80
