89 44
0 1 54
0 2 95
0 3 98
0 4 14
0 5 67
0 6 83
0 7 90
0 8 54
0 9 65
0 10 43
0 11 98
0 12 67
0 13 15
0 14 36
0 15 60
0 16 86
0 17 74
0 18 69
0 19 42
0 20 26
0 21 52
0 22 73
0 23 52
0 24 29
0 25 46
0 26 75
0 27 12
0 28 74
0 29 64
0 30 37
0 31 76
0 32 20
0 33 43
0 34 70
0 35 52
0 36 19
0 37 22
0 38 15
0 39 85
0 40 66
0 41 97
0 42 71
0 43 44
0 44 27
0 45 39
0 46 56
0 47 74
0 48 53
0 49 84
0 50 91
0 51 79
0 52 23
0 53 34
0 54 58
0 55 30
0 56 58
0 57 39
0 58 3
0 59 47
0 60 18
0 61 24
0 62 17
0 63 89
0 64 89
0 65 89
0 66 83
0 67 9
0 68 37
0 69 20
0 70 27
0 71 8
0 72 96
0 73 69
0 74 100
0 75 34
0 76 69
0 77 7
0 78 57
0 79 75
0 80 91
0 81 64
0 82 14
0 83 81
0 84 42
0 85 79
0 86 0
0 87 39
0 88 77
1 2 35
1 3 46
1 4 37
1 5 92
1 6 71
1 7 50
1 8 58
1 9 94
1 10 92
1 11 55
1 12 75
1 13 90
1 14 57
1 15 56
1 16 30
1 17 33
1 18 6
1 19 49
1 20 56
1 21 85
1 22 14
1 23 37
1 24 66
1 25 50
1 26 54
1 27 58
1 28 16
1 29 47
1 30 67
1 31 75
1 32 85
1 33 82
1 34 12
1 35 62
1 36 58
1 37 61
1 38 34
1 39 58
1 40 89
1 41 55
1 42 98
1 43 86
1 44 90
1 45 44
1 46 85
1 47 53
1 48 57
1 49 41
1 50 57
1 51 5
1 52 31
1 53 8
1 54 6
1 55 80
1 56 88
1 57 94
1 58 93
1 59 41
1 60 79
1 61 98
1 62 72
1 63 82
1 64 67
1 65 99
1 66 55
1 67 66
1 68 8
1 69 76
1 70 55
1 71 93
1 72 80
1 73 73
1 74 64
1 75 88
1 76 45
1 77 33
1 78 33
1 79 59
1 80 31
1 81 26
1 82 83
1 83 71
1 84 1
1 85 15
1 86 22
1 87 20
1 88 80
2 3 80
2 4 26
2 5 55
2 6 73
2 7 17
2 8 10
2 9 58
2 10 54
2 11 71
2 12 30
2 13 88
2 14 9
2 15 7
2 16 78
2 17 6
2 18 49
2 19 10
2 20 61
2 21 43
2 22 65
2 23 89
2 24 22
2 25 57
2 26 39
2 27 99
2 28 91
2 29 66
2 30 81
2 31 91
2 32 65
2 33 38
2 34 16
2 35 84
2 36 95
2 37 1
2 38 52
2 39 53
2 40 67
2 41 12
2 42 98
2 43 63
2 44 40
2 45 85
2 46 30
2 47 17
2 48 82
2 49 34
2 50 68
2 51 72
2 52 38
2 53 23
2 54 23
2 55 64
2 56 15
2 57 36
2 58 75
2 59 15
2 60 46
2 61 7
2 62 88
2 63 25
2 64 33
2 65 41
2 66 80
2 67 50
2 68 11
2 69 100
2 70 48
2 71 74
2 72 27
2 73 4
2 74 100
2 75 93
2 76 100
2 77 15
2 78 23
2 79 3
2 80 25
2 81 37
2 82 1
2 83 80
2 84 16
2 85 99
2 86 100
2 87 54
2 88 29
3 4 91
3 5 17
3 6 76
3 7 1
3 8 78
3 9 96
3 10 79
3 11 36
3 12 47
3 13 62
3 14 99
3 15 5
3 16 96
3 17 11
3 18 39
3 19 74
3 20 34
3 21 20
3 22 1
3 23 88
3 24 65
3 25 37
3 26 7
3 27 25
3 28 8
3 29 94
3 30 67
3 31 4
3 32 29
3 33 41
3 34 73
3 35 77
3 36 50
3 37 33
3 38 32
3 39 41
3 40 89
3 41 40
3 42 40
3 43 15
3 44 54
3 45 3
3 46 15
3 47 6
3 48 80
3 49 11
3 50 68
3 51 97
3 52 74
3 53 84
3 54 40
3 55 48
3 56 59
3 57 73
3 58 8
3 59 19
3 60 97
3 61 53
3 62 97
3 63 19
3 64 63
3 65 44
3 66 74
3 67 76
3 68 25
3 69 68
3 70 93
3 71 54
3 72 87
3 73 6
3 74 71
3 75 33
3 76 14
3 77 42
3 78 67
3 79 14
3 80 35
3 81 97
3 82 42
3 83 60
3 84 66
3 85 13
3 86 27
3 87 41
3 88 28
4 5 32
4 6 44
4 7 41
4 8 73
4 9 88
4 10 54
4 11 56
4 12 32
4 13 68
4 14 89
4 15 31
4 16 50
4 17 85
4 18 71
4 19 15
4 20 88
4 21 34
4 22 25
4 23 17
4 24 87
4 25 71
4 26 90
4 27 62
4 28 87
4 29 0
4 30 30
4 31 50
4 32 29
4 33 65
4 34 85
4 35 42
4 36 21
4 37 46
4 38 29
4 39 35
4 40 92
4 41 10
4 42 97
4 43 95
4 44 43
4 45 77
4 46 11
4 47 32
4 48 36
4 49 6
4 50 53
4 51 27
4 52 80
4 53 29
4 54 22
4 55 54
4 56 62
4 57 44
4 58 22
4 59 53
4 60 65
4 61 36
4 62 91
4 63 41
4 64 75
4 65 60
4 66 40
4 67 13
4 68 72
4 69 43
4 70 66
4 71 20
4 72 86
4 73 27
4 74 77
4 75 6
4 76 64
4 77 69
4 78 25
4 79 44
4 80 42
4 81 28
4 82 91
4 83 43
4 84 89
4 85 0
4 86 48
4 87 91
4 88 81
5 6 68
5 7 32
5 8 86
5 9 5
5 10 49
5 11 56
5 12 40
5 13 10
5 14 73
5 15 18
5 16 60
5 17 76
5 18 28
5 19 68
5 20 85
5 21 97
5 22 0
5 23 15
5 24 95
5 25 71
5 26 92
5 27 12
5 28 89
5 29 58
5 30 97
5 31 48
5 32 9
5 33 22
5 34 8
5 35 94
5 36 63
5 37 20
5 38 24
5 39 75
5 40 36
5 41 92
5 42 30
5 43 21
5 44 19
5 45 66
5 46 42
5 47 25
5 48 81
5 49 20
5 50 70
5 51 92
5 52 25
5 53 58
5 54 88
5 55 81
5 56 8
5 57 16
5 58 16
5 59 16
5 60 9
5 61 38
5 62 19
5 63 48
5 64 9
5 65 70
5 66 13
5 67 48
5 68 69
5 69 76
5 70 91
5 71 38
5 72 76
5 73 30
5 74 6
5 75 19
5 76 5
5 77 59
5 78 71
5 79 33
5 80 79
5 81 3
5 82 69
5 83 82
5 84 10
5 85 5
5 86 96
5 87 66
5 88 72
6 7 55
6 8 23
6 9 39
6 10 93
6 11 30
6 12 42
6 13 40
6 14 95
6 15 64
6 16 74
6 17 1
6 18 41
6 19 98
6 20 67
6 21 10
6 22 93
6 23 20
6 24 40
6 25 45
6 26 50
6 27 17
6 28 47
6 29 6
6 30 60
6 31 69
6 32 80
6 33 100
6 34 93
6 35 87
6 36 22
6 37 63
6 38 87
6 39 33
6 40 33
6 41 64
6 42 70
6 43 0
6 44 90
6 45 41
6 46 19
6 47 59
6 48 93
6 49 98
6 50 17
6 51 67
6 52 14
6 53 53
6 54 71
6 55 88
6 56 84
6 57 98
6 58 53
6 59 21
6 60 21
6 61 14
6 62 4
6 63 53
6 64 73
6 65 18
6 66 11
6 67 50
6 68 78
6 69 86
6 70 57
6 71 28
6 72 12
6 73 45
6 74 82
6 75 59
6 76 25
6 77 87
6 78 79
6 79 64
6 80 36
6 81 32
6 82 17
6 83 83
6 84 29
6 85 58
6 86 95
6 87 96
6 88 79
7 8 96
7 9 58
7 10 10
7 11 86
7 12 100
7 13 98
7 14 43
7 15 20
7 16 32
7 17 46
7 18 59
7 19 39
7 20 67
7 21 82
7 22 57
7 23 38
7 24 16
7 25 73
7 26 4
7 27 62
7 28 27
7 29 10
7 30 3
7 31 76
7 32 100
7 33 50
7 34 97
7 35 76
7 36 71
7 37 66
7 38 92
7 39 70
7 40 31
7 41 43
7 42 88
7 43 55
7 44 61
7 45 3
7 46 46
7 47 97
7 48 60
7 49 74
7 50 62
7 51 48
7 52 7
7 53 60
7 54 22
7 55 17
7 56 21
7 57 27
7 58 12
7 59 56
7 60 85
7 61 95
7 62 52
7 63 54
7 64 79
7 65 69
7 66 3
7 67 64
7 68 66
7 69 66
7 70 93
7 71 39
7 72 77
7 73 79
7 74 1
7 75 29
7 76 96
7 77 59
7 78 53
7 79 45
7 80 43
7 81 89
7 82 69
7 83 61
7 84 87
7 85 63
7 86 75
7 87 74
7 88 86
8 9 42
8 10 37
8 11 37
8 12 2
8 13 53
8 14 10
8 15 24
8 16 18
8 17 1
8 18 61
8 19 18
8 20 62
8 21 45
8 22 2
8 23 8
8 24 89
8 25 48
8 26 25
8 27 93
8 28 58
8 29 41
8 30 57
8 31 79
8 32 8
8 33 74
8 34 8
8 35 25
8 36 99
8 37 12
8 38 88
8 39 67
8 40 47
8 41 88
8 42 63
8 43 39
8 44 16
8 45 49
8 46 24
8 47 2
8 48 16
8 49 91
8 50 83
8 51 35
8 52 4
8 53 24
8 54 20
8 55 84
8 56 40
8 57 45
8 58 96
8 59 44
8 60 39
8 61 86
8 62 39
8 63 65
8 64 55
8 65 95
8 66 65
8 67 5
8 68 4
8 69 79
8 70 13
8 71 43
8 72 42
8 73 14
8 74 63
8 75 78
8 76 63
8 77 67
8 78 9
8 79 12
8 80 89
8 81 4
8 82 97
8 83 26
8 84 45
8 85 50
8 86 62
8 87 60
8 88 76
9 10 96
9 11 26
9 12 67
9 13 48
9 14 22
9 15 19
9 16 74
9 17 44
9 18 6
9 19 38
9 20 4
9 21 37
9 22 16
9 23 87
9 24 99
9 25 83
9 26 18
9 27 73
9 28 23
9 29 58
9 30 34
9 31 21
9 32 8
9 33 86
9 34 56
9 35 29
9 36 90
9 37 86
9 38 83
9 39 45
9 40 37
9 41 80
9 42 11
9 43 41
9 44 18
9 45 96
9 46 16
9 47 91
9 48 15
9 49 30
9 50 1
9 51 34
9 52 77
9 53 63
9 54 68
9 55 21
9 56 72
9 57 66
9 58 44
9 59 90
9 60 88
9 61 27
9 62 70
9 63 85
9 64 42
9 65 79
9 66 37
9 67 100
9 68 53
9 69 38
9 70 83
9 71 40
9 72 10
9 73 95
9 74 86
9 75 34
9 76 22
9 77 85
9 78 17
9 79 70
9 80 90
9 81 59
9 82 53
9 83 56
9 84 59
9 85 7
9 86 3
9 87 67
9 88 55
10 11 66
10 12 50
10 13 68
10 14 75
10 15 81
10 16 32
10 17 28
10 18 66
10 19 78
10 20 42
10 21 5
10 22 31
10 23 78
10 24 38
10 25 15
10 26 67
10 27 85
10 28 28
10 29 55
10 30 2
10 31 79
10 32 89
10 33 4
10 34 13
10 35 63
10 36 5
10 37 80
10 38 13
10 39 27
10 40 42
10 41 40
10 42 14
10 43 15
10 44 39
10 45 83
10 46 67
10 47 36
10 48 32
10 49 97
10 50 20
10 51 6
10 52 70
10 53 77
10 54 34
10 55 84
10 56 10
10 57 88
10 58 99
10 59 21
10 60 45
10 61 92
10 62 42
10 63 75
10 64 1
10 65 76
10 66 34
10 67 100
10 68 87
10 69 98
10 70 30
10 71 20
10 72 81
10 73 53
10 74 34
10 75 23
10 76 93
10 77 88
10 78 66
10 79 37
10 80 82
10 81 28
10 82 48
10 83 47
10 84 29
10 85 40
10 86 55
10 87 34
10 88 78
11 12 3
11 13 81
11 14 3
11 15 9
11 16 52
11 17 55
11 18 95
11 19 35
11 20 9
11 21 29
11 22 86
11 23 6
11 24 76
11 25 2
11 26 97
11 27 97
11 28 91
11 29 40
11 30 23
11 31 60
11 32 73
11 33 72
11 34 33
11 35 86
11 36 63
11 37 69
11 38 59
11 39 67
11 40 28
11 41 60
11 42 38
11 43 14
11 44 81
11 45 69
11 46 38
11 47 21
11 48 70
11 49 76
11 50 2
11 51 28
11 52 77
11 53 90
11 54 56
11 55 97
11 56 28
11 57 45
11 58 42
11 59 15
11 60 72
11 61 96
11 62 19
11 63 95
11 64 73
11 65 19
11 66 60
11 67 78
11 68 89
11 69 18
11 70 96
11 71 42
11 72 85
11 73 15
11 74 77
11 75 56
11 76 2
11 77 25
11 78 69
11 79 8
11 80 4
11 81 67
11 82 35
11 83 35
11 84 42
11 85 50
11 86 87
11 87 66
11 88 32
12 13 95
12 14 27
12 15 46
12 16 49
12 17 9
12 18 1
12 19 90
12 20 64
12 21 23
12 22 87
12 23 59
12 24 71
12 25 96
12 26 11
12 27 22
12 28 17
12 29 84
12 30 83
12 31 35
12 32 32
12 33 71
12 34 90
12 35 77
12 36 66
12 37 50
12 38 16
12 39 67
12 40 65
12 41 100
12 42 17
12 43 14
12 44 58
12 45 2
12 46 84
12 47 87
12 48 58
12 49 28
12 50 30
12 51 47
12 52 69
12 53 53
12 54 90
12 55 31
12 56 73
12 57 3
12 58 52
12 59 78
12 60 0
12 61 54
12 62 37
12 63 91
12 64 34
12 65 6
12 66 74
12 67 3
12 68 73
12 69 18
12 70 62
12 71 32
12 72 87
12 73 38
12 74 100
12 75 75
12 76 19
12 77 92
12 78 41
12 79 42
12 80 89
12 81 8
12 82 54
12 83 25
12 84 26
12 85 90
12 86 19
12 87 81
12 88 17
13 14 78
13 15 100
13 16 25
13 17 49
13 18 38
13 19 60
13 20 97
13 21 82
13 22 16
13 23 19
13 24 9
13 25 3
13 26 32
13 27 26
13 28 44
13 29 29
13 30 7
13 31 63
13 32 39
13 33 28
13 34 23
13 35 53
13 36 98
13 37 94
13 38 77
13 39 57
13 40 13
13 41 28
13 42 78
13 43 23
13 44 58
13 45 45
13 46 24
13 47 6
13 48 20
13 49 9
13 50 6
13 51 70
13 52 53
13 53 21
13 54 87
13 55 72
13 56 32
13 57 94
13 58 72
13 59 31
13 60 47
13 61 53
13 62 6
13 63 8
13 64 5
13 65 77
13 66 62
13 67 60
13 68 65
13 69 68
13 70 45
13 71 92
13 72 96
13 73 32
13 74 48
13 75 1
13 76 54
13 77 90
13 78 44
13 79 99
13 80 43
13 81 63
13 82 15
13 83 64
13 84 7
13 85 60
13 86 9
13 87 0
13 88 64
14 15 85
14 16 43
14 17 91
14 18 1
14 19 73
14 20 48
14 21 66
14 22 66
14 23 9
14 24 38
14 25 91
14 26 75
14 27 42
14 28 94
14 29 42
14 30 35
14 31 76
14 32 45
14 33 48
14 34 37
14 35 76
14 36 40
14 37 100
14 38 18
14 39 6
14 40 22
14 41 62
14 42 44
14 43 60
14 44 100
14 45 25
14 46 11
14 47 70
14 48 93
14 49 45
14 50 92
14 51 13
14 52 54
14 53 23
14 54 2
14 55 60
14 56 68
14 57 31
14 58 70
14 59 13
14 60 51
14 61 22
14 62 16
14 63 0
14 64 82
14 65 23
14 66 84
14 67 20
14 68 80
14 69 78
14 70 23
14 71 91
14 72 51
14 73 21
14 74 91
14 75 74
14 76 14
14 77 40
14 78 66
14 79 64
14 80 26
14 81 92
14 82 47
14 83 31
14 84 4
14 85 62
14 86 14
14 87 42
14 88 75
15 16 6
15 17 78
15 18 97
15 19 16
15 20 29
15 21 29
15 22 64
15 23 37
15 24 42
15 25 17
15 26 1
15 27 90
15 28 3
15 29 59
15 30 74
15 31 64
15 32 4
15 33 68
15 34 32
15 35 44
15 36 34
15 37 45
15 38 89
15 39 65
15 40 45
15 41 85
15 42 43
15 43 68
15 44 46
15 45 42
15 46 32
15 47 6
15 48 88
15 49 89
15 50 8
15 51 47
15 52 64
15 53 61
15 54 84
15 55 38
15 56 24
15 57 7
15 58 57
15 59 24
15 60 61
15 61 13
15 62 62
15 63 85
15 64 46
15 65 85
15 66 34
15 67 82
15 68 100
15 69 21
15 70 83
15 71 34
15 72 74
15 73 4
15 74 8
15 75 53
15 76 27
15 77 96
15 78 79
15 79 46
15 80 54
15 81 10
15 82 6
15 83 0
15 84 99
15 85 77
15 86 35
15 87 93
15 88 50
16 17 53
16 18 28
16 19 20
16 20 86
16 21 43
16 22 71
16 23 98
16 24 24
16 25 78
16 26 72
16 27 39
16 28 9
16 29 71
16 30 46
16 31 34
16 32 74
16 33 3
16 34 8
16 35 83
16 36 28
16 37 77
16 38 35
16 39 43
16 40 66
16 41 6
16 42 54
16 43 82
16 44 73
16 45 55
16 46 47
16 47 93
16 48 43
16 49 43
16 50 34
16 51 1
16 52 62
16 53 49
16 54 1
16 55 11
16 56 36
16 57 42
16 58 30
16 59 20
16 60 88
16 61 46
16 62 37
16 63 96
16 64 38
16 65 54
16 66 25
16 67 62
16 68 7
16 69 23
16 70 47
16 71 40
16 72 73
16 73 5
16 74 1
16 75 96
16 76 91
16 77 16
16 78 26
16 79 97
16 80 79
16 81 13
16 82 93
16 83 18
16 84 33
16 85 20
16 86 93
16 87 92
16 88 7
17 18 4
17 19 90
17 20 59
17 21 73
17 22 81
17 23 16
17 24 72
17 25 24
17 26 18
17 27 4
17 28 2
17 29 35
17 30 8
17 31 98
17 32 22
17 33 100
17 34 83
17 35 73
17 36 67
17 37 10
17 38 21
17 39 92
17 40 28
17 41 88
17 42 1
17 43 90
17 44 91
17 45 47
17 46 28
17 47 71
17 48 6
17 49 32
17 50 71
17 51 92
17 52 88
17 53 11
17 54 32
17 55 10
17 56 56
17 57 95
17 58 11
17 59 93
17 60 42
17 61 88
17 62 55
17 63 4
17 64 37
17 65 93
17 66 70
17 67 9
17 68 66
17 69 41
17 70 10
17 71 19
17 72 18
17 73 80
17 74 32
17 75 27
17 76 85
17 77 40
17 78 10
17 79 2
17 80 91
17 81 78
17 82 17
17 83 92
17 84 25
17 85 54
17 86 29
17 87 96
17 88 81
18 19 11
18 20 72
18 21 17
18 22 74
18 23 66
18 24 68
18 25 77
18 26 17
18 27 36
18 28 17
18 29 70
18 30 77
18 31 7
18 32 72
18 33 28
18 34 9
18 35 64
18 36 50
18 37 2
18 38 73
18 39 56
18 40 15
18 41 86
18 42 81
18 43 33
18 44 55
18 45 6
18 46 19
18 47 46
18 48 68
18 49 24
18 50 24
18 51 61
18 52 20
18 53 43
18 54 60
18 55 23
18 56 9
18 57 100
18 58 85
18 59 50
18 60 56
18 61 77
18 62 2
18 63 24
18 64 99
18 65 28
18 66 12
18 67 19
18 68 89
18 69 67
18 70 31
18 71 100
18 72 26
18 73 6
18 74 47
18 75 3
18 76 91
18 77 40
18 78 7
18 79 40
18 80 58
18 81 12
18 82 31
18 83 70
18 84 26
18 85 24
18 86 41
18 87 74
18 88 92
19 20 2
19 21 24
19 22 90
19 23 39
19 24 52
19 25 94
19 26 47
19 27 100
19 28 83
19 29 42
19 30 4
19 31 53
19 32 88
19 33 27
19 34 55
19 35 98
19 36 44
19 37 33
19 38 14
19 39 36
19 40 42
19 41 26
19 42 9
19 43 61
19 44 87
19 45 49
19 46 65
19 47 4
19 48 14
19 49 66
19 50 68
19 51 91
19 52 40
19 53 87
19 54 13
19 55 66
19 56 3
19 57 3
19 58 40
19 59 63
19 60 63
19 61 4
19 62 10
19 63 37
19 64 66
19 65 7
19 66 12
19 67 6
19 68 97
19 69 43
19 70 42
19 71 15
19 72 12
19 73 59
19 74 75
19 75 89
19 76 39
19 77 26
19 78 50
19 79 38
19 80 6
19 81 60
19 82 25
19 83 82
19 84 94
19 85 12
19 86 48
19 87 81
19 88 15
20 21 15
20 22 75
20 23 44
20 24 51
20 25 21
20 26 45
20 27 22
20 28 0
20 29 33
20 30 76
20 31 56
20 32 69
20 33 14
20 34 56
20 35 51
20 36 60
20 37 62
20 38 41
20 39 15
20 40 6
20 41 19
20 42 4
20 43 46
20 44 100
20 45 20
20 46 86
20 47 15
20 48 59
20 49 16
20 50 88
20 51 47
20 52 37
20 53 44
20 54 97
20 55 44
20 56 69
20 57 56
20 58 60
20 59 69
20 60 90
20 61 71
20 62 8
20 63 69
20 64 7
20 65 97
20 66 91
20 67 16
20 68 64
20 69 70
20 70 62
20 71 16
20 72 11
20 73 43
20 74 23
20 75 2
20 76 18
20 77 100
20 78 66
20 79 75
20 80 85
20 81 31
20 82 75
20 83 92
20 84 55
20 85 62
20 86 4
20 87 93
20 88 40
21 22 84
21 23 20
21 24 77
21 25 100
21 26 22
21 27 17
21 28 46
21 29 77
21 30 35
21 31 10
21 32 9
21 33 65
21 34 44
21 35 85
21 36 21
21 37 21
21 38 40
21 39 98
21 40 36
21 41 54
21 42 46
21 43 65
21 44 19
21 45 46
21 46 27
21 47 30
21 48 93
21 49 26
21 50 41
21 51 84
21 52 13
21 53 34
21 54 83
21 55 38
21 56 93
21 57 73
21 58 3
21 59 91
21 60 85
21 61 84
21 62 54
21 63 16
21 64 85
21 65 58
21 66 46
21 67 71
21 68 90
21 69 91
21 70 56
21 71 77
21 72 71
21 73 92
21 74 82
21 75 95
21 76 46
21 77 89
21 78 65
21 79 5
21 80 59
21 81 80
21 82 2
21 83 100
21 84 37
21 85 12
21 86 70
21 87 62
21 88 22
22 23 30
22 24 59
22 25 80
22 26 26
22 27 23
22 28 36
22 29 61
22 30 24
22 31 30
22 32 100
22 33 69
22 34 52
22 35 19
22 36 83
22 37 48
22 38 50
22 39 24
22 40 19
22 41 5
22 42 24
22 43 66
22 44 36
22 45 29
22 46 84
22 47 17
22 48 57
22 49 26
22 50 73
22 51 15
22 52 5
22 53 54
22 54 24
22 55 58
22 56 53
22 57 14
22 58 19
22 59 13
22 60 52
22 61 11
22 62 18
22 63 48
22 64 24
22 65 34
22 66 67
22 67 55
22 68 44
22 69 91
22 70 49
22 71 18
22 72 31
22 73 80
22 74 15
22 75 1
22 76 64
22 77 0
22 78 17
22 79 49
22 80 7
22 81 51
22 82 54
22 83 33
22 84 13
22 85 45
22 86 62
22 87 97
22 88 10
23 24 86
23 25 55
23 26 67
23 27 62
23 28 79
23 29 45
23 30 78
23 31 5
23 32 87
23 33 62
23 34 75
23 35 74
23 36 45
23 37 15
23 38 69
23 39 99
23 40 7
23 41 37
23 42 87
23 43 46
23 44 28
23 45 48
23 46 61
23 47 92
23 48 8
23 49 4
23 50 79
23 51 80
23 52 89
23 53 29
23 54 34
23 55 67
23 56 42
23 57 67
23 58 19
23 59 85
23 60 43
23 61 86
23 62 62
23 63 11
23 64 10
23 65 88
23 66 73
23 67 47
23 68 100
23 69 0
23 70 11
23 71 94
23 72 48
23 73 73
23 74 15
23 75 77
23 76 32
23 77 50
23 78 80
23 79 87
23 80 18
23 81 3
23 82 55
23 83 99
23 84 39
23 85 35
23 86 29
23 87 33
23 88 16
24 25 40
24 26 15
24 27 72
24 28 54
24 29 27
24 30 7
24 31 95
24 32 50
24 33 12
24 34 38
24 35 54
24 36 91
24 37 14
24 38 24
24 39 78
24 40 68
24 41 90
24 42 2
24 43 17
24 44 73
24 45 86
24 46 85
24 47 57
24 48 3
24 49 99
24 50 18
24 51 96
24 52 58
24 53 23
24 54 25
24 55 85
24 56 69
24 57 93
24 58 14
24 59 29
24 60 12
24 61 4
24 62 100
24 63 91
24 64 76
24 65 11
24 66 65
24 67 88
24 68 12
24 69 78
24 70 29
24 71 58
24 72 20
24 73 1
24 74 48
24 75 59
24 76 100
24 77 32
24 78 1
24 79 18
24 80 80
24 81 82
24 82 28
24 83 58
24 84 66
24 85 0
24 86 55
24 87 29
24 88 35
25 26 4
25 27 97
25 28 47
25 29 55
25 30 54
25 31 75
25 32 79
25 33 68
25 34 20
25 35 17
25 36 35
25 37 73
25 38 58
25 39 94
25 40 73
25 41 28
25 42 75
25 43 13
25 44 96
25 45 57
25 46 25
25 47 16
25 48 14
25 49 49
25 50 28
25 51 43
25 52 1
25 53 65
25 54 14
25 55 53
25 56 7
25 57 7
25 58 88
25 59 34
25 60 41
25 61 66
25 62 23
25 63 92
25 64 20
25 65 10
25 66 93
25 67 16
25 68 56
25 69 83
25 70 42
25 71 33
25 72 38
25 73 42
25 74 63
25 75 5
25 76 8
25 77 86
25 78 59
25 79 19
25 80 3
25 81 99
25 82 93
25 83 41
25 84 90
25 85 60
25 86 8
25 87 19
25 88 11
26 27 56
26 28 51
26 29 82
26 30 44
26 31 9
26 32 55
26 33 53
26 34 91
26 35 23
26 36 74
26 37 28
26 38 12
26 39 30
26 40 37
26 41 31
26 42 62
26 43 97
26 44 30
26 45 56
26 46 85
26 47 74
26 48 87
26 49 16
26 50 25
26 51 22
26 52 21
26 53 56
26 54 18
26 55 23
26 56 51
26 57 33
26 58 3
26 59 81
26 60 37
26 61 45
26 62 51
26 63 87
26 64 30
26 65 11
26 66 41
26 67 75
26 68 76
26 69 24
26 70 43
26 71 40
26 72 45
26 73 42
26 74 68
26 75 6
26 76 65
26 77 57
26 78 8
26 79 58
26 80 8
26 81 75
26 82 74
26 83 39
26 84 89
26 85 62
26 86 47
26 87 13
26 88 71
27 28 22
27 29 100
27 30 96
27 31 40
27 32 77
27 33 57
27 34 62
27 35 93
27 36 2
27 37 74
27 38 83
27 39 47
27 40 80
27 41 6
27 42 53
27 43 87
27 44 16
27 45 7
27 46 55
27 47 33
27 48 12
27 49 43
27 50 6
27 51 63
27 52 16
27 53 78
27 54 99
27 55 65
27 56 48
27 57 46
27 58 7
27 59 24
27 60 68
27 61 74
27 62 46
27 63 82
27 64 74
27 65 78
27 66 77
27 67 27
27 68 59
27 69 64
27 70 88
27 71 6
27 72 4
27 73 61
27 74 51
27 75 31
27 76 97
27 77 28
27 78 15
27 79 48
27 80 91
27 81 36
27 82 76
27 83 87
27 84 12
27 85 78
27 86 18
27 87 87
27 88 54
28 29 46
28 30 68
28 31 36
28 32 93
28 33 93
28 34 62
28 35 79
28 36 83
28 37 48
28 38 30
28 39 10
28 40 91
28 41 51
28 42 45
28 43 82
28 44 43
28 45 26
28 46 4
28 47 86
28 48 54
28 49 92
28 50 91
28 51 86
28 52 0
28 53 6
28 54 2
28 55 38
28 56 14
28 57 14
28 58 0
28 59 44
28 60 9
28 61 15
28 62 61
28 63 96
28 64 7
28 65 25
28 66 34
28 67 70
28 68 40
28 69 63
28 70 16
28 71 12
28 72 54
28 73 58
28 74 75
28 75 46
28 76 32
28 77 100
28 78 79
28 79 49
28 80 62
28 81 48
28 82 1
28 83 83
28 84 36
28 85 68
28 86 46
28 87 80
28 88 57
29 30 68
29 31 45
29 32 25
29 33 55
29 34 70
29 35 86
29 36 23
29 37 13
29 38 13
29 39 71
29 40 32
29 41 83
29 42 18
29 43 47
29 44 90
29 45 84
29 46 93
29 47 69
29 48 97
29 49 48
29 50 29
29 51 67
29 52 33
29 53 75
29 54 62
29 55 6
29 56 62
29 57 43
29 58 43
29 59 29
29 60 1
29 61 14
29 62 63
29 63 87
29 64 28
29 65 44
29 66 49
29 67 9
29 68 48
29 69 57
29 70 75
29 71 80
29 72 85
29 73 14
29 74 41
29 75 13
29 76 92
29 77 5
29 78 100
29 79 91
29 80 15
29 81 68
29 82 3
29 83 53
29 84 86
29 85 7
29 86 10
29 87 49
29 88 33
30 31 48
30 32 86
30 33 14
30 34 91
30 35 13
30 36 22
30 37 77
30 38 31
30 39 50
30 40 50
30 41 1
30 42 22
30 43 42
30 44 63
30 45 22
30 46 76
30 47 83
30 48 36
30 49 87
30 50 85
30 51 100
30 52 35
30 53 87
30 54 24
30 55 46
30 56 63
30 57 9
30 58 100
30 59 100
30 60 43
30 61 86
30 62 6
30 63 97
30 64 91
30 65 60
30 66 71
30 67 18
30 68 25
30 69 19
30 70 77
30 71 90
30 72 73
30 73 57
30 74 52
30 75 45
30 76 92
30 77 41
30 78 19
30 79 43
30 80 33
30 81 79
30 82 42
30 83 59
30 84 40
30 85 24
30 86 23
30 87 21
30 88 7
31 32 84
31 33 17
31 34 25
31 35 43
31 36 16
31 37 82
31 38 74
31 39 7
31 40 36
31 41 80
31 42 48
31 43 39
31 44 65
31 45 66
31 46 19
31 47 62
31 48 22
31 49 41
31 50 0
31 51 58
31 52 11
31 53 82
31 54 69
31 55 30
31 56 100
31 57 44
31 58 31
31 59 54
31 60 89
31 61 96
31 62 36
31 63 40
31 64 0
31 65 46
31 66 67
31 67 65
31 68 35
31 69 53
31 70 90
31 71 75
31 72 100
31 73 91
31 74 48
31 75 26
31 76 73
31 77 40
31 78 30
31 79 65
31 80 10
31 81 78
31 82 23
31 83 51
31 84 1
31 85 34
31 86 22
31 87 92
31 88 40
32 33 40
32 34 37
32 35 89
32 36 44
32 37 84
32 38 30
32 39 66
32 40 54
32 41 81
32 42 25
32 43 6
32 44 49
32 45 53
32 46 66
32 47 69
32 48 16
32 49 75
32 50 18
32 51 87
32 52 95
32 53 37
32 54 50
32 55 50
32 56 31
32 57 97
32 58 40
32 59 33
32 60 54
32 61 28
32 62 63
32 63 84
32 64 75
32 65 12
32 66 64
32 67 27
32 68 75
32 69 40
32 70 63
32 71 29
32 72 35
32 73 4
32 74 15
32 75 58
32 76 13
32 77 15
32 78 4
32 79 78
32 80 18
32 81 50
32 82 65
32 83 46
32 84 50
32 85 19
32 86 52
32 87 46
32 88 11
33 34 82
33 35 89
33 36 89
33 37 82
33 38 19
33 39 70
33 40 79
33 41 23
33 42 90
33 43 87
33 44 52
33 45 9
33 46 19
33 47 46
33 48 22
33 49 15
33 50 31
33 51 19
33 52 32
33 53 20
33 54 59
33 55 33
33 56 99
33 57 5
33 58 88
33 59 58
33 60 38
33 61 11
33 62 66
33 63 89
33 64 46
33 65 1
33 66 91
33 67 21
33 68 50
33 69 97
33 70 21
33 71 35
33 72 13
33 73 69
33 74 2
33 75 34
33 76 28
33 77 85
33 78 77
33 79 45
33 80 58
33 81 12
33 82 54
33 83 90
33 84 72
33 85 25
33 86 60
33 87 5
33 88 30
34 35 54
34 36 66
34 37 48
34 38 88
34 39 65
34 40 95
34 41 57
34 42 25
34 43 85
34 44 5
34 45 26
34 46 77
34 47 69
34 48 88
34 49 81
34 50 20
34 51 45
34 52 19
34 53 62
34 54 61
34 55 8
34 56 76
34 57 33
34 58 58
34 59 99
34 60 29
34 61 81
34 62 18
34 63 54
34 64 30
34 65 42
34 66 61
34 67 92
34 68 72
34 69 88
34 70 20
34 71 39
34 72 20
34 73 25
34 74 44
34 75 35
34 76 100
34 77 68
34 78 61
34 79 88
34 80 76
34 81 36
34 82 14
34 83 80
34 84 84
34 85 91
34 86 89
34 87 21
34 88 75
35 36 62
35 37 67
35 38 84
35 39 99
35 40 54
35 41 92
35 42 7
35 43 87
35 44 9
35 45 90
35 46 3
35 47 55
35 48 36
35 49 10
35 50 66
35 51 33
35 52 12
35 53 17
35 54 89
35 55 47
35 56 61
35 57 95
35 58 52
35 59 14
35 60 60
35 61 65
35 62 86
35 63 40
35 64 5
35 65 53
35 66 20
35 67 9
35 68 93
35 69 51
35 70 34
35 71 55
35 72 39
35 73 62
35 74 12
35 75 8
35 76 36
35 77 42
35 78 36
35 79 92
35 80 11
35 81 58
35 82 39
35 83 67
35 84 68
35 85 28
35 86 79
35 87 91
35 88 58
36 37 75
36 38 2
36 39 31
36 40 19
36 41 18
36 42 88
36 43 99
36 44 84
36 45 8
36 46 87
36 47 33
36 48 97
36 49 11
36 50 6
36 51 53
36 52 80
36 53 36
36 54 53
36 55 33
36 56 29
36 57 57
36 58 38
36 59 27
36 60 39
36 61 30
36 62 17
36 63 68
36 64 5
36 65 57
36 66 74
36 67 73
36 68 46
36 69 25
36 70 48
36 71 44
36 72 6
36 73 95
36 74 35
36 75 44
36 76 7
36 77 86
36 78 44
36 79 39
36 80 97
36 81 23
36 82 30
36 83 97
36 84 8
36 85 63
36 86 14
36 87 61
36 88 52
37 38 95
37 39 17
37 40 29
37 41 55
37 42 68
37 43 18
37 44 36
37 45 87
37 46 74
37 47 52
37 48 22
37 49 51
37 50 49
37 51 82
37 52 49
37 53 100
37 54 60
37 55 11
37 56 44
37 57 84
37 58 27
37 59 33
37 60 70
37 61 11
37 62 37
37 63 59
37 64 29
37 65 62
37 66 24
37 67 58
37 68 11
37 69 5
37 70 75
37 71 81
37 72 74
37 73 78
37 74 97
37 75 42
37 76 14
37 77 26
37 78 99
37 79 97
37 80 73
37 81 90
37 82 94
37 83 99
37 84 69
37 85 78
37 86 94
37 87 96
37 88 41
38 39 35
38 40 75
38 41 77
38 42 8
38 43 26
38 44 52
38 45 91
38 46 49
38 47 19
38 48 18
38 49 56
38 50 59
38 51 80
38 52 6
38 53 61
38 54 23
38 55 64
38 56 76
38 57 81
38 58 90
38 59 38
38 60 9
38 61 24
38 62 64
38 63 33
38 64 100
38 65 61
38 66 93
38 67 78
38 68 51
38 69 2
38 70 81
38 71 63
38 72 13
38 73 72
38 74 14
38 75 53
38 76 87
38 77 93
38 78 17
38 79 81
38 80 78
38 81 32
38 82 0
38 83 47
38 84 11
38 85 12
38 86 11
38 87 5
38 88 1
39 40 57
39 41 12
39 42 30
39 43 25
39 44 74
39 45 96
39 46 48
39 47 74
39 48 68
39 49 97
39 50 11
39 51 72
39 52 37
39 53 84
39 54 92
39 55 37
39 56 17
39 57 49
39 58 30
39 59 40
39 60 56
39 61 57
39 62 92
39 63 71
39 64 74
39 65 34
39 66 80
39 67 5
39 68 54
39 69 25
39 70 8
39 71 20
39 72 58
39 73 75
39 74 94
39 75 90
39 76 11
39 77 12
39 78 51
39 79 55
39 80 7
39 81 32
39 82 80
39 83 23
39 84 97
39 85 100
39 86 37
39 87 57
39 88 28
40 41 84
40 42 25
40 43 91
40 44 0
40 45 10
40 46 24
40 47 67
40 48 98
40 49 80
40 50 43
40 51 60
40 52 15
40 53 96
40 54 50
40 55 0
40 56 43
40 57 74
40 58 33
40 59 55
40 60 66
40 61 0
40 62 80
40 63 20
40 64 95
40 65 12
40 66 65
40 67 4
40 68 55
40 69 90
40 70 20
40 71 80
40 72 67
40 73 70
40 74 2
40 75 30
40 76 15
40 77 66
40 78 84
40 79 98
40 80 77
40 81 96
40 82 18
40 83 98
40 84 41
40 85 84
40 86 47
40 87 81
40 88 77
41 42 37
41 43 65
41 44 63
41 45 15
41 46 29
41 47 4
41 48 90
41 49 43
41 50 14
41 51 74
41 52 95
41 53 47
41 54 11
41 55 26
41 56 7
41 57 39
41 58 92
41 59 3
41 60 91
41 61 24
41 62 70
41 63 14
41 64 87
41 65 81
41 66 85
41 67 40
41 68 35
41 69 21
41 70 10
41 71 48
41 72 28
41 73 97
41 74 54
41 75 35
41 76 62
41 77 37
41 78 87
41 79 60
41 80 76
41 81 21
41 82 59
41 83 71
41 84 85
41 85 52
41 86 97
41 87 90
41 88 19
42 43 14
42 44 74
42 45 79
42 46 3
42 47 11
42 48 33
42 49 5
42 50 86
42 51 26
42 52 0
42 53 78
42 54 95
42 55 9
42 56 22
42 57 34
42 58 11
42 59 37
42 60 2
42 61 98
42 62 53
42 63 64
42 64 41
42 65 71
42 66 84
42 67 57
42 68 49
42 69 12
42 70 95
42 71 9
42 72 63
42 73 48
42 74 94
42 75 23
42 76 45
42 77 75
42 78 13
42 79 81
42 80 22
42 81 42
42 82 93
42 83 31
42 84 91
42 85 68
42 86 60
42 87 33
42 88 38
43 44 64
43 45 67
43 46 5
43 47 71
43 48 30
43 49 0
43 50 79
43 51 82
43 52 53
43 53 98
43 54 29
43 55 24
43 56 25
43 57 99
43 58 96
43 59 35
43 60 21
43 61 76
43 62 22
43 63 29
43 64 69
43 65 26
43 66 43
43 67 60
43 68 3
43 69 27
43 70 26
43 71 80
43 72 69
43 73 28
43 74 15
43 75 46
43 76 49
43 77 37
43 78 55
43 79 46
43 80 97
43 81 18
43 82 43
43 83 48
43 84 67
43 85 100
43 86 5
43 87 29
43 88 51
44 45 55
44 46 20
44 47 39
44 48 59
44 49 86
44 50 62
44 51 0
44 52 58
44 53 54
44 54 34
44 55 46
44 56 84
44 57 85
44 58 30
44 59 80
44 60 25
44 61 35
44 62 55
44 63 22
44 64 82
44 65 58
44 66 0
44 67 4
44 68 38
44 69 21
44 70 58
44 71 55
44 72 27
44 73 71
44 74 75
44 75 54
44 76 55
44 77 37
44 78 32
44 79 54
44 80 13
44 81 15
44 82 67
44 83 40
44 84 74
44 85 16
44 86 96
44 87 71
44 88 58
45 46 32
45 47 21
45 48 45
45 49 8
45 50 33
45 51 29
45 52 92
45 53 9
45 54 44
45 55 72
45 56 0
45 57 51
45 58 30
45 59 8
45 60 31
45 61 61
45 62 12
45 63 24
45 64 28
45 65 2
45 66 88
45 67 87
45 68 82
45 69 65
45 70 47
45 71 58
45 72 91
45 73 98
45 74 100
45 75 48
45 76 55
45 77 9
45 78 66
45 79 25
45 80 39
45 81 41
45 82 13
45 83 14
45 84 53
45 85 97
45 86 54
45 87 84
45 88 72
46 47 9
46 48 97
46 49 16
46 50 82
46 51 84
46 52 0
46 53 83
46 54 45
46 55 18
46 56 36
46 57 46
46 58 27
46 59 50
46 60 96
46 61 79
46 62 55
46 63 48
46 64 86
46 65 57
46 66 35
46 67 28
46 68 71
46 69 3
46 70 100
46 71 72
46 72 14
46 73 25
46 74 59
46 75 82
46 76 7
46 77 35
46 78 51
46 79 13
46 80 53
46 81 90
46 82 18
46 83 86
46 84 51
46 85 26
46 86 89
46 87 34
46 88 71
47 48 48
47 49 10
47 50 42
47 51 21
47 52 71
47 53 37
47 54 3
47 55 18
47 56 45
47 57 82
47 58 53
47 59 23
47 60 41
47 61 34
47 62 73
47 63 64
47 64 32
47 65 93
47 66 89
47 67 64
47 68 58
47 69 80
47 70 11
47 71 60
47 72 48
47 73 91
47 74 5
47 75 23
47 76 35
47 77 78
47 78 14
47 79 84
47 80 62
47 81 27
47 82 79
47 83 75
47 84 47
47 85 31
47 86 4
47 87 61
47 88 74
48 49 73
48 50 94
48 51 84
48 52 14
48 53 31
48 54 21
48 55 65
48 56 74
48 57 30
48 58 91
48 59 88
48 60 61
48 61 30
48 62 44
48 63 67
48 64 95
48 65 61
48 66 93
48 67 86
48 68 65
48 69 97
48 70 82
48 71 67
48 72 49
48 73 42
48 74 78
48 75 56
48 76 42
48 77 67
48 78 100
48 79 41
48 80 49
48 81 32
48 82 86
48 83 81
48 84 17
48 85 58
48 86 89
48 87 2
48 88 91
49 50 10
49 51 29
49 52 24
49 53 35
49 54 70
49 55 56
49 56 25
49 57 76
49 58 2
49 59 46
49 60 10
49 61 58
49 62 50
49 63 51
49 64 26
49 65 15
49 66 50
49 67 63
49 68 56
49 69 1
49 70 61
49 71 15
49 72 63
49 73 85
49 74 2
49 75 63
49 76 98
49 77 64
49 78 8
49 79 34
49 80 38
49 81 58
49 82 66
49 83 31
49 84 46
49 85 94
49 86 15
49 87 97
49 88 51
50 51 46
50 52 45
50 53 98
50 54 34
50 55 38
50 56 92
50 57 47
50 58 13
50 59 43
50 60 54
50 61 99
50 62 98
50 63 88
50 64 43
50 65 60
50 66 59
50 67 85
50 68 3
50 69 39
50 70 62
50 71 36
50 72 32
50 73 27
50 74 13
50 75 37
50 76 58
50 77 75
50 78 28
50 79 0
50 80 52
50 81 38
50 82 48
50 83 56
50 84 24
50 85 13
50 86 59
50 87 38
50 88 61
51 52 11
51 53 25
51 54 99
51 55 91
51 56 51
51 57 95
51 58 42
51 59 76
51 60 40
51 61 88
51 62 74
51 63 73
51 64 6
51 65 44
51 66 38
51 67 98
51 68 95
51 69 43
51 70 66
51 71 7
51 72 73
51 73 88
51 74 71
51 75 89
51 76 78
51 77 36
51 78 65
51 79 27
51 80 9
51 81 19
51 82 33
51 83 90
51 84 5
51 85 25
51 86 33
51 87 47
51 88 75
52 53 19
52 54 2
52 55 69
52 56 57
52 57 51
52 58 30
52 59 76
52 60 19
52 61 74
52 62 78
52 63 10
52 64 73
52 65 91
52 66 6
52 67 75
52 68 68
52 69 42
52 70 57
52 71 56
52 72 55
52 73 34
52 74 33
52 75 5
52 76 40
52 77 91
52 78 19
52 79 71
52 80 44
52 81 86
52 82 51
52 83 77
52 84 90
52 85 62
52 86 23
52 87 61
52 88 49
53 54 60
53 55 83
53 56 13
53 57 92
53 58 87
53 59 31
53 60 43
53 61 24
53 62 59
53 63 67
53 64 40
53 65 96
53 66 98
53 67 38
53 68 14
53 69 26
53 70 97
53 71 74
53 72 9
53 73 38
53 74 81
53 75 53
53 76 7
53 77 23
53 78 56
53 79 80
53 80 39
53 81 9
53 82 4
53 83 77
53 84 21
53 85 64
53 86 16
53 87 61
53 88 100
54 55 74
54 56 70
54 57 12
54 58 80
54 59 55
54 60 45
54 61 51
54 62 76
54 63 17
54 64 21
54 65 51
54 66 78
54 67 62
54 68 90
54 69 39
54 70 70
54 71 29
54 72 11
54 73 95
54 74 51
54 75 87
54 76 60
54 77 90
54 78 41
54 79 63
54 80 35
54 81 97
54 82 78
54 83 79
54 84 31
54 85 68
54 86 60
54 87 73
54 88 7
55 56 30
55 57 88
55 58 84
55 59 100
55 60 31
55 61 26
55 62 6
55 63 94
55 64 98
55 65 22
55 66 40
55 67 67
55 68 30
55 69 58
55 70 96
55 71 79
55 72 12
55 73 65
55 74 16
55 75 7
55 76 99
55 77 57
55 78 44
55 79 12
55 80 2
55 81 12
55 82 66
55 83 38
55 84 93
55 85 82
55 86 38
55 87 34
55 88 34
56 57 91
56 58 95
56 59 50
56 60 85
56 61 100
56 62 58
56 63 11
56 64 76
56 65 99
56 66 39
56 67 98
56 68 56
56 69 90
56 70 94
56 71 4
56 72 83
56 73 96
56 74 69
56 75 6
56 76 6
56 77 97
56 78 14
56 79 80
56 80 34
56 81 96
56 82 45
56 83 35
56 84 60
56 85 14
56 86 59
56 87 100
56 88 55
57 58 44
57 59 50
57 60 53
57 61 13
57 62 18
57 63 100
57 64 20
57 65 46
57 66 33
57 67 65
57 68 8
57 69 3
57 70 92
57 71 95
57 72 37
57 73 29
57 74 15
57 75 78
57 76 43
57 77 83
57 78 99
57 79 97
57 80 36
57 81 78
57 82 88
57 83 99
57 84 29
57 85 84
57 86 0
57 87 87
57 88 1
58 59 61
58 60 23
58 61 13
58 62 65
58 63 96
58 64 84
58 65 19
58 66 76
58 67 19
58 68 35
58 69 99
58 70 11
58 71 86
58 72 47
58 73 0
58 74 59
58 75 93
58 76 86
58 77 97
58 78 55
58 79 77
58 80 10
58 81 80
58 82 87
58 83 59
58 84 30
58 85 57
58 86 71
58 87 78
58 88 16
59 60 72
59 61 30
59 62 16
59 63 66
59 64 20
59 65 75
59 66 83
59 67 30
59 68 42
59 69 28
59 70 37
59 71 95
59 72 84
59 73 11
59 74 50
59 75 93
59 76 26
59 77 35
59 78 58
59 79 98
59 80 56
59 81 49
59 82 10
59 83 28
59 84 11
59 85 21
59 86 23
59 87 30
59 88 53
60 61 28
60 62 55
60 63 7
60 64 57
60 65 97
60 66 52
60 67 26
60 68 0
60 69 93
60 70 56
60 71 58
60 72 67
60 73 98
60 74 34
60 75 11
60 76 40
60 77 16
60 78 47
60 79 14
60 80 97
60 81 62
60 82 19
60 83 82
60 84 52
60 85 38
60 86 57
60 87 80
60 88 52
61 62 57
61 63 43
61 64 70
61 65 7
61 66 0
61 67 34
61 68 79
61 69 93
61 70 13
61 71 44
61 72 74
61 73 21
61 74 26
61 75 74
61 76 23
61 77 37
61 78 85
61 79 65
61 80 94
61 81 53
61 82 62
61 83 96
61 84 25
61 85 68
61 86 50
61 87 31
61 88 3
62 63 3
62 64 15
62 65 70
62 66 71
62 67 83
62 68 86
62 69 64
62 70 6
62 71 100
62 72 71
62 73 17
62 74 52
62 75 28
62 76 5
62 77 54
62 78 76
62 79 14
62 80 6
62 81 0
62 82 54
62 83 70
62 84 60
62 85 31
62 86 81
62 87 59
62 88 12
63 64 29
63 65 73
63 66 94
63 67 80
63 68 63
63 69 40
63 70 92
63 71 15
63 72 97
63 73 45
63 74 93
63 75 73
63 76 57
63 77 30
63 78 35
63 79 39
63 80 76
63 81 79
63 82 4
63 83 47
63 84 24
63 85 18
63 86 76
63 87 94
63 88 24
64 65 18
64 66 36
64 67 16
64 68 88
64 69 61
64 70 33
64 71 17
64 72 53
64 73 40
64 74 3
64 75 76
64 76 86
64 77 40
64 78 7
64 79 1
64 80 82
64 81 90
64 82 90
64 83 23
64 84 39
64 85 100
64 86 45
64 87 96
64 88 60
65 66 49
65 67 32
65 68 28
65 69 61
65 70 2
65 71 79
65 72 13
65 73 39
65 74 41
65 75 90
65 76 67
65 77 80
65 78 72
65 79 16
65 80 67
65 81 31
65 82 30
65 83 55
65 84 94
65 85 69
65 86 61
65 87 99
65 88 5
66 67 19
66 68 0
66 69 62
66 70 59
66 71 0
66 72 20
66 73 21
66 74 54
66 75 46
66 76 99
66 77 49
66 78 39
66 79 10
66 80 16
66 81 51
66 82 36
66 83 76
66 84 8
66 85 67
66 86 73
66 87 31
66 88 33
67 68 48
67 69 41
67 70 64
67 71 57
67 72 59
67 73 21
67 74 23
67 75 22
67 76 50
67 77 53
67 78 60
67 79 35
67 80 30
67 81 9
67 82 35
67 83 78
67 84 37
67 85 82
67 86 30
67 87 67
67 88 86
68 69 13
68 70 85
68 71 66
68 72 29
68 73 23
68 74 18
68 75 85
68 76 92
68 77 45
68 78 93
68 79 52
68 80 53
68 81 81
68 82 84
68 83 6
68 84 6
68 85 72
68 86 37
68 87 49
68 88 50
69 70 24
69 71 45
69 72 8
69 73 79
69 74 40
69 75 12
69 76 43
69 77 4
69 78 27
69 79 3
69 80 36
69 81 28
69 82 13
69 83 30
69 84 9
69 85 97
69 86 41
69 87 4
69 88 55
70 71 78
70 72 7
70 73 75
70 74 12
70 75 78
70 76 15
70 77 38
70 78 76
70 79 4
70 80 22
70 81 16
70 82 65
70 83 4
70 84 16
70 85 32
70 86 48
70 87 26
70 88 67
71 72 31
71 73 72
71 74 30
71 75 20
71 76 14
71 77 50
71 78 97
71 79 67
71 80 2
71 81 61
71 82 27
71 83 45
71 84 30
71 85 62
71 86 11
71 87 97
71 88 95
72 73 87
72 74 87
72 75 27
72 76 25
72 77 88
72 78 99
72 79 99
72 80 99
72 81 30
72 82 20
72 83 87
72 84 100
72 85 10
72 86 79
72 87 1
72 88 78
73 74 41
73 75 53
73 76 71
73 77 79
73 78 39
73 79 98
73 80 69
73 81 88
73 82 63
73 83 62
73 84 18
73 85 13
73 86 48
73 87 64
73 88 15
74 75 78
74 76 44
74 77 65
74 78 64
74 79 65
74 80 27
74 81 23
74 82 68
74 83 49
74 84 84
74 85 30
74 86 47
74 87 77
74 88 52
75 76 22
75 77 5
75 78 13
75 79 10
75 80 99
75 81 14
75 82 47
75 83 45
75 84 96
75 85 91
75 86 93
75 87 17
75 88 51
76 77 4
76 78 99
76 79 17
76 80 82
76 81 17
76 82 17
76 83 97
76 84 40
76 85 21
76 86 43
76 87 68
76 88 62
77 78 92
77 79 77
77 80 31
77 81 97
77 82 1
77 83 25
77 84 97
77 85 94
77 86 25
77 87 73
77 88 90
78 79 44
78 80 60
78 81 23
78 82 29
78 83 29
78 84 5
78 85 4
78 86 98
78 87 48
78 88 79
79 80 35
79 81 63
79 82 53
79 83 46
79 84 32
79 85 13
79 86 12
79 87 98
79 88 96
80 81 77
80 82 88
80 83 26
80 84 55
80 85 13
80 86 69
80 87 65
80 88 44
81 82 4
81 83 26
81 84 58
81 85 68
81 86 75
81 87 38
81 88 79
82 83 57
82 84 42
82 85 28
82 86 44
82 87 37
82 88 79
83 84 84
83 85 66
83 86 37
83 87 32
83 88 81
84 85 37
84 86 63
84 87 68
84 88 95
85 86 81
85 87 41
85 88 98
86 87 21
86 88 49
87 88 8
