96 48
0 1 69
0 2 84
0 3 81
0 4 91
0 5 64
0 6 61
0 7 67
0 8 48
0 9 90
0 10 61
0 11 14
0 12 60
0 13 64
0 14 68
0 15 21
0 16 82
0 17 45
0 18 95
0 19 55
0 20 41
0 21 30
0 22 95
0 23 50
0 24 94
0 25 24
0 26 4
0 27 100
0 28 65
0 29 67
0 30 2
0 31 83
0 32 65
0 33 15
0 34 74
0 35 83
0 36 52
0 37 59
0 38 85
0 39 60
0 40 12
0 41 16
0 42 86
0 43 88
0 44 91
0 45 13
0 46 79
0 47 17
0 48 53
0 49 11
0 50 54
0 51 46
0 52 62
0 53 10
0 54 18
0 55 85
0 56 57
0 57 20
0 58 84
0 59 88
0 60 63
0 61 38
0 62 68
0 63 90
0 64 64
0 65 52
0 66 9
0 67 63
0 68 56
0 69 76
0 70 71
0 71 16
0 72 53
0 73 45
0 74 87
0 75 79
0 76 59
0 77 94
0 78 53
0 79 13
0 80 4
0 81 89
0 82 21
0 83 57
0 84 64
0 85 79
0 86 87
0 87 9
0 88 85
0 89 12
0 90 40
0 91 69
0 92 15
0 93 56
0 94 33
0 95 100
1 2 56
1 3 73
1 4 44
1 5 20
1 6 51
1 7 84
1 8 44
1 9 96
1 10 87
1 11 48
1 12 85
1 13 69
1 14 39
1 15 33
1 16 14
1 17 94
1 18 86
1 19 19
1 20 85
1 21 56
1 22 71
1 23 32
1 24 86
1 25 0
1 26 58
1 27 37
1 28 47
1 29 72
1 30 26
1 31 58
1 32 91
1 33 34
1 34 78
1 35 74
1 36 59
1 37 3
1 38 8
1 39 41
1 40 2
1 41 96
1 42 69
1 43 98
1 44 65
1 45 53
1 46 30
1 47 9
1 48 41
1 49 72
1 50 77
1 51 47
1 52 42
1 53 73
1 54 41
1 55 37
1 56 56
1 57 76
1 58 31
1 59 42
1 60 42
1 61 4
1 62 34
1 63 28
1 64 16
1 65 61
1 66 68
1 67 76
1 68 4
1 69 30
1 70 78
1 71 42
1 72 64
1 73 74
1 74 0
1 75 60
1 76 60
1 77 93
1 78 12
1 79 43
1 80 41
1 81 69
1 82 15
1 83 29
1 84 43
1 85 60
1 86 81
1 87 55
1 88 27
1 89 38
1 90 51
1 91 86
1 92 74
1 93 76
1 94 93
1 95 0
2 3 76
2 4 90
2 5 32
2 6 33
2 7 57
2 8 40
2 9 62
2 10 9
2 11 72
2 12 56
2 13 96
2 14 57
2 15 84
2 16 32
2 17 20
2 18 68
2 19 85
2 20 75
2 21 92
2 22 44
2 23 94
2 24 76
2 25 64
2 26 18
2 27 66
2 28 7
2 29 62
2 30 99
2 31 12
2 32 6
2 33 48
2 34 38
2 35 1
2 36 29
2 37 31
2 38 56
2 39 35
2 40 12
2 41 79
2 42 46
2 43 93
2 44 21
2 45 73
2 46 0
2 47 92
2 48 76
2 49 80
2 50 30
2 51 21
2 52 17
2 53 86
2 54 65
2 55 25
2 56 83
2 57 93
2 58 93
2 59 69
2 60 3
2 61 45
2 62 13
2 63 44
2 64 93
2 65 23
2 66 74
2 67 51
2 68 94
2 69 68
2 70 36
2 71 79
2 72 0
2 73 34
2 74 47
2 75 71
2 76 25
2 77 90
2 78 20
2 79 69
2 80 69
2 81 94
2 82 24
2 83 20
2 84 35
2 85 41
2 86 22
2 87 6
2 88 3
2 89 40
2 90 40
2 91 37
2 92 64
2 93 13
2 94 53
2 95 39
3 4 0
3 5 10
3 6 77
3 7 48
3 8 86
3 9 97
3 10 46
3 11 42
3 12 85
3 13 30
3 14 67
3 15 100
3 16 42
3 17 24
3 18 5
3 19 0
3 20 24
3 21 80
3 22 90
3 23 95
3 24 28
3 25 55
3 26 98
3 27 38
3 28 65
3 29 94
3 30 61
3 31 8
3 32 53
3 33 92
3 34 86
3 35 30
3 36 89
3 37 42
3 38 80
3 39 44
3 40 14
3 41 57
3 42 48
3 43 88
3 44 38
3 45 95
3 46 90
3 47 7
3 48 85
3 49 11
3 50 44
3 51 63
3 52 59
3 53 36
3 54 14
3 55 92
3 56 28
3 57 11
3 58 17
3 59 3
3 60 65
3 61 40
3 62 10
3 63 36
3 64 84
3 65 16
3 66 54
3 67 37
3 68 65
3 69 81
3 70 54
3 71 39
3 72 89
3 73 70
3 74 44
3 75 77
3 76 54
3 77 63
3 78 21
3 79 91
3 80 55
3 81 65
3 82 7
3 83 62
3 84 16
3 85 95
3 86 93
3 87 56
3 88 1
3 89 8
3 90 33
3 91 70
3 92 90
3 93 63
3 94 64
3 95 71
4 5 30
4 6 18
4 7 94
4 8 23
4 9 54
4 10 38
4 11 27
4 12 13
4 13 85
4 14 5
4 15 70
4 16 42
4 17 5
4 18 0
4 19 42
4 20 54
4 21 47
4 22 37
4 23 2
4 24 8
4 25 41
4 26 100
4 27 0
4 28 51
4 29 55
4 30 47
4 31 12
4 32 64
4 33 9
4 34 97
4 35 6
4 36 33
4 37 66
4 38 80
4 39 25
4 40 53
4 41 20
4 42 96
4 43 25
4 44 26
4 45 32
4 46 93
4 47 36
4 48 74
4 49 17
4 50 45
4 51 29
4 52 95
4 53 99
4 54 57
4 55 68
4 56 55
4 57 18
4 58 99
4 59 93
4 60 24
4 61 5
4 62 4
4 63 22
4 64 42
4 65 96
4 66 20
4 67 38
4 68 89
4 69 23
4 70 57
4 71 69
4 72 4
4 73 81
4 74 25
4 75 19
4 76 37
4 77 72
4 78 78
4 79 7
4 80 29
4 81 74
4 82 15
4 83 52
4 84 16
4 85 18
4 86 18
4 87 2
4 88 47
4 89 91
4 90 88
4 91 63
4 92 69
4 93 83
4 94 27
4 95 25
5 6 68
5 7 19
5 8 20
5 9 61
5 10 55
5 11 76
5 12 42
5 13 33
5 14 67
5 15 20
5 16 82
5 17 43
5 18 22
5 19 58
5 20 48
5 21 43
5 22 45
5 23 51
5 24 18
5 25 93
5 26 10
5 27 37
5 28 13
5 29 26
5 30 53
5 31 0
5 32 39
5 33 23
5 34 84
5 35 3
5 36 17
5 37 19
5 38 7
5 39 5
5 40 35
5 41 73
5 42 96
5 43 27
5 44 4
5 45 17
5 46 86
5 47 83
5 48 28
5 49 57
5 50 52
5 51 56
5 52 94
5 53 32
5 54 4
5 55 63
5 56 18
5 57 96
5 58 87
5 59 39
5 60 89
5 61 73
5 62 14
5 63 46
5 64 46
5 65 71
5 66 88
5 67 40
5 68 97
5 69 21
5 70 61
5 71 18
5 72 81
5 73 82
5 74 95
5 75 7
5 76 29
5 77 34
5 78 40
5 79 28
5 80 97
5 81 87
5 82 28
5 83 33
5 84 59
5 85 53
5 86 97
5 87 30
5 88 12
5 89 3
5 90 10
5 91 25
5 92 55
5 93 46
5 94 22
5 95 1
6 7 0
6 8 29
6 9 25
6 10 71
6 11 42
6 12 94
6 13 70
6 14 84
6 15 86
6 16 86
6 17 52
6 18 26
6 19 84
6 20 57
6 21 73
6 22 82
6 23 11
6 24 18
6 25 9
6 26 42
6 27 33
6 28 35
6 29 83
6 30 60
6 31 1
6 32 81
6 33 12
6 34 97
6 35 21
6 36 95
6 37 0
6 38 46
6 39 26
6 40 66
6 41 44
6 42 35
6 43 1
6 44 80
6 45 21
6 46 78
6 47 37
6 48 52
6 49 37
6 50 33
6 51 68
6 52 24
6 53 76
6 54 23
6 55 61
6 56 80
6 57 27
6 58 28
6 59 68
6 60 92
6 61 14
6 62 17
6 63 48
6 64 89
6 65 2
6 66 23
6 67 26
6 68 44
6 69 40
6 70 52
6 71 44
6 72 7
6 73 22
6 74 62
6 75 16
6 76 62
6 77 45
6 78 99
6 79 52
6 80 97
6 81 98
6 82 4
6 83 18
6 84 80
6 85 76
6 86 84
6 87 18
6 88 84
6 89 33
6 90 92
6 91 32
6 92 54
6 93 24
6 94 58
6 95 16
7 8 16
7 9 45
7 10 40
7 11 49
7 12 35
7 13 42
7 14 95
7 15 83
7 16 92
7 17 58
7 18 31
7 19 34
7 20 91
7 21 41
7 22 0
7 23 48
7 24 72
7 25 45
7 26 26
7 27 86
7 28 39
7 29 73
7 30 47
7 31 48
7 32 70
7 33 24
7 34 21
7 35 38
7 36 94
7 37 84
7 38 42
7 39 40
7 40 20
7 41 44
7 42 75
7 43 46
7 44 6
7 45 79
7 46 22
7 47 17
7 48 20
7 49 36
7 50 15
7 51 89
7 52 45
7 53 81
7 54 17
7 55 28
7 56 85
7 57 42
7 58 73
7 59 32
7 60 86
7 61 68
7 62 95
7 63 40
7 64 62
7 65 48
7 66 22
7 67 27
7 68 40
7 69 13
7 70 68
7 71 58
7 72 48
7 73 53
7 74 1
7 75 30
7 76 32
7 77 55
7 78 86
7 79 92
7 80 34
7 81 89
7 82 66
7 83 14
7 84 54
7 85 34
7 86 5
7 87 71
7 88 44
7 89 33
7 90 86
7 91 50
7 92 2
7 93 54
7 94 30
7 95 89
8 9 12
8 10 30
8 11 54
8 12 27
8 13 94
8 14 8
8 15 19
8 16 15
8 17 86
8 18 25
8 19 14
8 20 57
8 21 66
8 22 80
8 23 2
8 24 14
8 25 56
8 26 56
8 27 63
8 28 72
8 29 38
8 30 4
8 31 33
8 32 32
8 33 26
8 34 20
8 35 85
8 36 66
8 37 44
8 38 56
8 39 0
8 40 31
8 41 29
8 42 47
8 43 46
8 44 36
8 45 89
8 46 75
8 47 78
8 48 14
8 49 74
8 50 16
8 51 73
8 52 76
8 53 69
8 54 29
8 55 75
8 56 99
8 57 81
8 58 46
8 59 41
8 60 80
8 61 54
8 62 12
8 63 31
8 64 89
8 65 68
8 66 95
8 67 91
8 68 44
8 69 63
8 70 4
8 71 12
8 72 99
8 73 59
8 74 13
8 75 53
8 76 83
8 77 8
8 78 23
8 79 8
8 80 6
8 81 30
8 82 3
8 83 100
8 84 19
8 85 48
8 86 48
8 87 96
8 88 94
8 89 50
8 90 1
8 91 58
8 92 74
8 93 98
8 94 83
8 95 31
9 10 12
9 11 95
9 12 69
9 13 28
9 14 22
9 15 7
9 16 89
9 17 23
9 18 57
9 19 47
9 20 60
9 21 31
9 22 24
9 23 79
9 24 70
9 25 12
9 26 90
9 27 33
9 28 72
9 29 54
9 30 55
9 31 14
9 32 32
9 33 15
9 34 71
9 35 76
9 36 25
9 37 90
9 38 67
9 39 95
9 40 43
9 41 47
9 42 29
9 43 70
9 44 60
9 45 23
9 46 51
9 47 63
9 48 14
9 49 17
9 50 84
9 51 93
9 52 32
9 53 38
9 54 75
9 55 69
9 56 1
9 57 1
9 58 25
9 59 1
9 60 89
9 61 32
9 62 38
9 63 81
9 64 7
9 65 61
9 66 88
9 67 27
9 68 40
9 69 64
9 70 68
9 71 89
9 72 72
9 73 27
9 74 88
9 75 55
9 76 39
9 77 58
9 78 62
9 79 87
9 80 89
9 81 16
9 82 96
9 83 83
9 84 79
9 85 26
9 86 8
9 87 56
9 88 45
9 89 13
9 90 20
9 91 84
9 92 80
9 93 16
9 94 55
9 95 99
10 11 65
10 12 51
10 13 86
10 14 43
10 15 25
10 16 38
10 17 30
10 18 74
10 19 39
10 20 31
10 21 10
10 22 13
10 23 5
10 24 96
10 25 15
10 26 0
10 27 1
10 28 82
10 29 51
10 30 6
10 31 34
10 32 56
10 33 40
10 34 34
10 35 20
10 36 80
10 37 33
10 38 83
10 39 62
10 40 59
10 41 18
10 42 56
10 43 64
10 44 96
10 45 77
10 46 95
10 47 57
10 48 81
10 49 86
10 50 78
10 51 29
10 52 9
10 53 83
10 54 22
10 55 82
10 56 36
10 57 38
10 58 68
10 59 64
10 60 11
10 61 91
10 62 28
10 63 50
10 64 36
10 65 9
10 66 61
10 67 60
10 68 28
10 69 52
10 70 93
10 71 1
10 72 5
10 73 51
10 74 14
10 75 74
10 76 8
10 77 15
10 78 71
10 79 4
10 80 2
10 81 46
10 82 97
10 83 17
10 84 66
10 85 83
10 86 63
10 87 34
10 88 0
10 89 55
10 90 91
10 91 61
10 92 83
10 93 44
10 94 28
10 95 59
11 12 24
11 13 47
11 14 85
11 15 75
11 16 18
11 17 50
11 18 54
11 19 64
11 20 16
11 21 8
11 22 61
11 23 1
11 24 40
11 25 77
11 26 41
11 27 72
11 28 50
11 29 1
11 30 45
11 31 24
11 32 81
11 33 16
11 34 64
11 35 19
11 36 55
11 37 20
11 38 24
11 39 74
11 40 100
11 41 17
11 42 72
11 43 7
11 44 95
11 45 26
11 46 77
11 47 74
11 48 10
11 49 11
11 50 97
11 51 53
11 52 50
11 53 99
11 54 3
11 55 78
11 56 28
11 57 69
11 58 83
11 59 72
11 60 15
11 61 16
11 62 68
11 63 99
11 64 70
11 65 28
11 66 14
11 67 10
11 68 38
11 69 100
11 70 74
11 71 47
11 72 81
11 73 56
11 74 70
11 75 88
11 76 56
11 77 6
11 78 35
11 79 44
11 80 29
11 81 48
11 82 78
11 83 49
11 84 60
11 85 21
11 86 87
11 87 4
11 88 13
11 89 82
11 90 68
11 91 14
11 92 2
11 93 85
11 94 82
11 95 74
12 13 29
12 14 3
12 15 45
12 16 8
12 17 0
12 18 86
12 19 49
12 20 25
12 21 48
12 22 58
12 23 100
12 24 76
12 25 69
12 26 29
12 27 76
12 28 9
12 29 12
12 30 91
12 31 11
12 32 54
12 33 2
12 34 2
12 35 22
12 36 50
12 37 50
12 38 77
12 39 41
12 40 21
12 41 4
12 42 12
12 43 19
12 44 61
12 45 42
12 46 56
12 47 61
12 48 57
12 49 82
12 50 88
12 51 32
12 52 91
12 53 84
12 54 43
12 55 81
12 56 83
12 57 73
12 58 12
12 59 95
12 60 35
12 61 55
12 62 89
12 63 66
12 64 89
12 65 86
12 66 25
12 67 69
12 68 78
12 69 2
12 70 0
12 71 91
12 72 63
12 73 62
12 74 10
12 75 87
12 76 35
12 77 87
12 78 18
12 79 26
12 80 65
12 81 74
12 82 1
12 83 32
12 84 18
12 85 79
12 86 2
12 87 3
12 88 40
12 89 23
12 90 71
12 91 75
12 92 70
12 93 51
12 94 70
12 95 66
13 14 7
13 15 0
13 16 1
13 17 0
13 18 29
13 19 25
13 20 5
13 21 26
13 22 31
13 23 99
13 24 73
13 25 67
13 26 38
13 27 46
13 28 10
13 29 50
13 30 68
13 31 81
13 32 98
13 33 19
13 34 100
13 35 74
13 36 58
13 37 13
13 38 65
13 39 96
13 40 85
13 41 86
13 42 74
13 43 70
13 44 90
13 45 10
13 46 77
13 47 54
13 48 62
13 49 16
13 50 7
13 51 97
13 52 1
13 53 23
13 54 79
13 55 65
13 56 95
13 57 12
13 58 13
13 59 27
13 60 31
13 61 16
13 62 89
13 63 24
13 64 15
13 65 99
13 66 27
13 67 69
13 68 33
13 69 84
13 70 66
13 71 8
13 72 65
13 73 4
13 74 90
13 75 35
13 76 78
13 77 47
13 78 83
13 79 51
13 80 96
13 81 30
13 82 51
13 83 50
13 84 80
13 85 80
13 86 45
13 87 6
13 88 74
13 89 12
13 90 70
13 91 12
13 92 81
13 93 64
13 94 62
13 95 100
14 15 54
14 16 19
14 17 74
14 18 21
14 19 35
14 20 61
14 21 76
14 22 42
14 23 38
14 24 66
14 25 40
14 26 92
14 27 50
14 28 25
14 29 30
14 30 64
14 31 12
14 32 85
14 33 79
14 34 81
14 35 44
14 36 80
14 37 12
14 38 93
14 39 48
14 40 16
14 41 25
14 42 37
14 43 34
14 44 76
14 45 11
14 46 90
14 47 7
14 48 23
14 49 87
14 50 6
14 51 25
14 52 46
14 53 26
14 54 59
14 55 2
14 56 61
14 57 80
14 58 87
14 59 70
14 60 97
14 61 31
14 62 94
14 63 38
14 64 36
14 65 35
14 66 32
14 67 32
14 68 2
14 69 14
14 70 2
14 71 84
14 72 19
14 73 94
14 74 39
14 75 73
14 76 87
14 77 63
14 78 63
14 79 78
14 80 53
14 81 68
14 82 28
14 83 35
14 84 95
14 85 96
14 86 35
14 87 100
14 88 91
14 89 89
14 90 36
14 91 78
14 92 93
14 93 72
14 94 90
14 95 17
15 16 37
15 17 5
15 18 24
15 19 100
15 20 19
15 21 42
15 22 66
15 23 58
15 24 65
15 25 73
15 26 10
15 27 84
15 28 35
15 29 42
15 30 94
15 31 4
15 32 99
15 33 42
15 34 24
15 35 76
15 36 14
15 37 89
15 38 38
15 39 66
15 40 63
15 41 29
15 42 59
15 43 86
15 44 43
15 45 90
15 46 33
15 47 52
15 48 92
15 49 13
15 50 71
15 51 72
15 52 77
15 53 10
15 54 5
15 55 59
15 56 76
15 57 53
15 58 92
15 59 1
15 60 39
15 61 94
15 62 54
15 63 82
15 64 15
15 65 94
15 66 24
15 67 6
15 68 37
15 69 41
15 70 61
15 71 31
15 72 49
15 73 13
15 74 99
15 75 88
15 76 39
15 77 72
15 78 47
15 79 67
15 80 15
15 81 36
15 82 87
15 83 18
15 84 77
15 85 79
15 86 1
15 87 72
15 88 64
15 89 44
15 90 59
15 91 26
15 92 92
15 93 48
15 94 79
15 95 54
16 17 67
16 18 17
16 19 11
16 20 54
16 21 30
16 22 34
16 23 3
16 24 27
16 25 72
16 26 13
16 27 35
16 28 47
16 29 51
16 30 12
16 31 95
16 32 16
16 33 35
16 34 84
16 35 11
16 36 54
16 37 5
16 38 85
16 39 92
16 40 23
16 41 15
16 42 25
16 43 93
16 44 13
16 45 20
16 46 9
16 47 25
16 48 74
16 49 90
16 50 94
16 51 33
16 52 60
16 53 48
16 54 20
16 55 37
16 56 55
16 57 51
16 58 30
16 59 4
16 60 77
16 61 64
16 62 96
16 63 65
16 64 93
16 65 65
16 66 33
16 67 78
16 68 53
16 69 95
16 70 21
16 71 74
16 72 86
16 73 45
16 74 21
16 75 15
16 76 84
16 77 66
16 78 79
16 79 82
16 80 14
16 81 83
16 82 83
16 83 17
16 84 72
16 85 4
16 86 59
16 87 48
16 88 20
16 89 33
16 90 93
16 91 96
16 92 40
16 93 9
16 94 12
16 95 65
17 18 10
17 19 12
17 20 15
17 21 3
17 22 57
17 23 76
17 24 0
17 25 83
17 26 26
17 27 8
17 28 74
17 29 49
17 30 93
17 31 31
17 32 5
17 33 49
17 34 10
17 35 20
17 36 39
17 37 41
17 38 96
17 39 36
17 40 1
17 41 12
17 42 75
17 43 22
17 44 69
17 45 93
17 46 41
17 47 38
17 48 68
17 49 36
17 50 96
17 51 81
17 52 5
17 53 54
17 54 7
17 55 16
17 56 41
17 57 57
17 58 62
17 59 72
17 60 42
17 61 96
17 62 44
17 63 11
17 64 42
17 65 70
17 66 90
17 67 20
17 68 20
17 69 61
17 70 54
17 71 11
17 72 63
17 73 19
17 74 25
17 75 17
17 76 96
17 77 3
17 78 43
17 79 83
17 80 21
17 81 32
17 82 100
17 83 99
17 84 16
17 85 72
17 86 97
17 87 14
17 88 61
17 89 16
17 90 60
17 91 48
17 92 23
17 93 5
17 94 38
17 95 90
18 19 27
18 20 31
18 21 87
18 22 79
18 23 29
18 24 5
18 25 3
18 26 37
18 27 10
18 28 99
18 29 54
18 30 89
18 31 23
18 32 58
18 33 34
18 34 87
18 35 82
18 36 45
18 37 51
18 38 100
18 39 95
18 40 48
18 41 19
18 42 63
18 43 79
18 44 28
18 45 57
18 46 11
18 47 59
18 48 45
18 49 12
18 50 56
18 51 95
18 52 33
18 53 67
18 54 28
18 55 51
18 56 59
18 57 35
18 58 40
18 59 100
18 60 8
18 61 39
18 62 89
18 63 67
18 64 88
18 65 97
18 66 66
18 67 31
18 68 27
18 69 18
18 70 28
18 71 99
18 72 19
18 73 48
18 74 100
18 75 61
18 76 86
18 77 69
18 78 53
18 79 1
18 80 43
18 81 31
18 82 96
18 83 30
18 84 51
18 85 87
18 86 29
18 87 0
18 88 18
18 89 43
18 90 90
18 91 61
18 92 47
18 93 71
18 94 97
18 95 99
19 20 2
19 21 4
19 22 77
19 23 32
19 24 71
19 25 21
19 26 78
19 27 15
19 28 38
19 29 72
19 30 9
19 31 85
19 32 69
19 33 21
19 34 23
19 35 34
19 36 86
19 37 6
19 38 19
19 39 56
19 40 98
19 41 96
19 42 67
19 43 58
19 44 68
19 45 61
19 46 41
19 47 15
19 48 16
19 49 62
19 50 88
19 51 47
19 52 41
19 53 70
19 54 56
19 55 1
19 56 37
19 57 87
19 58 72
19 59 62
19 60 38
19 61 77
19 62 41
19 63 54
19 64 81
19 65 0
19 66 49
19 67 79
19 68 87
19 69 72
19 70 93
19 71 92
19 72 46
19 73 68
19 74 10
19 75 43
19 76 53
19 77 80
19 78 56
19 79 96
19 80 94
19 81 53
19 82 63
19 83 58
19 84 97
19 85 71
19 86 42
19 87 57
19 88 40
19 89 21
19 90 36
19 91 38
19 92 8
19 93 27
19 94 89
19 95 94
20 21 99
20 22 88
20 23 42
20 24 9
20 25 56
20 26 7
20 27 4
20 28 31
20 29 18
20 30 23
20 31 22
20 32 85
20 33 49
20 34 42
20 35 8
20 36 96
20 37 46
20 38 19
20 39 55
20 40 21
20 41 89
20 42 81
20 43 10
20 44 73
20 45 77
20 46 45
20 47 20
20 48 2
20 49 29
20 50 3
20 51 3
20 52 66
20 53 51
20 54 70
20 55 25
20 56 49
20 57 90
20 58 24
20 59 70
20 60 42
20 61 77
20 62 83
20 63 30
20 64 70
20 65 11
20 66 51
20 67 84
20 68 76
20 69 94
20 70 27
20 71 97
20 72 61
20 73 37
20 74 23
20 75 41
20 76 68
20 77 7
20 78 9
20 79 17
20 80 65
20 81 7
20 82 93
20 83 36
20 84 20
20 85 6
20 86 1
20 87 76
20 88 16
20 89 93
20 90 37
20 91 83
20 92 77
20 93 59
20 94 65
20 95 39
21 22 50
21 23 71
21 24 62
21 25 56
21 26 32
21 27 57
21 28 74
21 29 40
21 30 84
21 31 77
21 32 74
21 33 28
21 34 68
21 35 76
21 36 22
21 37 55
21 38 68
21 39 20
21 40 87
21 41 51
21 42 65
21 43 76
21 44 49
21 45 11
21 46 43
21 47 53
21 48 71
21 49 94
21 50 27
21 51 64
21 52 37
21 53 7
21 54 99
21 55 20
21 56 18
21 57 18
21 58 42
21 59 51
21 60 99
21 61 3
21 62 44
21 63 96
21 64 28
21 65 7
21 66 38
21 67 68
21 68 87
21 69 61
21 70 17
21 71 79
21 72 17
21 73 40
21 74 23
21 75 51
21 76 92
21 77 18
21 78 2
21 79 27
21 80 24
21 81 71
21 82 67
21 83 72
21 84 66
21 85 9
21 86 49
21 87 24
21 88 29
21 89 24
21 90 15
21 91 35
21 92 0
21 93 57
21 94 62
21 95 81
22 23 11
22 24 69
22 25 20
22 26 91
22 27 42
22 28 16
22 29 40
22 30 37
22 31 26
22 32 68
22 33 42
22 34 77
22 35 1
22 36 68
22 37 44
22 38 5
22 39 6
22 40 5
22 41 39
22 42 73
22 43 23
22 44 68
22 45 73
22 46 88
22 47 61
22 48 33
22 49 56
22 50 42
22 51 61
22 52 78
22 53 22
22 54 68
22 55 45
22 56 2
22 57 11
22 58 3
22 59 28
22 60 23
22 61 17
22 62 45
22 63 0
22 64 30
22 65 47
22 66 10
22 67 15
22 68 74
22 69 27
22 70 19
22 71 5
22 72 65
22 73 78
22 74 48
22 75 93
22 76 73
22 77 34
22 78 48
22 79 31
22 80 56
22 81 57
22 82 11
22 83 48
22 84 13
22 85 94
22 86 99
22 87 64
22 88 66
22 89 72
22 90 30
22 91 69
22 92 15
22 93 26
22 94 6
22 95 18
23 24 10
23 25 30
23 26 28
23 27 59
23 28 41
23 29 63
23 30 34
23 31 66
23 32 30
23 33 77
23 34 67
23 35 6
23 36 77
23 37 71
23 38 48
23 39 16
23 40 44
23 41 93
23 42 15
23 43 93
23 44 6
23 45 54
23 46 10
23 47 57
23 48 95
23 49 88
23 50 6
23 51 50
23 52 20
23 53 95
23 54 52
23 55 37
23 56 98
23 57 86
23 58 69
23 59 79
23 60 5
23 61 52
23 62 20
23 63 5
23 64 25
23 65 30
23 66 93
23 67 50
23 68 30
23 69 27
23 70 100
23 71 89
23 72 57
23 73 11
23 74 0
23 75 63
23 76 70
23 77 32
23 78 96
23 79 34
23 80 83
23 81 46
23 82 98
23 83 75
23 84 83
23 85 93
23 86 4
23 87 51
23 88 74
23 89 44
23 90 42
23 91 59
23 92 45
23 93 65
23 94 59
23 95 58
24 25 84
24 26 44
24 27 15
24 28 91
24 29 9
24 30 63
24 31 43
24 32 95
24 33 22
24 34 31
24 35 19
24 36 29
24 37 80
24 38 9
24 39 11
24 40 63
24 41 17
24 42 75
24 43 35
24 44 2
24 45 4
24 46 5
24 47 78
24 48 65
24 49 56
24 50 40
24 51 0
24 52 32
24 53 66
24 54 12
24 55 73
24 56 2
24 57 65
24 58 9
24 59 59
24 60 19
24 61 0
24 62 45
24 63 31
24 64 0
24 65 84
24 66 71
24 67 70
24 68 20
24 69 99
24 70 30
24 71 96
24 72 89
24 73 7
24 74 15
24 75 24
24 76 3
24 77 85
24 78 32
24 79 49
24 80 11
24 81 40
24 82 32
24 83 61
24 84 90
24 85 88
24 86 90
24 87 12
24 88 60
24 89 1
24 90 48
24 91 58
24 92 48
24 93 0
24 94 32
24 95 16
25 26 62
25 27 86
25 28 87
25 29 15
25 30 17
25 31 29
25 32 9
25 33 87
25 34 86
25 35 23
25 36 42
25 37 17
25 38 77
25 39 57
25 40 7
25 41 14
25 42 21
25 43 28
25 44 23
25 45 83
25 46 7
25 47 41
25 48 24
25 49 100
25 50 16
25 51 84
25 52 67
25 53 2
25 54 61
25 55 28
25 56 56
25 57 31
25 58 29
25 59 95
25 60 71
25 61 26
25 62 20
25 63 72
25 64 72
25 65 98
25 66 13
25 67 39
25 68 54
25 69 81
25 70 86
25 71 21
25 72 71
25 73 75
25 74 34
25 75 89
25 76 43
25 77 56
25 78 36
25 79 39
25 80 53
25 81 41
25 82 56
25 83 96
25 84 55
25 85 90
25 86 98
25 87 57
25 88 85
25 89 85
25 90 72
25 91 24
25 92 68
25 93 94
25 94 10
25 95 57
26 27 23
26 28 80
26 29 90
26 30 63
26 31 0
26 32 87
26 33 43
26 34 15
26 35 92
26 36 10
26 37 63
26 38 6
26 39 85
26 40 14
26 41 50
26 42 23
26 43 12
26 44 73
26 45 24
26 46 89
26 47 49
26 48 46
26 49 21
26 50 66
26 51 10
26 52 19
26 53 99
26 54 13
26 55 24
26 56 58
26 57 14
26 58 10
26 59 48
26 60 46
26 61 81
26 62 27
26 63 51
26 64 92
26 65 5
26 66 93
26 67 98
26 68 93
26 69 37
26 70 77
26 71 69
26 72 45
26 73 22
26 74 48
26 75 13
26 76 7
26 77 49
26 78 10
26 79 51
26 80 67
26 81 46
26 82 91
26 83 58
26 84 58
26 85 70
26 86 94
26 87 17
26 88 64
26 89 85
26 90 9
26 91 35
26 92 12
26 93 24
26 94 8
26 95 78
27 28 88
27 29 75
27 30 20
27 31 31
27 32 59
27 33 70
27 34 92
27 35 27
27 36 66
27 37 14
27 38 25
27 39 31
27 40 73
27 41 0
27 42 55
27 43 89
27 44 100
27 45 13
27 46 53
27 47 95
27 48 53
27 49 24
27 50 29
27 51 43
27 52 4
27 53 38
27 54 70
27 55 71
27 56 15
27 57 53
27 58 19
27 59 42
27 60 77
27 61 72
27 62 28
27 63 8
27 64 9
27 65 37
27 66 85
27 67 81
27 68 88
27 69 13
27 70 17
27 71 10
27 72 57
27 73 87
27 74 93
27 75 74
27 76 33
27 77 71
27 78 1
27 79 52
27 80 57
27 81 74
27 82 14
27 83 55
27 84 25
27 85 95
27 86 70
27 87 79
27 88 52
27 89 60
27 90 10
27 91 56
27 92 40
27 93 94
27 94 94
27 95 52
28 29 32
28 30 67
28 31 94
28 32 61
28 33 95
28 34 81
28 35 75
28 36 42
28 37 10
28 38 60
28 39 78
28 40 81
28 41 44
28 42 79
28 43 71
28 44 52
28 45 7
28 46 79
28 47 66
28 48 33
28 49 70
28 50 90
28 51 81
28 52 82
28 53 78
28 54 47
28 55 11
28 56 10
28 57 98
28 58 68
28 59 31
28 60 20
28 61 99
28 62 67
28 63 73
28 64 41
28 65 80
28 66 24
28 67 40
28 68 3
28 69 61
28 70 17
28 71 41
28 72 67
28 73 81
28 74 22
28 75 2
28 76 77
28 77 56
28 78 87
28 79 36
28 80 33
28 81 17
28 82 82
28 83 78
28 84 51
28 85 94
28 86 45
28 87 84
28 88 96
28 89 59
28 90 74
28 91 50
28 92 31
28 93 92
28 94 72
28 95 12
29 30 31
29 31 25
29 32 68
29 33 12
29 34 82
29 35 1
29 36 75
29 37 12
29 38 4
29 39 24
29 40 78
29 41 14
29 42 25
29 43 58
29 44 92
29 45 98
29 46 24
29 47 73
29 48 83
29 49 34
29 50 93
29 51 91
29 52 36
29 53 66
29 54 43
29 55 74
29 56 60
29 57 75
29 58 0
29 59 96
29 60 47
29 61 54
29 62 11
29 63 75
29 64 51
29 65 31
29 66 34
29 67 35
29 68 89
29 69 57
29 70 45
29 71 87
29 72 98
29 73 58
29 74 64
29 75 96
29 76 7
29 77 10
29 78 55
29 79 24
29 80 86
29 81 78
29 82 91
29 83 27
29 84 70
29 85 47
29 86 96
29 87 16
29 88 50
29 89 17
29 90 69
29 91 24
29 92 62
29 93 87
29 94 48
29 95 36
30 31 11
30 32 45
30 33 18
30 34 6
30 35 36
30 36 20
30 37 70
30 38 2
30 39 38
30 40 77
30 41 31
30 42 4
30 43 13
30 44 73
30 45 94
30 46 4
30 47 34
30 48 44
30 49 52
30 50 80
30 51 47
30 52 78
30 53 12
30 54 7
30 55 54
30 56 57
30 57 47
30 58 48
30 59 5
30 60 24
30 61 60
30 62 21
30 63 17
30 64 61
30 65 74
30 66 5
30 67 29
30 68 9
30 69 30
30 70 42
30 71 63
30 72 77
30 73 30
30 74 71
30 75 40
30 76 0
30 77 2
30 78 45
30 79 17
30 80 95
30 81 34
30 82 41
30 83 1
30 84 11
30 85 52
30 86 34
30 87 14
30 88 66
30 89 77
30 90 76
30 91 87
30 92 19
30 93 62
30 94 100
30 95 26
31 32 70
31 33 29
31 34 72
31 35 88
31 36 39
31 37 40
31 38 6
31 39 47
31 40 87
31 41 68
31 42 43
31 43 63
31 44 87
31 45 44
31 46 5
31 47 21
31 48 29
31 49 74
31 50 82
31 51 13
31 52 10
31 53 94
31 54 9
31 55 41
31 56 33
31 57 48
31 58 49
31 59 28
31 60 5
31 61 53
31 62 78
31 63 9
31 64 35
31 65 78
31 66 78
31 67 69
31 68 66
31 69 46
31 70 98
31 71 33
31 72 75
31 73 78
31 74 3
31 75 18
31 76 2
31 77 62
31 78 55
31 79 74
31 80 73
31 81 94
31 82 92
31 83 40
31 84 90
31 85 63
31 86 33
31 87 58
31 88 63
31 89 17
31 90 38
31 91 83
31 92 38
31 93 4
31 94 70
31 95 52
32 33 12
32 34 14
32 35 42
32 36 10
32 37 74
32 38 13
32 39 96
32 40 1
32 41 43
32 42 74
32 43 2
32 44 9
32 45 8
32 46 88
32 47 29
32 48 51
32 49 14
32 50 89
32 51 44
32 52 73
32 53 64
32 54 100
32 55 90
32 56 7
32 57 19
32 58 70
32 59 1
32 60 93
32 61 29
32 62 69
32 63 94
32 64 15
32 65 92
32 66 68
32 67 62
32 68 70
32 69 76
32 70 54
32 71 41
32 72 88
32 73 76
32 74 55
32 75 79
32 76 88
32 77 69
32 78 37
32 79 31
32 80 1
32 81 37
32 82 97
32 83 20
32 84 79
32 85 32
32 86 54
32 87 30
32 88 72
32 89 56
32 90 49
32 91 74
32 92 34
32 93 40
32 94 49
32 95 3
33 34 53
33 35 12
33 36 59
33 37 31
33 38 78
33 39 22
33 40 13
33 41 66
33 42 73
33 43 25
33 44 100
33 45 37
33 46 82
33 47 73
33 48 1
33 49 95
33 50 26
33 51 96
33 52 17
33 53 77
33 54 2
33 55 72
33 56 81
33 57 84
33 58 49
33 59 0
33 60 100
33 61 16
33 62 47
33 63 39
33 64 32
33 65 33
33 66 9
33 67 39
33 68 94
33 69 75
33 70 48
33 71 44
33 72 71
33 73 4
33 74 64
33 75 38
33 76 95
33 77 81
33 78 37
33 79 85
33 80 8
33 81 19
33 82 66
33 83 57
33 84 26
33 85 52
33 86 78
33 87 78
33 88 10
33 89 31
33 90 21
33 91 25
33 92 93
33 93 2
33 94 8
33 95 48
34 35 63
34 36 6
34 37 3
34 38 15
34 39 45
34 40 12
34 41 10
34 42 92
34 43 15
34 44 8
34 45 27
34 46 74
34 47 42
34 48 86
34 49 58
34 50 33
34 51 34
34 52 4
34 53 97
34 54 55
34 55 31
34 56 81
34 57 8
34 58 47
34 59 89
34 60 19
34 61 28
34 62 55
34 63 46
34 64 60
34 65 10
34 66 46
34 67 34
34 68 77
34 69 80
34 70 9
34 71 10
34 72 53
34 73 57
34 74 8
34 75 0
34 76 43
34 77 86
34 78 88
34 79 33
34 80 99
34 81 87
34 82 41
34 83 21
34 84 85
34 85 35
34 86 88
34 87 99
34 88 36
34 89 85
34 90 39
34 91 77
34 92 72
34 93 91
34 94 53
34 95 1
35 36 62
35 37 50
35 38 28
35 39 17
35 40 2
35 41 96
35 42 16
35 43 59
35 44 17
35 45 5
35 46 46
35 47 99
35 48 60
35 49 61
35 50 69
35 51 14
35 52 43
35 53 83
35 54 32
35 55 30
35 56 99
35 57 74
35 58 20
35 59 88
35 60 58
35 61 17
35 62 26
35 63 41
35 64 61
35 65 80
35 66 29
35 67 21
35 68 17
35 69 84
35 70 4
35 71 46
35 72 38
35 73 26
35 74 22
35 75 89
35 76 58
35 77 69
35 78 20
35 79 86
35 80 72
35 81 42
35 82 98
35 83 89
35 84 3
35 85 75
35 86 55
35 87 13
35 88 9
35 89 81
35 90 3
35 91 58
35 92 95
35 93 92
35 94 76
35 95 10
36 37 23
36 38 24
36 39 61
36 40 29
36 41 83
36 42 82
36 43 65
36 44 4
36 45 45
36 46 78
36 47 64
36 48 64
36 49 31
36 50 24
36 51 58
36 52 18
36 53 50
36 54 62
36 55 8
36 56 42
36 57 21
36 58 93
36 59 67
36 60 15
36 61 97
36 62 3
36 63 56
36 64 63
36 65 91
36 66 4
36 67 22
36 68 41
36 69 54
36 70 65
36 71 94
36 72 36
36 73 29
36 74 50
36 75 1
36 76 6
36 77 81
36 78 3
36 79 41
36 80 100
36 81 12
36 82 44
36 83 38
36 84 65
36 85 10
36 86 25
36 87 57
36 88 2
36 89 55
36 90 0
36 91 50
36 92 49
36 93 15
36 94 100
36 95 42
37 38 33
37 39 74
37 40 15
37 41 45
37 42 13
37 43 86
37 44 14
37 45 1
37 46 5
37 47 84
37 48 61
37 49 51
37 50 63
37 51 75
37 52 81
37 53 13
37 54 59
37 55 34
37 56 63
37 57 35
37 58 46
37 59 84
37 60 54
37 61 8
37 62 65
37 63 25
37 64 95
37 65 6
37 66 79
37 67 35
37 68 80
37 69 60
37 70 80
37 71 91
37 72 22
37 73 25
37 74 63
37 75 67
37 76 36
37 77 7
37 78 25
37 79 74
37 80 91
37 81 37
37 82 45
37 83 10
37 84 51
37 85 58
37 86 57
37 87 82
37 88 30
37 89 75
37 90 82
37 91 20
37 92 17
37 93 27
37 94 6
37 95 30
38 39 1
38 40 73
38 41 95
38 42 7
38 43 25
38 44 4
38 45 76
38 46 21
38 47 82
38 48 4
38 49 25
38 50 75
38 51 20
38 52 29
38 53 50
38 54 22
38 55 66
38 56 3
38 57 82
38 58 91
38 59 72
38 60 16
38 61 31
38 62 76
38 63 57
38 64 84
38 65 37
38 66 55
38 67 36
38 68 83
38 69 64
38 70 14
38 71 19
38 72 5
38 73 4
38 74 60
38 75 40
38 76 81
38 77 76
38 78 42
38 79 36
38 80 98
38 81 69
38 82 73
38 83 34
38 84 7
38 85 70
38 86 30
38 87 72
38 88 16
38 89 65
38 90 30
38 91 93
38 92 11
38 93 61
38 94 20
38 95 48
39 40 93
39 41 44
39 42 10
39 43 33
39 44 64
39 45 39
39 46 82
39 47 27
39 48 37
39 49 26
39 50 71
39 51 86
39 52 89
39 53 98
39 54 3
39 55 46
39 56 60
39 57 45
39 58 23
39 59 63
39 60 29
39 61 91
39 62 87
39 63 68
39 64 84
39 65 5
39 66 89
39 67 82
39 68 71
39 69 14
39 70 11
39 71 76
39 72 97
39 73 100
39 74 8
39 75 1
39 76 50
39 77 9
39 78 6
39 79 6
39 80 87
39 81 5
39 82 32
39 83 75
39 84 100
39 85 73
39 86 84
39 87 99
39 88 70
39 89 59
39 90 98
39 91 40
39 92 38
39 93 12
39 94 42
39 95 71
40 41 83
40 42 70
40 43 10
40 44 56
40 45 97
40 46 97
40 47 12
40 48 73
40 49 21
40 50 36
40 51 68
40 52 96
40 53 15
40 54 74
40 55 92
40 56 46
40 57 30
40 58 42
40 59 10
40 60 44
40 61 77
40 62 31
40 63 72
40 64 63
40 65 68
40 66 78
40 67 59
40 68 69
40 69 94
40 70 87
40 71 34
40 72 34
40 73 29
40 74 93
40 75 73
40 76 1
40 77 3
40 78 2
40 79 34
40 80 23
40 81 54
40 82 49
40 83 48
40 84 70
40 85 97
40 86 94
40 87 38
40 88 32
40 89 94
40 90 10
40 91 29
40 92 27
40 93 51
40 94 7
40 95 39
41 42 32
41 43 2
41 44 72
41 45 30
41 46 60
41 47 84
41 48 100
41 49 92
41 50 99
41 51 20
41 52 34
41 53 82
41 54 24
41 55 99
41 56 47
41 57 10
41 58 88
41 59 14
41 60 76
41 61 98
41 62 56
41 63 42
41 64 79
41 65 91
41 66 85
41 67 67
41 68 64
41 69 75
41 70 13
41 71 68
41 72 75
41 73 16
41 74 73
41 75 85
41 76 42
41 77 34
41 78 82
41 79 18
41 80 10
41 81 73
41 82 72
41 83 1
41 84 19
41 85 86
41 86 78
41 87 91
41 88 41
41 89 59
41 90 49
41 91 14
41 92 56
41 93 11
41 94 0
41 95 59
42 43 72
42 44 26
42 45 84
42 46 62
42 47 84
42 48 12
42 49 64
42 50 43
42 51 81
42 52 92
42 53 97
42 54 15
42 55 27
42 56 10
42 57 86
42 58 79
42 59 17
42 60 31
42 61 38
42 62 95
42 63 6
42 64 74
42 65 48
42 66 30
42 67 15
42 68 19
42 69 7
42 70 74
42 71 57
42 72 89
42 73 61
42 74 64
42 75 34
42 76 62
42 77 50
42 78 82
42 79 92
42 80 98
42 81 49
42 82 29
42 83 62
42 84 92
42 85 79
42 86 100
42 87 3
42 88 54
42 89 75
42 90 92
42 91 28
42 92 89
42 93 41
42 94 35
42 95 7
43 44 71
43 45 73
43 46 80
43 47 70
43 48 46
43 49 63
43 50 99
43 51 32
43 52 16
43 53 36
43 54 3
43 55 2
43 56 4
43 57 15
43 58 95
43 59 0
43 60 51
43 61 37
43 62 44
43 63 41
43 64 30
43 65 13
43 66 71
43 67 91
43 68 13
43 69 6
43 70 34
43 71 84
43 72 39
43 73 40
43 74 85
43 75 19
43 76 54
43 77 44
43 78 48
43 79 23
43 80 96
43 81 44
43 82 31
43 83 87
43 84 98
43 85 75
43 86 85
43 87 79
43 88 17
43 89 21
43 90 59
43 91 51
43 92 63
43 93 39
43 94 38
43 95 89
44 45 1
44 46 85
44 47 4
44 48 48
44 49 61
44 50 15
44 51 85
44 52 58
44 53 63
44 54 62
44 55 25
44 56 3
44 57 99
44 58 6
44 59 99
44 60 89
44 61 95
44 62 23
44 63 11
44 64 71
44 65 8
44 66 21
44 67 61
44 68 94
44 69 83
44 70 79
44 71 67
44 72 29
44 73 49
44 74 92
44 75 44
44 76 66
44 77 12
44 78 43
44 79 98
44 80 7
44 81 48
44 82 22
44 83 41
44 84 5
44 85 28
44 86 18
44 87 72
44 88 6
44 89 73
44 90 39
44 91 20
44 92 17
44 93 87
44 94 73
44 95 26
45 46 16
45 47 82
45 48 58
45 49 2
45 50 25
45 51 99
45 52 12
45 53 8
45 54 48
45 55 73
45 56 95
45 57 56
45 58 13
45 59 89
45 60 91
45 61 3
45 62 30
45 63 16
45 64 36
45 65 5
45 66 47
45 67 40
45 68 86
45 69 99
45 70 41
45 71 24
45 72 80
45 73 67
45 74 79
45 75 95
45 76 66
45 77 46
45 78 24
45 79 14
45 80 93
45 81 55
45 82 72
45 83 23
45 84 48
45 85 74
45 86 49
45 87 37
45 88 89
45 89 25
45 90 27
45 91 12
45 92 46
45 93 65
45 94 13
45 95 21
46 47 86
46 48 84
46 49 86
46 50 29
46 51 27
46 52 84
46 53 42
46 54 15
46 55 26
46 56 26
46 57 64
46 58 52
46 59 43
46 60 64
46 61 34
46 62 97
46 63 1
46 64 99
46 65 59
46 66 65
46 67 15
46 68 78
46 69 69
46 70 34
46 71 4
46 72 10
46 73 94
46 74 0
46 75 4
46 76 45
46 77 97
46 78 25
46 79 40
46 80 70
46 81 32
46 82 55
46 83 8
46 84 96
46 85 22
46 86 59
46 87 72
46 88 0
46 89 20
46 90 71
46 91 28
46 92 10
46 93 72
46 94 37
46 95 48
47 48 63
47 49 87
47 50 18
47 51 43
47 52 27
47 53 44
47 54 39
47 55 90
47 56 93
47 57 77
47 58 24
47 59 94
47 60 27
47 61 100
47 62 59
47 63 99
47 64 31
47 65 79
47 66 12
47 67 83
47 68 26
47 69 10
47 70 36
47 71 98
47 72 81
47 73 73
47 74 11
47 75 39
47 76 93
47 77 61
47 78 32
47 79 1
47 80 99
47 81 10
47 82 77
47 83 67
47 84 94
47 85 31
47 86 2
47 87 7
47 88 1
47 89 8
47 90 22
47 91 49
47 92 84
47 93 37
47 94 80
47 95 97
48 49 62
48 50 39
48 51 68
48 52 45
48 53 9
48 54 80
48 55 7
48 56 70
48 57 16
48 58 35
48 59 33
48 60 75
48 61 54
48 62 97
48 63 1
48 64 81
48 65 39
48 66 98
48 67 18
48 68 49
48 69 46
48 70 28
48 71 44
48 72 45
48 73 89
48 74 42
48 75 81
48 76 90
48 77 11
48 78 1
48 79 3
48 80 24
48 81 72
48 82 99
48 83 82
48 84 55
48 85 35
48 86 26
48 87 0
48 88 7
48 89 31
48 90 71
48 91 64
48 92 87
48 93 100
48 94 91
48 95 77
49 50 16
49 51 29
49 52 24
49 53 77
49 54 18
49 55 58
49 56 100
49 57 28
49 58 55
49 59 35
49 60 78
49 61 22
49 62 56
49 63 42
49 64 11
49 65 29
49 66 71
49 67 54
49 68 56
49 69 91
49 70 70
49 71 5
49 72 88
49 73 45
49 74 7
49 75 32
49 76 59
49 77 34
49 78 47
49 79 2
49 80 28
49 81 32
49 82 27
49 83 34
49 84 41
49 85 44
49 86 7
49 87 24
49 88 34
49 89 32
49 90 11
49 91 57
49 92 19
49 93 5
49 94 90
49 95 97
50 51 53
50 52 30
50 53 90
50 54 98
50 55 65
50 56 77
50 57 85
50 58 100
50 59 11
50 60 56
50 61 25
50 62 69
50 63 33
50 64 19
50 65 13
50 66 76
50 67 75
50 68 10
50 69 72
50 70 60
50 71 25
50 72 100
50 73 77
50 74 31
50 75 63
50 76 2
50 77 49
50 78 84
50 79 63
50 80 79
50 81 1
50 82 32
50 83 51
50 84 6
50 85 70
50 86 74
50 87 17
50 88 26
50 89 16
50 90 45
50 91 76
50 92 46
50 93 37
50 94 27
50 95 8
51 52 70
51 53 22
51 54 94
51 55 36
51 56 10
51 57 36
51 58 79
51 59 60
51 60 24
51 61 83
51 62 33
51 63 47
51 64 14
51 65 66
51 66 11
51 67 50
51 68 98
51 69 87
51 70 41
51 71 100
51 72 6
51 73 67
51 74 98
51 75 60
51 76 0
51 77 96
51 78 75
51 79 15
51 80 29
51 81 56
51 82 13
51 83 70
51 84 98
51 85 93
51 86 34
51 87 24
51 88 3
51 89 35
51 90 3
51 91 86
51 92 48
51 93 35
51 94 33
51 95 36
52 53 79
52 54 13
52 55 99
52 56 56
52 57 15
52 58 1
52 59 68
52 60 35
52 61 86
52 62 73
52 63 39
52 64 83
52 65 41
52 66 64
52 67 33
52 68 56
52 69 7
52 70 49
52 71 36
52 72 57
52 73 73
52 74 46
52 75 82
52 76 67
52 77 80
52 78 86
52 79 100
52 80 69
52 81 83
52 82 5
52 83 57
52 84 30
52 85 34
52 86 83
52 87 30
52 88 93
52 89 54
52 90 47
52 91 73
52 92 54
52 93 4
52 94 63
52 95 75
53 54 87
53 55 40
53 56 61
53 57 39
53 58 85
53 59 69
53 60 46
53 61 48
53 62 99
53 63 13
53 64 19
53 65 59
53 66 0
53 67 67
53 68 74
53 69 86
53 70 51
53 71 60
53 72 68
53 73 73
53 74 61
53 75 82
53 76 64
53 77 72
53 78 70
53 79 5
53 80 82
53 81 15
53 82 86
53 83 52
53 84 86
53 85 36
53 86 25
53 87 13
53 88 88
53 89 82
53 90 9
53 91 37
53 92 8
53 93 93
53 94 47
53 95 7
54 55 84
54 56 61
54 57 86
54 58 19
54 59 36
54 60 83
54 61 67
54 62 86
54 63 51
54 64 35
54 65 56
54 66 12
54 67 24
54 68 47
54 69 50
54 70 99
54 71 23
54 72 10
54 73 36
54 74 39
54 75 72
54 76 27
54 77 43
54 78 66
54 79 64
54 80 59
54 81 64
54 82 67
54 83 11
54 84 19
54 85 75
54 86 52
54 87 95
54 88 1
54 89 27
54 90 41
54 91 50
54 92 14
54 93 7
54 94 81
54 95 57
55 56 31
55 57 16
55 58 11
55 59 98
55 60 12
55 61 12
55 62 96
55 63 89
55 64 53
55 65 2
55 66 67
55 67 76
55 68 33
55 69 19
55 70 68
55 71 29
55 72 31
55 73 76
55 74 91
55 75 61
55 76 22
55 77 58
55 78 42
55 79 10
55 80 35
55 81 7
55 82 62
55 83 41
55 84 17
55 85 65
55 86 17
55 87 50
55 88 71
55 89 80
55 90 70
55 91 88
55 92 25
55 93 95
55 94 99
55 95 91
56 57 72
56 58 17
56 59 53
56 60 9
56 61 82
56 62 14
56 63 78
56 64 92
56 65 69
56 66 32
56 67 78
56 68 92
56 69 14
56 70 46
56 71 72
56 72 66
56 73 3
56 74 88
56 75 28
56 76 29
56 77 56
56 78 32
56 79 77
56 80 15
56 81 99
56 82 69
56 83 94
56 84 41
56 85 70
56 86 59
56 87 14
56 88 69
56 89 34
56 90 79
56 91 67
56 92 65
56 93 5
56 94 50
56 95 31
57 58 17
57 59 25
57 60 37
57 61 82
57 62 95
57 63 22
57 64 99
57 65 17
57 66 35
57 67 5
57 68 40
57 69 19
57 70 49
57 71 97
57 72 98
57 73 38
57 74 79
57 75 11
57 76 18
57 77 64
57 78 68
57 79 59
57 80 98
57 81 89
57 82 70
57 83 14
57 84 8
57 85 15
57 86 91
57 87 51
57 88 1
57 89 5
57 90 40
57 91 8
57 92 85
57 93 66
57 94 30
57 95 82
58 59 96
58 60 73
58 61 27
58 62 36
58 63 82
58 64 51
58 65 7
58 66 78
58 67 100
58 68 43
58 69 97
58 70 27
58 71 54
58 72 39
58 73 11
58 74 81
58 75 57
58 76 60
58 77 69
58 78 20
58 79 18
58 80 19
58 81 1
58 82 25
58 83 47
58 84 71
58 85 86
58 86 14
58 87 30
58 88 79
58 89 33
58 90 1
58 91 28
58 92 97
58 93 6
58 94 30
58 95 8
59 60 11
59 61 9
59 62 92
59 63 73
59 64 38
59 65 46
59 66 90
59 67 64
59 68 82
59 69 61
59 70 56
59 71 33
59 72 95
59 73 83
59 74 89
59 75 98
59 76 42
59 77 91
59 78 46
59 79 20
59 80 66
59 81 42
59 82 38
59 83 99
59 84 64
59 85 10
59 86 90
59 87 72
59 88 93
59 89 98
59 90 40
59 91 86
59 92 100
59 93 86
59 94 96
59 95 15
60 61 44
60 62 95
60 63 57
60 64 72
60 65 44
60 66 41
60 67 24
60 68 78
60 69 64
60 70 35
60 71 91
60 72 79
60 73 62
60 74 61
60 75 53
60 76 9
60 77 45
60 78 93
60 79 98
60 80 57
60 81 91
60 82 35
60 83 33
60 84 24
60 85 32
60 86 43
60 87 29
60 88 75
60 89 92
60 90 83
60 91 31
60 92 19
60 93 94
60 94 26
60 95 47
61 62 79
61 63 69
61 64 88
61 65 93
61 66 100
61 67 97
61 68 86
61 69 12
61 70 13
61 71 44
61 72 28
61 73 47
61 74 30
61 75 23
61 76 24
61 77 8
61 78 52
61 79 76
61 80 31
61 81 25
61 82 56
61 83 53
61 84 49
61 85 18
61 86 40
61 87 10
61 88 8
61 89 100
61 90 65
61 91 88
61 92 34
61 93 78
61 94 26
61 95 20
62 63 93
62 64 54
62 65 7
62 66 71
62 67 82
62 68 70
62 69 40
62 70 30
62 71 67
62 72 67
62 73 34
62 74 92
62 75 10
62 76 37
62 77 28
62 78 27
62 79 90
62 80 13
62 81 21
62 82 46
62 83 11
62 84 2
62 85 59
62 86 49
62 87 97
62 88 16
62 89 14
62 90 91
62 91 14
62 92 15
62 93 42
62 94 27
62 95 59
63 64 66
63 65 94
63 66 74
63 67 63
63 68 30
63 69 77
63 70 39
63 71 75
63 72 79
63 73 71
63 74 33
63 75 62
63 76 47
63 77 4
63 78 73
63 79 36
63 80 89
63 81 45
63 82 80
63 83 19
63 84 97
63 85 80
63 86 89
63 87 97
63 88 22
63 89 85
63 90 34
63 91 26
63 92 74
63 93 42
63 94 51
63 95 64
64 65 64
64 66 64
64 67 1
64 68 51
64 69 42
64 70 69
64 71 53
64 72 98
64 73 58
64 74 19
64 75 18
64 76 48
64 77 38
64 78 73
64 79 75
64 80 21
64 81 20
64 82 1
64 83 53
64 84 25
64 85 79
64 86 20
64 87 33
64 88 17
64 89 23
64 90 93
64 91 88
64 92 26
64 93 94
64 94 69
64 95 59
65 66 0
65 67 90
65 68 94
65 69 16
65 70 46
65 71 63
65 72 27
65 73 45
65 74 72
65 75 58
65 76 32
65 77 47
65 78 71
65 79 81
65 80 31
65 81 30
65 82 82
65 83 77
65 84 64
65 85 7
65 86 49
65 87 76
65 88 75
65 89 21
65 90 47
65 91 39
65 92 19
65 93 56
65 94 88
65 95 100
66 67 20
66 68 79
66 69 42
66 70 6
66 71 56
66 72 30
66 73 41
66 74 22
66 75 83
66 76 90
66 77 15
66 78 14
66 79 74
66 80 43
66 81 48
66 82 51
66 83 0
66 84 41
66 85 92
66 86 67
66 87 78
66 88 87
66 89 2
66 90 13
66 91 63
66 92 95
66 93 24
66 94 84
66 95 76
67 68 18
67 69 57
67 70 14
67 71 34
67 72 16
67 73 81
67 74 74
67 75 29
67 76 26
67 77 16
67 78 69
67 79 22
67 80 47
67 81 71
67 82 23
67 83 25
67 84 57
67 85 42
67 86 51
67 87 13
67 88 87
67 89 2
67 90 67
67 91 28
67 92 97
67 93 83
67 94 42
67 95 62
68 69 96
68 70 50
68 71 24
68 72 88
68 73 98
68 74 100
68 75 78
68 76 46
68 77 73
68 78 27
68 79 20
68 80 5
68 81 19
68 82 54
68 83 2
68 84 2
68 85 49
68 86 100
68 87 17
68 88 69
68 89 73
68 90 89
68 91 32
68 92 31
68 93 21
68 94 92
68 95 88
69 70 82
69 71 87
69 72 11
69 73 68
69 74 17
69 75 50
69 76 16
69 77 68
69 78 5
69 79 28
69 80 16
69 81 88
69 82 32
69 83 8
69 84 73
69 85 12
69 86 12
69 87 38
69 88 81
69 89 83
69 90 5
69 91 58
69 92 73
69 93 24
69 94 93
69 95 47
70 71 4
70 72 94
70 73 43
70 74 75
70 75 66
70 76 38
70 77 4
70 78 26
70 79 100
70 80 26
70 81 27
70 82 98
70 83 96
70 84 71
70 85 83
70 86 66
70 87 98
70 88 33
70 89 38
70 90 9
70 91 6
70 92 50
70 93 19
70 94 10
70 95 89
71 72 7
71 73 43
71 74 56
71 75 29
71 76 90
71 77 36
71 78 38
71 79 19
71 80 52
71 81 6
71 82 53
71 83 33
71 84 74
71 85 86
71 86 38
71 87 25
71 88 80
71 89 67
71 90 36
71 91 51
71 92 94
71 93 83
71 94 6
71 95 19
72 73 29
72 74 70
72 75 29
72 76 36
72 77 18
72 78 98
72 79 51
72 80 95
72 81 42
72 82 17
72 83 31
72 84 33
72 85 20
72 86 33
72 87 54
72 88 14
72 89 29
72 90 91
72 91 55
72 92 35
72 93 63
72 94 9
72 95 83
73 74 94
73 75 96
73 76 26
73 77 51
73 78 63
73 79 15
73 80 69
73 81 7
73 82 21
73 83 20
73 84 60
73 85 70
73 86 51
73 87 91
73 88 27
73 89 42
73 90 35
73 91 4
73 92 30
73 93 34
73 94 68
73 95 90
74 75 45
74 76 19
74 77 35
74 78 35
74 79 63
74 80 97
74 81 7
74 82 41
74 83 62
74 84 26
74 85 27
74 86 73
74 87 4
74 88 62
74 89 15
74 90 57
74 91 59
74 92 0
74 93 72
74 94 48
74 95 53
75 76 39
75 77 96
75 78 43
75 79 96
75 80 70
75 81 89
75 82 36
75 83 79
75 84 41
75 85 83
75 86 46
75 87 51
75 88 0
75 89 22
75 90 39
75 91 27
75 92 48
75 93 61
75 94 71
75 95 78
76 77 11
76 78 95
76 79 63
76 80 81
76 81 39
76 82 25
76 83 68
76 84 29
76 85 74
76 86 95
76 87 87
76 88 18
76 89 34
76 90 84
76 91 80
76 92 17
76 93 41
76 94 70
76 95 53
77 78 62
77 79 91
77 80 46
77 81 14
77 82 98
77 83 62
77 84 41
77 85 64
77 86 26
77 87 6
77 88 80
77 89 93
77 90 1
77 91 49
77 92 92
77 93 97
77 94 81
77 95 76
78 79 86
78 80 64
78 81 4
78 82 87
78 83 92
78 84 98
78 85 45
78 86 67
78 87 45
78 88 12
78 89 34
78 90 20
78 91 80
78 92 27
78 93 46
78 94 51
78 95 75
79 80 66
79 81 91
79 82 57
79 83 40
79 84 1
79 85 46
79 86 99
79 87 15
79 88 80
79 89 22
79 90 3
79 91 0
79 92 45
79 93 18
79 94 63
79 95 45
80 81 56
80 82 84
80 83 2
80 84 43
80 85 44
80 86 16
80 87 67
80 88 78
80 89 36
80 90 64
80 91 98
80 92 36
80 93 8
80 94 47
80 95 34
81 82 93
81 83 34
81 84 35
81 85 79
81 86 100
81 87 6
81 88 55
81 89 70
81 90 73
81 91 100
81 92 61
81 93 44
81 94 56
81 95 78
82 83 74
82 84 2
82 85 15
82 86 96
82 87 5
82 88 45
82 89 31
82 90 97
82 91 27
82 92 15
82 93 82
82 94 9
82 95 42
83 84 15
83 85 41
83 86 70
83 87 60
83 88 5
83 89 100
83 90 50
83 91 32
83 92 98
83 93 88
83 94 5
83 95 73
84 85 77
84 86 51
84 87 68
84 88 50
84 89 99
84 90 80
84 91 28
84 92 16
84 93 69
84 94 58
84 95 51
85 86 17
85 87 63
85 88 96
85 89 78
85 90 60
85 91 31
85 92 53
85 93 17
85 94 92
85 95 19
86 87 96
86 88 38
86 89 99
86 90 94
86 91 42
86 92 7
86 93 6
86 94 60
86 95 63
87 88 49
87 89 47
87 90 66
87 91 46
87 92 64
87 93 35
87 94 64
87 95 25
88 89 37
88 90 71
88 91 10
88 92 8
88 93 55
88 94 52
88 95 98
89 90 57
89 91 50
89 92 48
89 93 91
89 94 89
89 95 12
90 91 40
90 92 94
90 93 61
90 94 20
90 95 32
91 92 16
91 93 13
91 94 37
91 95 18
92 93 19
92 94 19
92 95 4
93 94 35
93 95 34
94 95 38
