83 41
0 1 33
0 2 90
0 3 57
0 4 74
0 5 74
0 6 79
0 7 72
0 8 31
0 9 4
0 10 9
0 11 47
0 12 85
0 13 76
0 14 60
0 15 15
0 16 82
0 17 72
0 18 53
0 19 86
0 20 47
0 21 31
0 22 49
0 23 31
0 24 71
0 25 24
0 26 56
0 27 66
0 28 92
0 29 47
0 30 49
0 31 1
0 32 46
0 33 37
0 34 61
0 35 17
0 36 28
0 37 47
0 38 15
0 39 69
0 40 49
0 41 26
0 42 37
0 43 4
0 44 62
0 45 25
0 46 78
0 47 44
0 48 81
0 49 23
0 50 86
0 51 2
0 52 13
0 53 85
0 54 60
0 55 50
0 56 73
0 57 73
0 58 64
0 59 69
0 60 4
0 61 65
0 62 93
0 63 64
0 64 36
0 65 8
0 66 16
0 67 43
0 68 15
0 69 24
0 70 75
0 71 80
0 72 5
0 73 69
0 74 19
0 75 87
0 76 17
0 77 14
0 78 67
0 79 55
0 80 38
0 81 50
0 82 28
1 2 1
1 3 61
1 4 74
1 5 23
1 6 81
1 7 41
1 8 98
1 9 79
1 10 41
1 11 31
1 12 52
1 13 57
1 14 2
1 15 81
1 16 58
1 17 59
1 18 30
1 19 6
1 20 7
1 21 73
1 22 49
1 23 12
1 24 30
1 25 61
1 26 72
1 27 36
1 28 5
1 29 51
1 30 45
1 31 67
1 32 26
1 33 77
1 34 44
1 35 83
1 36 64
1 37 25
1 38 6
1 39 19
1 40 74
1 41 91
1 42 78
1 43 65
1 44 20
1 45 99
1 46 8
1 47 63
1 48 44
1 49 63
1 50 61
1 51 66
1 52 21
1 53 77
1 54 17
1 55 0
1 56 19
1 57 38
1 58 43
1 59 9
1 60 74
1 61 95
1 62 100
1 63 15
1 64 36
1 65 41
1 66 69
1 67 38
1 68 42
1 69 43
1 70 19
1 71 10
1 72 95
1 73 35
1 74 17
1 75 72
1 76 33
1 77 74
1 78 54
1 79 98
1 80 35
1 81 21
1 82 64
2 3 62
2 4 48
2 5 63
2 6 62
2 7 7
2 8 9
2 9 64
2 10 21
2 11 71
2 12 65
2 13 87
2 14 85
2 15 51
2 16 43
2 17 77
2 18 48
2 19 98
2 20 27
2 21 53
2 22 19
2 23 99
2 24 49
2 25 34
2 26 4
2 27 43
2 28 26
2 29 41
2 30 13
2 31 64
2 32 97
2 33 67
2 34 10
2 35 40
2 36 76
2 37 43
2 38 59
2 39 96
2 40 45
2 41 60
2 42 20
2 43 30
2 44 24
2 45 74
2 46 39
2 47 54
2 48 38
2 49 25
2 50 26
2 51 87
2 52 33
2 53 26
2 54 4
2 55 87
2 56 54
2 57 70
2 58 54
2 59 9
2 60 64
2 61 15
2 62 73
2 63 42
2 64 26
2 65 93
2 66 9
2 67 61
2 68 97
2 69 71
2 70 52
2 71 20
2 72 65
2 73 80
2 74 60
2 75 42
2 76 42
2 77 78
2 78 70
2 79 81
2 80 81
2 81 79
2 82 95
3 4 82
3 5 12
3 6 10
3 7 61
3 8 43
3 9 73
3 10 41
3 11 23
3 12 39
3 13 25
3 14 52
3 15 18
3 16 53
3 17 96
3 18 77
3 19 68
3 20 39
3 21 69
3 22 22
3 23 90
3 24 83
3 25 24
3 26 1
3 27 75
3 28 66
3 29 56
3 30 2
3 31 91
3 32 16
3 33 97
3 34 62
3 35 24
3 36 73
3 37 86
3 38 40
3 39 85
3 40 54
3 41 23
3 42 27
3 43 5
3 44 62
3 45 19
3 46 28
3 47 37
3 48 34
3 49 73
3 50 83
3 51 68
3 52 18
3 53 98
3 54 26
3 55 48
3 56 97
3 57 56
3 58 52
3 59 75
3 60 11
3 61 41
3 62 54
3 63 59
3 64 40
3 65 8
3 66 79
3 67 2
3 68 17
3 69 56
3 70 82
3 71 93
3 72 31
3 73 44
3 74 54
3 75 23
3 76 41
3 77 6
3 78 5
3 79 30
3 80 42
3 81 10
3 82 15
4 5 67
4 6 64
4 7 75
4 8 63
4 9 22
4 10 3
4 11 97
4 12 11
4 13 47
4 14 12
4 15 52
4 16 8
4 17 82
4 18 5
4 19 75
4 20 32
4 21 100
4 22 77
4 23 25
4 24 26
4 25 47
4 26 7
4 27 54
4 28 2
4 29 32
4 30 36
4 31 82
4 32 70
4 33 93
4 34 81
4 35 79
4 36 42
4 37 27
4 38 21
4 39 16
4 40 0
4 41 46
4 42 10
4 43 0
4 44 8
4 45 77
4 46 32
4 47 46
4 48 70
4 49 94
4 50 43
4 51 44
4 52 19
4 53 52
4 54 67
4 55 6
4 56 66
4 57 6
4 58 94
4 59 30
4 60 65
4 61 81
4 62 5
4 63 90
4 64 76
4 65 60
4 66 68
4 67 84
4 68 98
4 69 63
4 70 28
4 71 98
4 72 43
4 73 92
4 74 69
4 75 48
4 76 93
4 77 40
4 78 65
4 79 41
4 80 5
4 81 88
4 82 32
5 6 39
5 7 81
5 8 57
5 9 65
5 10 32
5 11 36
5 12 49
5 13 61
5 14 45
5 15 11
5 16 11
5 17 44
5 18 80
5 19 15
5 20 80
5 21 48
5 22 46
5 23 20
5 24 17
5 25 20
5 26 29
5 27 55
5 28 22
5 29 67
5 30 71
5 31 78
5 32 39
5 33 26
5 34 22
5 35 6
5 36 12
5 37 45
5 38 20
5 39 7
5 40 6
5 41 72
5 42 17
5 43 83
5 44 18
5 45 4
5 46 94
5 47 90
5 48 78
5 49 0
5 50 52
5 51 30
5 52 70
5 53 97
5 54 50
5 55 40
5 56 90
5 57 86
5 58 47
5 59 86
5 60 72
5 61 39
5 62 15
5 63 49
5 64 20
5 65 92
5 66 0
5 67 14
5 68 95
5 69 31
5 70 76
5 71 0
5 72 19
5 73 83
5 74 59
5 75 31
5 76 92
5 77 46
5 78 98
5 79 33
5 80 23
5 81 81
5 82 64
6 7 17
6 8 78
6 9 76
6 10 67
6 11 78
6 12 51
6 13 9
6 14 70
6 15 4
6 16 47
6 17 100
6 18 25
6 19 8
6 20 21
6 21 57
6 22 35
6 23 0
6 24 76
6 25 57
6 26 55
6 27 67
6 28 93
6 29 74
6 30 5
6 31 0
6 32 31
6 33 49
6 34 47
6 35 40
6 36 67
6 37 73
6 38 22
6 39 2
6 40 83
6 41 100
6 42 35
6 43 88
6 44 86
6 45 49
6 46 27
6 47 53
6 48 97
6 49 86
6 50 24
6 51 77
6 52 58
6 53 33
6 54 94
6 55 37
6 56 41
6 57 13
6 58 30
6 59 45
6 60 37
6 61 4
6 62 39
6 63 88
6 64 8
6 65 2
6 66 33
6 67 82
6 68 20
6 69 83
6 70 8
6 71 37
6 72 83
6 73 10
6 74 86
6 75 53
6 76 77
6 77 24
6 78 24
6 79 46
6 80 23
6 81 42
6 82 56
7 8 48
7 9 70
7 10 89
7 11 45
7 12 82
7 13 24
7 14 7
7 15 79
7 16 31
7 17 42
7 18 81
7 19 0
7 20 9
7 21 85
7 22 25
7 23 69
7 24 41
7 25 33
7 26 65
7 27 35
7 28 100
7 29 19
7 30 8
7 31 52
7 32 31
7 33 15
7 34 63
7 35 4
7 36 100
7 37 56
7 38 44
7 39 1
7 40 48
7 41 45
7 42 63
7 43 42
7 44 46
7 45 78
7 46 87
7 47 9
7 48 4
7 49 53
7 50 94
7 51 10
7 52 38
7 53 31
7 54 75
7 55 55
7 56 89
7 57 33
7 58 52
7 59 62
7 60 40
7 61 37
7 62 96
7 63 91
7 64 85
7 65 79
7 66 96
7 67 13
7 68 83
7 69 53
7 70 30
7 71 83
7 72 51
7 73 43
7 74 18
7 75 75
7 76 8
7 77 17
7 78 24
7 79 68
7 80 32
7 81 77
7 82 82
8 9 65
8 10 46
8 11 8
8 12 13
8 13 92
8 14 39
8 15 85
8 16 10
8 17 17
8 18 0
8 19 97
8 20 54
8 21 54
8 22 91
8 23 9
8 24 49
8 25 52
8 26 85
8 27 30
8 28 75
8 29 69
8 30 38
8 31 96
8 32 36
8 33 84
8 34 16
8 35 10
8 36 79
8 37 75
8 38 18
8 39 94
8 40 65
8 41 8
8 42 82
8 43 47
8 44 26
8 45 52
8 46 78
8 47 97
8 48 2
8 49 15
8 50 50
8 51 83
8 52 78
8 53 9
8 54 38
8 55 73
8 56 32
8 57 71
8 58 18
8 59 34
8 60 52
8 61 46
8 62 4
8 63 47
8 64 46
8 65 81
8 66 73
8 67 57
8 68 15
8 69 97
8 70 3
8 71 62
8 72 89
8 73 91
8 74 3
8 75 54
8 76 45
8 77 73
8 78 2
8 79 92
8 80 2
8 81 87
8 82 46
9 10 5
9 11 69
9 12 94
9 13 22
9 14 74
9 15 72
9 16 32
9 17 22
9 18 39
9 19 89
9 20 6
9 21 29
9 22 28
9 23 95
9 24 84
9 25 4
9 26 78
9 27 28
9 28 85
9 29 49
9 30 37
9 31 87
9 32 99
9 33 44
9 34 58
9 35 82
9 36 66
9 37 38
9 38 67
9 39 44
9 40 55
9 41 88
9 42 41
9 43 71
9 44 42
9 45 4
9 46 53
9 47 17
9 48 13
9 49 53
9 50 90
9 51 71
9 52 29
9 53 88
9 54 92
9 55 18
9 56 95
9 57 70
9 58 46
9 59 40
9 60 46
9 61 97
9 62 23
9 63 90
9 64 98
9 65 59
9 66 39
9 67 3
9 68 46
9 69 46
9 70 38
9 71 31
9 72 18
9 73 29
9 74 83
9 75 99
9 76 83
9 77 48
9 78 13
9 79 12
9 80 84
9 81 50
9 82 95
10 11 94
10 12 46
10 13 16
10 14 60
10 15 53
10 16 44
10 17 69
10 18 93
10 19 21
10 20 56
10 21 89
10 22 41
10 23 82
10 24 98
10 25 86
10 26 74
10 27 36
10 28 25
10 29 85
10 30 50
10 31 95
10 32 1
10 33 94
10 34 57
10 35 84
10 36 47
10 37 76
10 38 14
10 39 27
10 40 67
10 41 54
10 42 93
10 43 78
10 44 98
10 45 19
10 46 89
10 47 30
10 48 18
10 49 46
10 50 12
10 51 61
10 52 89
10 53 31
10 54 21
10 55 55
10 56 58
10 57 18
10 58 20
10 59 79
10 60 53
10 61 3
10 62 46
10 63 91
10 64 34
10 65 0
10 66 94
10 67 44
10 68 68
10 69 80
10 70 52
10 71 57
10 72 93
10 73 38
10 74 53
10 75 89
10 76 63
10 77 29
10 78 5
10 79 21
10 80 55
10 81 39
10 82 29
11 12 43
11 13 86
11 14 15
11 15 32
11 16 12
11 17 34
11 18 68
11 19 3
11 20 49
11 21 36
11 22 45
11 23 52
11 24 23
11 25 68
11 26 29
11 27 32
11 28 58
11 29 79
11 30 30
11 31 85
11 32 7
11 33 29
11 34 13
11 35 46
11 36 56
11 37 80
11 38 20
11 39 69
11 40 18
11 41 2
11 42 87
11 43 74
11 44 7
11 45 54
11 46 95
11 47 46
11 48 37
11 49 49
11 50 73
11 51 8
11 52 22
11 53 3
11 54 33
11 55 50
11 56 69
11 57 91
11 58 81
11 59 51
11 60 52
11 61 23
11 62 83
11 63 49
11 64 29
11 65 85
11 66 66
11 67 72
11 68 9
11 69 57
11 70 25
11 71 98
11 72 64
11 73 85
11 74 18
11 75 70
11 76 32
11 77 60
11 78 59
11 79 97
11 80 72
11 81 91
11 82 55
12 13 97
12 14 40
12 15 42
12 16 42
12 17 96
12 18 19
12 19 32
12 20 5
12 21 37
12 22 35
12 23 48
12 24 60
12 25 90
12 26 35
12 27 80
12 28 7
12 29 86
12 30 60
12 31 77
12 32 37
12 33 36
12 34 38
12 35 63
12 36 8
12 37 1
12 38 61
12 39 70
12 40 53
12 41 45
12 42 54
12 43 14
12 44 75
12 45 97
12 46 11
12 47 35
12 48 50
12 49 29
12 50 25
12 51 98
12 52 67
12 53 15
12 54 44
12 55 79
12 56 47
12 57 60
12 58 55
12 59 84
12 60 98
12 61 64
12 62 60
12 63 84
12 64 79
12 65 76
12 66 43
12 67 52
12 68 51
12 69 50
12 70 29
12 71 99
12 72 24
12 73 73
12 74 54
12 75 25
12 76 64
12 77 62
12 78 63
12 79 56
12 80 45
12 81 38
12 82 31
13 14 59
13 15 25
13 16 69
13 17 5
13 18 26
13 19 48
13 20 12
13 21 69
13 22 84
13 23 5
13 24 98
13 25 57
13 26 22
13 27 23
13 28 13
13 29 98
13 30 96
13 31 45
13 32 7
13 33 12
13 34 49
13 35 3
13 36 92
13 37 55
13 38 18
13 39 76
13 40 26
13 41 84
13 42 33
13 43 83
13 44 62
13 45 31
13 46 81
13 47 73
13 48 27
13 49 53
13 50 88
13 51 42
13 52 43
13 53 25
13 54 58
13 55 46
13 56 62
13 57 4
13 58 55
13 59 11
13 60 11
13 61 88
13 62 15
13 63 75
13 64 64
13 65 58
13 66 82
13 67 96
13 68 16
13 69 18
13 70 58
13 71 99
13 72 4
13 73 25
13 74 53
13 75 84
13 76 42
13 77 7
13 78 49
13 79 62
13 80 84
13 81 56
13 82 37
14 15 86
14 16 92
14 17 65
14 18 95
14 19 21
14 20 4
14 21 20
14 22 73
14 23 29
14 24 88
14 25 18
14 26 53
14 27 46
14 28 66
14 29 12
14 30 66
14 31 79
14 32 84
14 33 37
14 34 96
14 35 25
14 36 30
14 37 68
14 38 13
14 39 84
14 40 33
14 41 87
14 42 33
14 43 37
14 44 15
14 45 32
14 46 99
14 47 89
14 48 35
14 49 99
14 50 46
14 51 94
14 52 24
14 53 27
14 54 90
14 55 90
14 56 71
14 57 31
14 58 65
14 59 82
14 60 45
14 61 73
14 62 90
14 63 11
14 64 54
14 65 11
14 66 57
14 67 68
14 68 44
14 69 96
14 70 91
14 71 85
14 72 42
14 73 28
14 74 29
14 75 58
14 76 66
14 77 49
14 78 7
14 79 56
14 80 68
14 81 26
14 82 87
15 16 25
15 17 100
15 18 43
15 19 15
15 20 82
15 21 51
15 22 12
15 23 71
15 24 75
15 25 79
15 26 99
15 27 64
15 28 37
15 29 42
15 30 27
15 31 18
15 32 10
15 33 54
15 34 13
15 35 56
15 36 58
15 37 81
15 38 33
15 39 98
15 40 23
15 41 18
15 42 6
15 43 85
15 44 6
15 45 10
15 46 66
15 47 8
15 48 44
15 49 94
15 50 0
15 51 90
15 52 88
15 53 57
15 54 16
15 55 28
15 56 78
15 57 31
15 58 28
15 59 98
15 60 5
15 61 38
15 62 85
15 63 83
15 64 27
15 65 3
15 66 90
15 67 31
15 68 97
15 69 24
15 70 24
15 71 40
15 72 23
15 73 31
15 74 18
15 75 79
15 76 16
15 77 76
15 78 9
15 79 30
15 80 35
15 81 62
15 82 0
16 17 29
16 18 98
16 19 13
16 20 71
16 21 20
16 22 53
16 23 52
16 24 24
16 25 28
16 26 14
16 27 22
16 28 41
16 29 92
16 30 64
16 31 47
16 32 51
16 33 22
16 34 19
16 35 36
16 36 77
16 37 76
16 38 8
16 39 41
16 40 8
16 41 92
16 42 44
16 43 1
16 44 81
16 45 74
16 46 31
16 47 72
16 48 54
16 49 22
16 50 14
16 51 31
16 52 46
16 53 99
16 54 58
16 55 60
16 56 34
16 57 97
16 58 55
16 59 86
16 60 97
16 61 14
16 62 84
16 63 17
16 64 73
16 65 79
16 66 79
16 67 21
16 68 8
16 69 63
16 70 86
16 71 43
16 72 100
16 73 46
16 74 80
16 75 13
16 76 79
16 77 3
16 78 72
16 79 37
16 80 94
16 81 84
16 82 51
17 18 62
17 19 11
17 20 94
17 21 12
17 22 15
17 23 30
17 24 29
17 25 18
17 26 10
17 27 46
17 28 59
17 29 38
17 30 41
17 31 18
17 32 53
17 33 11
17 34 7
17 35 23
17 36 82
17 37 11
17 38 83
17 39 36
17 40 50
17 41 47
17 42 12
17 43 76
17 44 47
17 45 24
17 46 60
17 47 32
17 48 96
17 49 65
17 50 54
17 51 12
17 52 38
17 53 63
17 54 5
17 55 36
17 56 52
17 57 82
17 58 63
17 59 51
17 60 82
17 61 61
17 62 68
17 63 75
17 64 54
17 65 48
17 66 80
17 67 63
17 68 5
17 69 53
17 70 15
17 71 81
17 72 88
17 73 4
17 74 71
17 75 13
17 76 43
17 77 18
17 78 99
17 79 58
17 80 48
17 81 75
17 82 42
18 19 29
18 20 29
18 21 88
18 22 84
18 23 53
18 24 27
18 25 66
18 26 9
18 27 21
18 28 41
18 29 86
18 30 50
18 31 1
18 32 32
18 33 54
18 34 94
18 35 43
18 36 81
18 37 34
18 38 93
18 39 85
18 40 3
18 41 7
18 42 42
18 43 28
18 44 51
18 45 11
18 46 70
18 47 11
18 48 68
18 49 28
18 50 94
18 51 9
18 52 19
18 53 38
18 54 41
18 55 98
18 56 31
18 57 90
18 58 97
18 59 94
18 60 92
18 61 73
18 62 29
18 63 14
18 64 77
18 65 25
18 66 22
18 67 63
18 68 31
18 69 92
18 70 60
18 71 46
18 72 16
18 73 24
18 74 55
18 75 29
18 76 100
18 77 39
18 78 34
18 79 26
18 80 88
18 81 78
18 82 67
19 20 97
19 21 94
19 22 39
19 23 48
19 24 11
19 25 92
19 26 36
19 27 57
19 28 72
19 29 94
19 30 33
19 31 30
19 32 77
19 33 47
19 34 5
19 35 1
19 36 4
19 37 76
19 38 64
19 39 0
19 40 20
19 41 27
19 42 1
19 43 89
19 44 30
19 45 65
19 46 30
19 47 87
19 48 62
19 49 84
19 50 58
19 51 96
19 52 8
19 53 49
19 54 61
19 55 40
19 56 78
19 57 35
19 58 44
19 59 79
19 60 9
19 61 45
19 62 76
19 63 60
19 64 65
19 65 96
19 66 35
19 67 1
19 68 91
19 69 68
19 70 58
19 71 9
19 72 90
19 73 16
19 74 84
19 75 45
19 76 48
19 77 87
19 78 45
19 79 17
19 80 39
19 81 52
19 82 13
20 21 57
20 22 36
20 23 25
20 24 75
20 25 22
20 26 60
20 27 61
20 28 52
20 29 90
20 30 62
20 31 75
20 32 36
20 33 80
20 34 92
20 35 15
20 36 37
20 37 0
20 38 100
20 39 45
20 40 79
20 41 10
20 42 31
20 43 16
20 44 35
20 45 100
20 46 28
20 47 79
20 48 36
20 49 99
20 50 61
20 51 39
20 52 74
20 53 78
20 54 24
20 55 33
20 56 10
20 57 0
20 58 98
20 59 17
20 60 8
20 61 48
20 62 34
20 63 96
20 64 64
20 65 98
20 66 66
20 67 33
20 68 93
20 69 14
20 70 64
20 71 52
20 72 85
20 73 11
20 74 75
20 75 9
20 76 9
20 77 93
20 78 74
20 79 9
20 80 77
20 81 31
20 82 74
21 22 0
21 23 39
21 24 54
21 25 18
21 26 23
21 27 77
21 28 33
21 29 19
21 30 6
21 31 0
21 32 22
21 33 39
21 34 98
21 35 85
21 36 5
21 37 16
21 38 0
21 39 47
21 40 44
21 41 47
21 42 89
21 43 60
21 44 79
21 45 48
21 46 13
21 47 15
21 48 66
21 49 30
21 50 50
21 51 68
21 52 16
21 53 96
21 54 99
21 55 15
21 56 50
21 57 63
21 58 48
21 59 69
21 60 64
21 61 25
21 62 60
21 63 1
21 64 65
21 65 58
21 66 22
21 67 92
21 68 41
21 69 66
21 70 41
21 71 63
21 72 63
21 73 49
21 74 58
21 75 63
21 76 44
21 77 55
21 78 47
21 79 11
21 80 38
21 81 89
21 82 56
22 23 51
22 24 63
22 25 13
22 26 16
22 27 86
22 28 37
22 29 66
22 30 61
22 31 29
22 32 98
22 33 95
22 34 83
22 35 52
22 36 58
22 37 83
22 38 78
22 39 67
22 40 56
22 41 29
22 42 32
22 43 45
22 44 84
22 45 77
22 46 10
22 47 70
22 48 38
22 49 92
22 50 57
22 51 30
22 52 88
22 53 14
22 54 19
22 55 20
22 56 52
22 57 83
22 58 89
22 59 58
22 60 38
22 61 67
22 62 42
22 63 91
22 64 25
22 65 86
22 66 50
22 67 11
22 68 42
22 69 50
22 70 87
22 71 97
22 72 58
22 73 11
22 74 50
22 75 93
22 76 50
22 77 15
22 78 20
22 79 95
22 80 49
22 81 73
22 82 74
23 24 82
23 25 8
23 26 47
23 27 15
23 28 43
23 29 58
23 30 97
23 31 68
23 32 51
23 33 3
23 34 37
23 35 85
23 36 84
23 37 66
23 38 27
23 39 29
23 40 27
23 41 55
23 42 21
23 43 100
23 44 100
23 45 42
23 46 44
23 47 45
23 48 23
23 49 43
23 50 64
23 51 49
23 52 91
23 53 56
23 54 42
23 55 27
23 56 94
23 57 59
23 58 13
23 59 9
23 60 61
23 61 78
23 62 70
23 63 77
23 64 41
23 65 38
23 66 59
23 67 26
23 68 30
23 69 32
23 70 55
23 71 91
23 72 11
23 73 56
23 74 65
23 75 87
23 76 41
23 77 28
23 78 68
23 79 7
23 80 40
23 81 35
23 82 76
24 25 20
24 26 41
24 27 85
24 28 3
24 29 97
24 30 63
24 31 89
24 32 41
24 33 24
24 34 5
24 35 38
24 36 4
24 37 11
24 38 69
24 39 98
24 40 7
24 41 54
24 42 94
24 43 25
24 44 29
24 45 36
24 46 32
24 47 81
24 48 53
24 49 58
24 50 60
24 51 80
24 52 47
24 53 21
24 54 19
24 55 14
24 56 48
24 57 72
24 58 89
24 59 73
24 60 18
24 61 98
24 62 23
24 63 61
24 64 24
24 65 16
24 66 72
24 67 86
24 68 3
24 69 37
24 70 49
24 71 15
24 72 78
24 73 76
24 74 43
24 75 78
24 76 91
24 77 17
24 78 62
24 79 16
24 80 37
24 81 90
24 82 96
25 26 42
25 27 5
25 28 31
25 29 9
25 30 71
25 31 29
25 32 79
25 33 9
25 34 10
25 35 52
25 36 82
25 37 35
25 38 22
25 39 62
25 40 37
25 41 50
25 42 19
25 43 72
25 44 45
25 45 82
25 46 63
25 47 54
25 48 47
25 49 13
25 50 65
25 51 61
25 52 49
25 53 39
25 54 93
25 55 65
25 56 52
25 57 34
25 58 85
25 59 46
25 60 30
25 61 53
25 62 32
25 63 35
25 64 25
25 65 64
25 66 39
25 67 2
25 68 32
25 69 68
25 70 54
25 71 16
25 72 64
25 73 78
25 74 49
25 75 77
25 76 67
25 77 50
25 78 58
25 79 89
25 80 88
25 81 6
25 82 98
26 27 21
26 28 40
26 29 88
26 30 32
26 31 75
26 32 69
26 33 17
26 34 23
26 35 94
26 36 100
26 37 50
26 38 67
26 39 97
26 40 8
26 41 90
26 42 97
26 43 27
26 44 20
26 45 70
26 46 67
26 47 7
26 48 55
26 49 91
26 50 13
26 51 16
26 52 32
26 53 4
26 54 71
26 55 81
26 56 93
26 57 15
26 58 5
26 59 36
26 60 70
26 61 96
26 62 5
26 63 58
26 64 20
26 65 57
26 66 88
26 67 45
26 68 99
26 69 73
26 70 29
26 71 36
26 72 62
26 73 30
26 74 21
26 75 61
26 76 77
26 77 60
26 78 19
26 79 29
26 80 12
26 81 66
26 82 8
27 28 78
27 29 50
27 30 58
27 31 67
27 32 60
27 33 93
27 34 3
27 35 68
27 36 21
27 37 60
27 38 99
27 39 86
27 40 66
27 41 94
27 42 8
27 43 94
27 44 78
27 45 51
27 46 87
27 47 8
27 48 7
27 49 28
27 50 69
27 51 14
27 52 99
27 53 12
27 54 88
27 55 15
27 56 4
27 57 43
27 58 15
27 59 60
27 60 15
27 61 11
27 62 36
27 63 100
27 64 30
27 65 28
27 66 56
27 67 19
27 68 8
27 69 46
27 70 80
27 71 23
27 72 30
27 73 15
27 74 33
27 75 78
27 76 38
27 77 92
27 78 7
27 79 61
27 80 22
27 81 87
27 82 19
28 29 67
28 30 93
28 31 62
28 32 70
28 33 59
28 34 21
28 35 86
28 36 60
28 37 59
28 38 61
28 39 83
28 40 27
28 41 70
28 42 48
28 43 62
28 44 63
28 45 31
28 46 95
28 47 98
28 48 22
28 49 88
28 50 55
28 51 67
28 52 75
28 53 54
28 54 33
28 55 9
28 56 25
28 57 6
28 58 3
28 59 89
28 60 85
28 61 48
28 62 98
28 63 25
28 64 57
28 65 1
28 66 25
28 67 53
28 68 94
28 69 41
28 70 25
28 71 74
28 72 83
28 73 93
28 74 75
28 75 60
28 76 45
28 77 91
28 78 13
28 79 32
28 80 29
28 81 1
28 82 74
29 30 37
29 31 22
29 32 63
29 33 34
29 34 64
29 35 16
29 36 29
29 37 92
29 38 41
29 39 50
29 40 67
29 41 75
29 42 25
29 43 0
29 44 46
29 45 17
29 46 49
29 47 76
29 48 37
29 49 87
29 50 16
29 51 44
29 52 77
29 53 33
29 54 13
29 55 33
29 56 53
29 57 63
29 58 73
29 59 23
29 60 42
29 61 73
29 62 41
29 63 19
29 64 79
29 65 100
29 66 2
29 67 19
29 68 45
29 69 11
29 70 73
29 71 64
29 72 33
29 73 45
29 74 44
29 75 7
29 76 16
29 77 88
29 78 23
29 79 23
29 80 67
29 81 70
29 82 78
30 31 9
30 32 10
30 33 16
30 34 99
30 35 28
30 36 3
30 37 92
30 38 92
30 39 76
30 40 28
30 41 46
30 42 98
30 43 44
30 44 57
30 45 37
30 46 81
30 47 18
30 48 89
30 49 87
30 50 67
30 51 74
30 52 75
30 53 65
30 54 94
30 55 48
30 56 51
30 57 99
30 58 96
30 59 58
30 60 47
30 61 1
30 62 80
30 63 72
30 64 11
30 65 60
30 66 47
30 67 92
30 68 74
30 69 91
30 70 94
30 71 55
30 72 13
30 73 94
30 74 20
30 75 59
30 76 6
30 77 76
30 78 72
30 79 90
30 80 95
30 81 24
30 82 89
31 32 82
31 33 12
31 34 90
31 35 64
31 36 27
31 37 59
31 38 56
31 39 93
31 40 42
31 41 42
31 42 46
31 43 33
31 44 41
31 45 25
31 46 82
31 47 56
31 48 99
31 49 39
31 50 100
31 51 57
31 52 66
31 53 44
31 54 39
31 55 10
31 56 57
31 57 2
31 58 18
31 59 74
31 60 16
31 61 64
31 62 96
31 63 6
31 64 41
31 65 25
31 66 0
31 67 56
31 68 17
31 69 11
31 70 79
31 71 30
31 72 1
31 73 98
31 74 6
31 75 99
31 76 81
31 77 33
31 78 24
31 79 98
31 80 66
31 81 14
31 82 19
32 33 13
32 34 41
32 35 60
32 36 83
32 37 75
32 38 35
32 39 51
32 40 91
32 41 46
32 42 54
32 43 32
32 44 94
32 45 82
32 46 35
32 47 63
32 48 36
32 49 70
32 50 92
32 51 40
32 52 77
32 53 42
32 54 40
32 55 55
32 56 67
32 57 21
32 58 57
32 59 43
32 60 35
32 61 38
32 62 19
32 63 37
32 64 32
32 65 44
32 66 77
32 67 19
32 68 24
32 69 2
32 70 57
32 71 43
32 72 66
32 73 57
32 74 37
32 75 37
32 76 43
32 77 72
32 78 91
32 79 96
32 80 73
32 81 37
32 82 40
33 34 48
33 35 26
33 36 13
33 37 90
33 38 56
33 39 12
33 40 54
33 41 92
33 42 75
33 43 76
33 44 93
33 45 31
33 46 36
33 47 97
33 48 78
33 49 22
33 50 24
33 51 68
33 52 65
33 53 13
33 54 33
33 55 18
33 56 49
33 57 66
33 58 8
33 59 41
33 60 95
33 61 67
33 62 90
33 63 7
33 64 40
33 65 9
33 66 35
33 67 2
33 68 20
33 69 78
33 70 12
33 71 74
33 72 90
33 73 5
33 74 45
33 75 92
33 76 26
33 77 60
33 78 60
33 79 91
33 80 48
33 81 98
33 82 72
34 35 38
34 36 70
34 37 73
34 38 95
34 39 72
34 40 24
34 41 15
34 42 99
34 43 64
34 44 41
34 45 39
34 46 52
34 47 45
34 48 36
34 49 32
34 50 84
34 51 98
34 52 89
34 53 40
34 54 53
34 55 33
34 56 84
34 57 54
34 58 7
34 59 21
34 60 89
34 61 59
34 62 58
34 63 14
34 64 38
34 65 11
34 66 74
34 67 40
34 68 22
34 69 83
34 70 98
34 71 12
34 72 73
34 73 85
34 74 84
34 75 8
34 76 26
34 77 42
34 78 77
34 79 49
34 80 64
34 81 43
34 82 55
35 36 42
35 37 31
35 38 78
35 39 51
35 40 38
35 41 15
35 42 70
35 43 6
35 44 99
35 45 39
35 46 28
35 47 62
35 48 51
35 49 63
35 50 7
35 51 92
35 52 81
35 53 99
35 54 23
35 55 24
35 56 28
35 57 48
35 58 72
35 59 3
35 60 39
35 61 80
35 62 1
35 63 68
35 64 41
35 65 72
35 66 43
35 67 97
35 68 85
35 69 23
35 70 78
35 71 63
35 72 46
35 73 1
35 74 68
35 75 13
35 76 24
35 77 73
35 78 22
35 79 8
35 80 52
35 81 93
35 82 67
36 37 41
36 38 2
36 39 51
36 40 88
36 41 89
36 42 35
36 43 79
36 44 6
36 45 42
36 46 30
36 47 91
36 48 39
36 49 1
36 50 48
36 51 10
36 52 33
36 53 8
36 54 24
36 55 32
36 56 11
36 57 46
36 58 8
36 59 2
36 60 51
36 61 94
36 62 75
36 63 67
36 64 25
36 65 3
36 66 90
36 67 28
36 68 87
36 69 37
36 70 71
36 71 10
36 72 98
36 73 43
36 74 88
36 75 76
36 76 55
36 77 9
36 78 19
36 79 75
36 80 98
36 81 2
36 82 21
37 38 6
37 39 50
37 40 45
37 41 82
37 42 1
37 43 70
37 44 78
37 45 53
37 46 70
37 47 75
37 48 40
37 49 50
37 50 57
37 51 92
37 52 10
37 53 22
37 54 75
37 55 14
37 56 97
37 57 88
37 58 64
37 59 72
37 60 96
37 61 95
37 62 1
37 63 9
37 64 55
37 65 53
37 66 79
37 67 37
37 68 75
37 69 97
37 70 7
37 71 52
37 72 74
37 73 33
37 74 10
37 75 9
37 76 29
37 77 35
37 78 76
37 79 86
37 80 79
37 81 76
37 82 100
38 39 35
38 40 77
38 41 31
38 42 85
38 43 57
38 44 97
38 45 92
38 46 33
38 47 99
38 48 96
38 49 81
38 50 16
38 51 9
38 52 90
38 53 24
38 54 18
38 55 75
38 56 14
38 57 2
38 58 7
38 59 0
38 60 29
38 61 56
38 62 64
38 63 53
38 64 90
38 65 47
38 66 34
38 67 79
38 68 18
38 69 23
38 70 38
38 71 99
38 72 56
38 73 84
38 74 32
38 75 26
38 76 75
38 77 56
38 78 51
38 79 49
38 80 48
38 81 13
38 82 40
39 40 2
39 41 85
39 42 75
39 43 8
39 44 3
39 45 53
39 46 51
39 47 36
39 48 81
39 49 80
39 50 41
39 51 10
39 52 64
39 53 74
39 54 68
39 55 88
39 56 29
39 57 17
39 58 0
39 59 92
39 60 76
39 61 33
39 62 30
39 63 9
39 64 60
39 65 43
39 66 41
39 67 91
39 68 12
39 69 77
39 70 75
39 71 45
39 72 80
39 73 14
39 74 21
39 75 68
39 76 33
39 77 87
39 78 97
39 79 60
39 80 1
39 81 75
39 82 54
40 41 16
40 42 85
40 43 82
40 44 98
40 45 98
40 46 81
40 47 12
40 48 19
40 49 91
40 50 33
40 51 71
40 52 44
40 53 88
40 54 97
40 55 47
40 56 80
40 57 7
40 58 41
40 59 45
40 60 47
40 61 95
40 62 55
40 63 15
40 64 21
40 65 84
40 66 34
40 67 82
40 68 51
40 69 46
40 70 94
40 71 53
40 72 8
40 73 98
40 74 77
40 75 61
40 76 83
40 77 90
40 78 45
40 79 10
40 80 44
40 81 0
40 82 72
41 42 76
41 43 50
41 44 19
41 45 4
41 46 63
41 47 77
41 48 2
41 49 17
41 50 7
41 51 73
41 52 31
41 53 63
41 54 54
41 55 41
41 56 81
41 57 2
41 58 45
41 59 97
41 60 10
41 61 81
41 62 72
41 63 75
41 64 10
41 65 100
41 66 49
41 67 59
41 68 48
41 69 54
41 70 34
41 71 52
41 72 87
41 73 53
41 74 64
41 75 5
41 76 80
41 77 94
41 78 40
41 79 81
41 80 32
41 81 37
41 82 41
42 43 70
42 44 75
42 45 20
42 46 38
42 47 90
42 48 91
42 49 57
42 50 95
42 51 70
42 52 26
42 53 24
42 54 32
42 55 8
42 56 2
42 57 67
42 58 35
42 59 26
42 60 44
42 61 5
42 62 58
42 63 53
42 64 45
42 65 41
42 66 94
42 67 95
42 68 15
42 69 30
42 70 17
42 71 51
42 72 20
42 73 58
42 74 82
42 75 68
42 76 60
42 77 43
42 78 57
42 79 99
42 80 45
42 81 13
42 82 61
43 44 58
43 45 71
43 46 66
43 47 48
43 48 43
43 49 94
43 50 3
43 51 97
43 52 85
43 53 84
43 54 100
43 55 36
43 56 15
43 57 9
43 58 78
43 59 1
43 60 10
43 61 70
43 62 22
43 63 38
43 64 82
43 65 35
43 66 8
43 67 83
43 68 44
43 69 57
43 70 32
43 71 74
43 72 56
43 73 59
43 74 48
43 75 60
43 76 11
43 77 88
43 78 64
43 79 0
43 80 81
43 81 45
43 82 55
44 45 67
44 46 100
44 47 58
44 48 33
44 49 85
44 50 84
44 51 21
44 52 67
44 53 67
44 54 49
44 55 37
44 56 60
44 57 51
44 58 5
44 59 100
44 60 44
44 61 100
44 62 93
44 63 41
44 64 61
44 65 84
44 66 74
44 67 62
44 68 56
44 69 58
44 70 24
44 71 22
44 72 68
44 73 46
44 74 68
44 75 7
44 76 63
44 77 100
44 78 23
44 79 70
44 80 16
44 81 22
44 82 27
45 46 57
45 47 99
45 48 84
45 49 49
45 50 5
45 51 14
45 52 33
45 53 81
45 54 5
45 55 70
45 56 54
45 57 62
45 58 76
45 59 63
45 60 76
45 61 48
45 62 89
45 63 89
45 64 64
45 65 27
45 66 2
45 67 28
45 68 50
45 69 24
45 70 72
45 71 99
45 72 92
45 73 44
45 74 97
45 75 87
45 76 12
45 77 21
45 78 49
45 79 68
45 80 90
45 81 44
45 82 60
46 47 96
46 48 63
46 49 98
46 50 4
46 51 64
46 52 21
46 53 4
46 54 80
46 55 63
46 56 17
46 57 69
46 58 7
46 59 100
46 60 10
46 61 53
46 62 26
46 63 7
46 64 80
46 65 51
46 66 14
46 67 9
46 68 54
46 69 34
46 70 75
46 71 71
46 72 90
46 73 22
46 74 85
46 75 81
46 76 66
46 77 74
46 78 70
46 79 68
46 80 14
46 81 42
46 82 46
47 48 39
47 49 22
47 50 79
47 51 62
47 52 24
47 53 86
47 54 84
47 55 86
47 56 53
47 57 44
47 58 71
47 59 24
47 60 65
47 61 42
47 62 71
47 63 59
47 64 29
47 65 35
47 66 15
47 67 51
47 68 40
47 69 26
47 70 65
47 71 51
47 72 20
47 73 65
47 74 85
47 75 98
47 76 3
47 77 53
47 78 91
47 79 56
47 80 15
47 81 60
47 82 35
48 49 2
48 50 23
48 51 78
48 52 88
48 53 20
48 54 77
48 55 49
48 56 50
48 57 49
48 58 15
48 59 75
48 60 90
48 61 39
48 62 45
48 63 11
48 64 46
48 65 39
48 66 24
48 67 52
48 68 33
48 69 81
48 70 98
48 71 20
48 72 45
48 73 2
48 74 3
48 75 58
48 76 87
48 77 48
48 78 93
48 79 90
48 80 62
48 81 48
48 82 77
49 50 98
49 51 19
49 52 70
49 53 69
49 54 87
49 55 62
49 56 62
49 57 30
49 58 71
49 59 87
49 60 91
49 61 32
49 62 83
49 63 96
49 64 75
49 65 22
49 66 91
49 67 96
49 68 76
49 69 71
49 70 86
49 71 31
49 72 63
49 73 93
49 74 23
49 75 75
49 76 85
49 77 89
49 78 34
49 79 17
49 80 11
49 81 43
49 82 65
50 51 44
50 52 62
50 53 74
50 54 13
50 55 6
50 56 28
50 57 95
50 58 62
50 59 81
50 60 37
50 61 89
50 62 88
50 63 53
50 64 38
50 65 51
50 66 94
50 67 22
50 68 42
50 69 89
50 70 98
50 71 94
50 72 90
50 73 64
50 74 21
50 75 59
50 76 53
50 77 41
50 78 78
50 79 22
50 80 3
50 81 7
50 82 99
51 52 92
51 53 78
51 54 76
51 55 55
51 56 10
51 57 29
51 58 85
51 59 80
51 60 75
51 61 100
51 62 59
51 63 58
51 64 32
51 65 48
51 66 88
51 67 93
51 68 78
51 69 77
51 70 91
51 71 47
51 72 44
51 73 72
51 74 42
51 75 97
51 76 88
51 77 41
51 78 19
51 79 53
51 80 91
51 81 75
51 82 98
52 53 4
52 54 37
52 55 52
52 56 54
52 57 47
52 58 75
52 59 72
52 60 39
52 61 1
52 62 92
52 63 6
52 64 69
52 65 25
52 66 11
52 67 64
52 68 88
52 69 33
52 70 55
52 71 90
52 72 33
52 73 16
52 74 83
52 75 40
52 76 27
52 77 43
52 78 25
52 79 13
52 80 25
52 81 24
52 82 71
53 54 10
53 55 76
53 56 64
53 57 3
53 58 28
53 59 31
53 60 43
53 61 13
53 62 52
53 63 18
53 64 8
53 65 87
53 66 73
53 67 37
53 68 45
53 69 61
53 70 22
53 71 19
53 72 63
53 73 30
53 74 83
53 75 10
53 76 72
53 77 46
53 78 31
53 79 13
53 80 50
53 81 41
53 82 67
54 55 23
54 56 83
54 57 97
54 58 66
54 59 94
54 60 79
54 61 98
54 62 46
54 63 78
54 64 12
54 65 52
54 66 94
54 67 73
54 68 27
54 69 85
54 70 85
54 71 72
54 72 49
54 73 14
54 74 79
54 75 43
54 76 45
54 77 98
54 78 31
54 79 77
54 80 73
54 81 90
54 82 80
55 56 60
55 57 88
55 58 73
55 59 37
55 60 56
55 61 38
55 62 52
55 63 71
55 64 35
55 65 22
55 66 40
55 67 29
55 68 96
55 69 63
55 70 40
55 71 57
55 72 62
55 73 83
55 74 52
55 75 7
55 76 70
55 77 50
55 78 23
55 79 90
55 80 58
55 81 39
55 82 15
56 57 99
56 58 27
56 59 78
56 60 17
56 61 10
56 62 22
56 63 10
56 64 1
56 65 43
56 66 14
56 67 31
56 68 84
56 69 60
56 70 12
56 71 22
56 72 17
56 73 24
56 74 85
56 75 56
56 76 34
56 77 39
56 78 91
56 79 57
56 80 20
56 81 61
56 82 86
57 58 49
57 59 24
57 60 62
57 61 53
57 62 60
57 63 26
57 64 8
57 65 85
57 66 60
57 67 77
57 68 99
57 69 4
57 70 30
57 71 66
57 72 45
57 73 16
57 74 17
57 75 25
57 76 97
57 77 26
57 78 39
57 79 60
57 80 8
57 81 11
57 82 70
58 59 5
58 60 25
58 61 63
58 62 63
58 63 35
58 64 81
58 65 6
58 66 59
58 67 41
58 68 36
58 69 95
58 70 13
58 71 89
58 72 6
58 73 83
58 74 32
58 75 70
58 76 37
58 77 68
58 78 14
58 79 48
58 80 97
58 81 84
58 82 66
59 60 59
59 61 28
59 62 70
59 63 15
59 64 15
59 65 72
59 66 23
59 67 94
59 68 86
59 69 45
59 70 38
59 71 57
59 72 94
59 73 81
59 74 87
59 75 76
59 76 8
59 77 28
59 78 13
59 79 42
59 80 0
59 81 67
59 82 60
60 61 88
60 62 69
60 63 94
60 64 81
60 65 66
60 66 63
60 67 14
60 68 41
60 69 95
60 70 94
60 71 37
60 72 92
60 73 53
60 74 68
60 75 39
60 76 61
60 77 99
60 78 37
60 79 3
60 80 100
60 81 34
60 82 87
61 62 26
61 63 49
61 64 1
61 65 49
61 66 86
61 67 17
61 68 45
61 69 69
61 70 62
61 71 70
61 72 24
61 73 57
61 74 57
61 75 28
61 76 87
61 77 95
61 78 62
61 79 78
61 80 36
61 81 26
61 82 27
62 63 18
62 64 21
62 65 15
62 66 39
62 67 91
62 68 84
62 69 87
62 70 55
62 71 63
62 72 69
62 73 48
62 74 59
62 75 42
62 76 91
62 77 34
62 78 40
62 79 19
62 80 38
62 81 15
62 82 94
63 64 31
63 65 5
63 66 92
63 67 33
63 68 87
63 69 90
63 70 80
63 71 31
63 72 8
63 73 65
63 74 58
63 75 27
63 76 67
63 77 74
63 78 19
63 79 48
63 80 47
63 81 38
63 82 7
64 65 89
64 66 57
64 67 92
64 68 44
64 69 91
64 70 69
64 71 74
64 72 96
64 73 25
64 74 68
64 75 32
64 76 34
64 77 31
64 78 59
64 79 71
64 80 65
64 81 8
64 82 99
65 66 17
65 67 91
65 68 53
65 69 59
65 70 86
65 71 92
65 72 58
65 73 27
65 74 73
65 75 41
65 76 67
65 77 3
65 78 32
65 79 12
65 80 82
65 81 96
65 82 96
66 67 1
66 68 5
66 69 2
66 70 43
66 71 63
66 72 70
66 73 19
66 74 14
66 75 69
66 76 79
66 77 31
66 78 54
66 79 0
66 80 34
66 81 22
66 82 90
67 68 49
67 69 0
67 70 45
67 71 90
67 72 80
67 73 19
67 74 9
67 75 90
67 76 100
67 77 55
67 78 3
67 79 88
67 80 41
67 81 33
67 82 89
68 69 11
68 70 78
68 71 0
68 72 18
68 73 19
68 74 96
68 75 30
68 76 67
68 77 85
68 78 98
68 79 55
68 80 76
68 81 81
68 82 74
69 70 50
69 71 32
69 72 17
69 73 71
69 74 34
69 75 48
69 76 7
69 77 31
69 78 70
69 79 91
69 80 22
69 81 1
69 82 86
70 71 13
70 72 31
70 73 7
70 74 32
70 75 42
70 76 71
70 77 36
70 78 73
70 79 23
70 80 93
70 81 48
70 82 65
71 72 78
71 73 42
71 74 11
71 75 54
71 76 69
71 77 10
71 78 15
71 79 20
71 80 59
71 81 37
71 82 50
72 73 95
72 74 74
72 75 44
72 76 84
72 77 4
72 78 50
72 79 64
72 80 73
72 81 9
72 82 30
73 74 54
73 75 27
73 76 78
73 77 93
73 78 61
73 79 30
73 80 43
73 81 23
73 82 11
74 75 53
74 76 100
74 77 100
74 78 71
74 79 97
74 80 54
74 81 42
74 82 30
75 76 43
75 77 41
75 78 86
75 79 81
75 80 70
75 81 55
75 82 11
76 77 51
76 78 95
76 79 93
76 80 48
76 81 58
76 82 56
77 78 100
77 79 77
77 80 94
77 81 39
77 82 2
78 79 8
78 80 18
78 81 74
78 82 33
79 80 88
79 81 35
79 82 28
80 81 72
80 82 62
81 82 97
