50 25
0 1 71
0 2 48
0 3 41
0 4 90
0 5 45
0 6 51
0 7 78
0 8 6
0 9 9
0 10 92
0 11 55
0 12 85
0 13 98
0 14 38
0 15 43
0 16 11
0 17 3
0 18 93
0 19 49
0 20 40
0 21 65
0 22 43
0 23 19
0 24 19
0 25 4
0 26 85
0 27 47
0 28 29
0 29 7
0 30 56
0 31 92
0 32 27
0 33 10
0 34 69
0 35 6
0 36 51
0 37 97
0 38 63
0 39 31
0 40 96
0 41 79
0 42 50
0 43 31
0 44 48
0 45 26
0 46 87
0 47 23
0 48 36
0 49 60
1 2 37
1 3 90
1 4 78
1 5 6
1 6 8
1 7 43
1 8 6
1 9 60
1 10 86
1 11 75
1 12 41
1 13 68
1 14 91
1 15 18
1 16 82
1 17 85
1 18 71
1 19 73
1 20 50
1 21 15
1 22 26
1 23 27
1 24 83
1 25 30
1 26 25
1 27 9
1 28 96
1 29 61
1 30 45
1 31 69
1 32 54
1 33 90
1 34 45
1 35 42
1 36 19
1 37 22
1 38 26
1 39 85
1 40 39
1 41 57
1 42 72
1 43 28
1 44 39
1 45 58
1 46 86
1 47 98
1 48 6
1 49 78
2 3 28
2 4 50
2 5 70
2 6 1
2 7 13
2 8 19
2 9 65
2 10 15
2 11 33
2 12 86
2 13 67
2 14 54
2 15 68
2 16 40
2 17 2
2 18 84
2 19 4
2 20 34
2 21 55
2 22 62
2 23 65
2 24 79
2 25 14
2 26 21
2 27 64
2 28 41
2 29 84
2 30 91
2 31 41
2 32 78
2 33 8
2 34 16
2 35 75
2 36 61
2 37 34
2 38 9
2 39 55
2 40 82
2 41 94
2 42 33
2 43 52
2 44 32
2 45 65
2 46 43
2 47 69
2 48 90
2 49 41
3 4 97
3 5 93
3 6 48
3 7 14
3 8 93
3 9 55
3 10 9
3 11 72
3 12 16
3 13 74
3 14 72
3 15 75
3 16 65
3 17 99
3 18 55
3 19 24
3 20 28
3 21 34
3 22 6
3 23 68
3 24 52
3 25 39
3 26 13
3 27 90
3 28 35
3 29 82
3 30 49
3 31 60
3 32 69
3 33 91
3 34 31
3 35 82
3 36 53
3 37 42
3 38 84
3 39 74
3 40 54
3 41 32
3 42 32
3 43 90
3 44 74
3 45 88
3 46 1
3 47 23
3 48 8
3 49 31
4 5 78
4 6 41
4 7 37
4 8 34
4 9 47
4 10 52
4 11 89
4 12 4
4 13 43
4 14 27
4 15 82
4 16 10
4 17 78
4 18 43
4 19 9
4 20 62
4 21 99
4 22 65
4 23 78
4 24 60
4 25 51
4 26 95
4 27 28
4 28 52
4 29 7
4 30 2
4 31 78
4 32 15
4 33 9
4 34 63
4 35 27
4 36 4
4 37 61
4 38 29
4 39 35
4 40 84
4 41 41
4 42 58
4 43 62
4 44 85
4 45 32
4 46 4
4 47 1
4 48 34
4 49 72
5 6 10
5 7 100
5 8 50
5 9 78
5 10 98
5 11 44
5 12 5
5 13 100
5 14 9
5 15 51
5 16 56
5 17 16
5 18 76
5 19 70
5 20 61
5 21 85
5 22 51
5 23 75
5 24 39
5 25 81
5 26 68
5 27 43
5 28 57
5 29 27
5 30 41
5 31 74
5 32 19
5 33 72
5 34 13
5 35 69
5 36 49
5 37 95
5 38 6
5 39 36
5 40 53
5 41 99
5 42 56
5 43 96
5 44 47
5 45 74
5 46 54
5 47 17
5 48 96
5 49 70
6 7 87
6 8 96
6 9 21
6 10 70
6 11 69
6 12 35
6 13 2
6 14 25
6 15 85
6 16 6
6 17 9
6 18 73
6 19 58
6 20 86
6 21 54
6 22 33
6 23 93
6 24 72
6 25 27
6 26 48
6 27 99
6 28 14
6 29 74
6 30 39
6 31 97
6 32 43
6 33 87
6 34 53
6 35 16
6 36 81
6 37 15
6 38 34
6 39 61
6 40 90
6 41 30
6 42 94
6 43 76
6 44 60
6 45 2
6 46 31
6 47 10
6 48 22
6 49 76
7 8 85
7 9 59
7 10 46
7 11 64
7 12 100
7 13 13
7 14 60
7 15 74
7 16 55
7 17 15
7 18 72
7 19 5
7 20 82
7 21 67
7 22 81
7 23 12
7 24 15
7 25 43
7 26 49
7 27 3
7 28 1
7 29 2
7 30 67
7 31 18
7 32 34
7 33 27
7 34 3
7 35 96
7 36 68
7 37 32
7 38 59
7 39 40
7 40 25
7 41 22
7 42 85
7 43 19
7 44 87
7 45 90
7 46 30
7 47 75
7 48 32
7 49 6
8 9 89
8 10 90
8 11 31
8 12 61
8 13 15
8 14 70
8 15 82
8 16 87
8 17 1
8 18 54
8 19 23
8 20 19
8 21 25
8 22 24
8 23 59
8 24 20
8 25 35
8 26 40
8 27 62
8 28 26
8 29 39
8 30 49
8 31 69
8 32 62
8 33 31
8 34 79
8 35 8
8 36 99
8 37 58
8 38 44
8 39 40
8 40 68
8 41 20
8 42 81
8 43 80
8 44 38
8 45 37
8 46 51
8 47 67
8 48 76
8 49 40
9 10 77
9 11 77
9 12 52
9 13 33
9 14 90
9 15 45
9 16 78
9 17 10
9 18 37
9 19 20
9 20 56
9 21 56
9 22 29
9 23 39
9 24 62
9 25 80
9 26 7
9 27 42
9 28 66
9 29 44
9 30 46
9 31 7
9 32 83
9 33 91
9 34 99
9 35 60
9 36 69
9 37 46
9 38 4
9 39 88
9 40 27
9 41 38
9 42 30
9 43 62
9 44 59
9 45 34
9 46 63
9 47 59
9 48 44
9 49 3
10 11 16
10 12 43
10 13 87
10 14 15
10 15 79
10 16 30
10 17 100
10 18 45
10 19 8
10 20 40
10 21 22
10 22 70
10 23 64
10 24 44
10 25 93
10 26 16
10 27 20
10 28 20
10 29 88
10 30 75
10 31 92
10 32 30
10 33 76
10 34 87
10 35 84
10 36 6
10 37 55
10 38 70
10 39 7
10 40 36
10 41 84
10 42 35
10 43 66
10 44 85
10 45 25
10 46 70
10 47 51
10 48 51
10 49 19
11 12 9
11 13 98
11 14 21
11 15 75
11 16 48
11 17 22
11 18 93
11 19 57
11 20 49
11 21 19
11 22 22
11 23 3
11 24 84
11 25 79
11 26 90
11 27 98
11 28 18
11 29 91
11 30 15
11 31 66
11 32 54
11 33 89
11 34 33
11 35 49
11 36 30
11 37 94
11 38 93
11 39 47
11 40 6
11 41 60
11 42 17
11 43 53
11 44 94
11 45 5
11 46 26
11 47 25
11 48 64
11 49 77
12 13 3
12 14 52
12 15 61
12 16 69
12 17 28
12 18 89
12 19 78
12 20 19
12 21 25
12 22 72
12 23 44
12 24 38
12 25 24
12 26 81
12 27 53
12 28 98
12 29 50
12 30 82
12 31 12
12 32 45
12 33 18
12 34 25
12 35 89
12 36 44
12 37 58
12 38 45
12 39 91
12 40 90
12 41 70
12 42 57
12 43 81
12 44 66
12 45 39
12 46 30
12 47 72
12 48 20
12 49 51
13 14 98
13 15 66
13 16 63
13 17 25
13 18 49
13 19 80
13 20 94
13 21 93
13 22 23
13 23 24
13 24 52
13 25 6
13 26 72
13 27 10
13 28 42
13 29 11
13 30 52
13 31 32
13 32 90
13 33 72
13 34 30
13 35 33
13 36 84
13 37 11
13 38 14
13 39 50
13 40 34
13 41 17
13 42 29
13 43 69
13 44 50
13 45 57
13 46 35
13 47 34
13 48 16
13 49 18
14 15 86
14 16 48
14 17 14
14 18 43
14 19 45
14 20 8
14 21 5
14 22 8
14 23 29
14 24 47
14 25 30
14 26 59
14 27 36
14 28 5
14 29 24
14 30 59
14 31 91
14 32 89
14 33 19
14 34 35
14 35 10
14 36 38
14 37 81
14 38 88
14 39 92
14 40 93
14 41 68
14 42 9
14 43 77
14 44 98
14 45 63
14 46 81
14 47 57
14 48 53
14 49 19
15 16 61
15 17 48
15 18 16
15 19 11
15 20 82
15 21 92
15 22 36
15 23 84
15 24 53
15 25 48
15 26 19
15 27 45
15 28 47
15 29 51
15 30 43
15 31 63
15 32 34
15 33 82
15 34 61
15 35 24
15 36 12
15 37 83
15 38 93
15 39 26
15 40 84
15 41 5
15 42 54
15 43 13
15 44 41
15 45 12
15 46 77
15 47 70
15 48 57
15 49 43
16 17 42
16 18 54
16 19 11
16 20 51
16 21 38
16 22 72
16 23 89
16 24 96
16 25 9
16 26 43
16 27 70
16 28 85
16 29 31
16 30 57
16 31 51
16 32 87
16 33 90
16 34 67
16 35 16
16 36 18
16 37 26
16 38 80
16 39 33
16 40 99
16 41 54
16 42 78
16 43 8
16 44 42
16 45 43
16 46 37
16 47 8
16 48 59
16 49 74
17 18 42
17 19 58
17 20 44
17 21 31
17 22 74
17 23 37
17 24 45
17 25 24
17 26 74
17 27 52
17 28 66
17 29 4
17 30 20
17 31 96
17 32 47
17 33 75
17 34 29
17 35 90
17 36 96
17 37 13
17 38 39
17 39 44
17 40 88
17 41 8
17 42 8
17 43 96
17 44 48
17 45 27
17 46 71
17 47 43
17 48 2
17 49 93
18 19 28
18 20 73
18 21 35
18 22 79
18 23 56
18 24 9
18 25 64
18 26 79
18 27 42
18 28 44
18 29 17
18 30 83
18 31 25
18 32 83
18 33 92
18 34 60
18 35 17
18 36 63
18 37 58
18 38 97
18 39 83
18 40 30
18 41 50
18 42 90
18 43 87
18 44 52
18 45 80
18 46 18
18 47 7
18 48 79
18 49 11
19 20 15
19 21 2
19 22 17
19 23 36
19 24 15
19 25 32
19 26 88
19 27 88
19 28 23
19 29 25
19 30 33
19 31 10
19 32 64
19 33 29
19 34 10
19 35 89
19 36 26
19 37 56
19 38 87
19 39 82
19 40 40
19 41 96
19 42 66
19 43 12
19 44 70
19 45 30
19 46 1
19 47 37
19 48 66
19 49 81
20 21 24
20 22 79
20 23 55
20 24 3
20 25 59
20 26 32
20 27 92
20 28 55
20 29 35
20 30 13
20 31 36
20 32 82
20 33 31
20 34 19
20 35 67
20 36 76
20 37 1
20 38 65
20 39 25
20 40 8
20 41 98
20 42 18
20 43 14
20 44 67
20 45 89
20 46 79
20 47 94
20 48 27
20 49 65
21 22 24
21 23 96
21 24 99
21 25 4
21 26 42
21 27 76
21 28 66
21 29 65
21 30 51
21 31 28
21 32 25
21 33 18
21 34 97
21 35 26
21 36 16
21 37 94
21 38 34
21 39 99
21 40 14
21 41 25
21 42 84
21 43 68
21 44 42
21 45 10
21 46 79
21 47 38
21 48 46
21 49 83
22 23 92
22 24 40
22 25 19
22 26 58
22 27 63
22 28 16
22 29 88
22 30 15
22 31 53
22 32 96
22 33 65
22 34 9
22 35 54
22 36 77
22 37 53
22 38 44
22 39 98
22 40 52
22 41 73
22 42 74
22 43 71
22 44 46
22 45 48
22 46 35
22 47 62
22 48 71
22 49 45
23 24 76
23 25 21
23 26 9
23 27 47
23 28 76
23 29 52
23 30 83
23 31 34
23 32 33
23 33 100
23 34 32
23 35 38
23 36 13
23 37 19
23 38 79
23 39 98
23 40 7
23 41 71
23 42 88
23 43 83
23 44 75
23 45 45
23 46 23
23 47 18
23 48 53
23 49 86
24 25 23
24 26 100
24 27 14
24 28 80
24 29 13
24 30 1
24 31 42
24 32 91
24 33 100
24 34 73
24 35 80
24 36 100
24 37 19
24 38 70
24 39 74
24 40 37
24 41 36
24 42 63
24 43 4
24 44 87
24 45 15
24 46 99
24 47 95
24 48 29
24 49 56
25 26 42
25 27 11
25 28 93
25 29 45
25 30 82
25 31 68
25 32 71
25 33 29
25 34 4
25 35 11
25 36 63
25 37 40
25 38 76
25 39 52
25 40 60
25 41 43
25 42 22
25 43 42
25 44 47
25 45 51
25 46 47
25 47 24
25 48 20
25 49 67
26 27 55
26 28 61
26 29 84
26 30 84
26 31 12
26 32 89
26 33 46
26 34 83
26 35 1
26 36 65
26 37 50
26 38 60
26 39 21
26 40 12
26 41 29
26 42 59
26 43 65
26 44 82
26 45 47
26 46 12
26 47 16
26 48 25
26 49 77
27 28 82
27 29 72
27 30 87
27 31 15
27 32 71
27 33 72
27 34 67
27 35 42
27 36 96
27 37 90
27 38 63
27 39 80
27 40 61
27 41 87
27 42 59
27 43 36
27 44 82
27 45 26
27 46 40
27 47 61
27 48 93
27 49 65
28 29 47
28 30 9
28 31 88
28 32 94
28 33 66
28 34 53
28 35 8
28 36 98
28 37 33
28 38 52
28 39 71
28 40 29
28 41 59
28 42 29
28 43 88
28 44 38
28 45 26
28 46 47
28 47 92
28 48 15
28 49 64
29 30 67
29 31 20
29 32 45
29 33 1
29 34 63
29 35 36
29 36 57
29 37 54
29 38 97
29 39 56
29 40 28
29 41 96
29 42 37
29 43 72
29 44 57
29 45 87
29 46 4
29 47 89
29 48 11
29 49 55
30 31 17
30 32 59
30 33 26
30 34 5
30 35 85
30 36 80
30 37 73
30 38 57
30 39 20
30 40 56
30 41 23
30 42 80
30 43 98
30 44 80
30 45 16
30 46 97
30 47 70
30 48 82
30 49 11
31 32 1
31 33 21
31 34 78
31 35 2
31 36 79
31 37 38
31 38 43
31 39 93
31 40 90
31 41 66
31 42 96
31 43 88
31 44 85
31 45 21
31 46 26
31 47 74
31 48 79
31 49 20
32 33 93
32 34 5
32 35 98
32 36 31
32 37 4
32 38 72
32 39 92
32 40 22
32 41 99
32 42 4
32 43 3
32 44 77
32 45 9
32 46 20
32 47 20
32 48 23
32 49 69
33 34 86
33 35 78
33 36 17
33 37 98
33 38 70
33 39 25
33 40 11
33 41 35
33 42 15
33 43 22
33 44 69
33 45 90
33 46 47
33 47 63
33 48 2
33 49 2
34 35 85
34 36 77
34 37 13
34 38 26
34 39 71
34 40 59
34 41 68
34 42 72
34 43 58
34 44 61
34 45 63
34 46 64
34 47 9
34 48 95
34 49 38
35 36 15
35 37 18
35 38 87
35 39 76
35 40 19
35 41 98
35 42 5
35 43 21
35 44 17
35 45 73
35 46 15
35 47 39
35 48 13
35 49 78
36 37 65
36 38 50
36 39 69
36 40 39
36 41 47
36 42 14
36 43 14
36 44 65
36 45 78
36 46 95
36 47 91
36 48 36
36 49 77
37 38 76
37 39 92
37 40 39
37 41 28
37 42 50
37 43 23
37 44 87
37 45 79
37 46 11
37 47 95
37 48 52
37 49 28
38 39 85
38 40 26
38 41 54
38 42 50
38 43 9
38 44 40
38 45 93
38 46 4
38 47 83
38 48 88
38 49 51
39 40 20
39 41 54
39 42 36
39 43 6
39 44 2
39 45 86
39 46 23
39 47 44
39 48 17
39 49 14
40 41 15
40 42 19
40 43 26
40 44 85
40 45 26
40 46 96
40 47 89
40 48 94
40 49 25
41 42 65
41 43 34
41 44 2
41 45 15
41 46 51
41 47 33
41 48 29
41 49 66
42 43 68
42 44 52
42 45 50
42 46 55
42 47 29
42 48 73
42 49 96
43 44 89
43 45 73
43 46 32
43 47 81
43 48 21
43 49 22
44 45 71
44 46 5
44 47 21
44 48 80
44 49 16
45 46 78
45 47 33
45 48 31
45 49 99
46 47 68
46 48 43
46 49 5
47 48 99
47 49 39
48 49 79
