97 48
0 1 15
0 2 50
0 3 96
0 4 93
0 5 17
0 6 0
0 7 11
0 8 2
0 9 23
0 10 93
0 11 2
0 12 56
0 13 74
0 14 53
0 15 68
0 16 42
0 17 93
0 18 49
0 19 77
0 20 11
0 21 3
0 22 89
0 23 5
0 24 65
0 25 28
0 26 96
0 27 98
0 28 69
0 29 100
0 30 27
0 31 78
0 32 69
0 33 87
0 34 27
0 35 2
0 36 91
0 37 44
0 38 77
0 39 42
0 40 97
0 41 83
0 42 2
0 43 86
0 44 84
0 45 52
0 46 86
0 47 24
0 48 78
0 49 71
0 50 70
0 51 88
0 52 16
0 53 40
0 54 28
0 55 41
0 56 80
0 57 57
0 58 62
0 59 28
0 60 14
0 61 8
0 62 44
0 63 6
0 64 98
0 65 36
0 66 31
0 67 8
0 68 78
0 69 97
0 70 14
0 71 76
0 72 75
0 73 57
0 74 89
0 75 84
0 76 95
0 77 92
0 78 42
0 79 83
0 80 34
0 81 2
0 82 61
0 83 88
0 84 93
0 85 36
0 86 92
0 87 78
0 88 3
0 89 72
0 90 13
0 91 39
0 92 64
0 93 74
0 94 9
0 95 13
0 96 43
1 2 45
1 3 46
1 4 27
1 5 67
1 6 100
1 7 17
1 8 25
1 9 10
1 10 79
1 11 58
1 12 100
1 13 21
1 14 35
1 15 41
1 16 64
1 17 97
1 18 46
1 19 72
1 20 32
1 21 99
1 22 16
1 23 24
1 24 99
1 25 30
1 26 68
1 27 60
1 28 62
1 29 33
1 30 48
1 31 83
1 32 81
1 33 72
1 34 42
1 35 42
1 36 75
1 37 43
1 38 98
1 39 20
1 40 44
1 41 55
1 42 94
1 43 87
1 44 50
1 45 39
1 46 72
1 47 92
1 48 23
1 49 22
1 50 6
1 51 18
1 52 11
1 53 1
1 54 71
1 55 84
1 56 45
1 57 15
1 58 21
1 59 77
1 60 78
1 61 42
1 62 19
1 63 52
1 64 70
1 65 57
1 66 68
1 67 24
1 68 14
1 69 70
1 70 25
1 71 67
1 72 15
1 73 89
1 74 56
1 75 33
1 76 50
1 77 67
1 78 57
1 79 40
1 80 0
1 81 66
1 82 54
1 83 11
1 84 13
1 85 53
1 86 7
1 87 23
1 88 94
1 89 56
1 90 88
1 91 23
1 92 30
1 93 39
1 94 65
1 95 1
1 96 30
2 3 77
2 4 75
2 5 26
2 6 71
2 7 64
2 8 96
2 9 32
2 10 31
2 11 45
2 12 64
2 13 73
2 14 23
2 15 22
2 16 59
2 17 96
2 18 46
2 19 47
2 20 1
2 21 88
2 22 1
2 23 13
2 24 33
2 25 71
2 26 29
2 27 80
2 28 73
2 29 36
2 30 8
2 31 69
2 32 10
2 33 47
2 34 17
2 35 50
2 36 96
2 37 62
2 38 99
2 39 4
2 40 67
2 41 48
2 42 50
2 43 69
2 44 50
2 45 68
2 46 88
2 47 91
2 48 2
2 49 62
2 50 83
2 51 64
2 52 1
2 53 40
2 54 87
2 55 21
2 56 41
2 57 54
2 58 66
2 59 43
2 60 52
2 61 32
2 62 100
2 63 38
2 64 63
2 65 76
2 66 49
2 67 72
2 68 12
2 69 34
2 70 100
2 71 30
2 72 84
2 73 19
2 74 70
2 75 20
2 76 75
2 77 0
2 78 26
2 79 48
2 80 36
2 81 47
2 82 70
2 83 82
2 84 65
2 85 94
2 86 52
2 87 93
2 88 77
2 89 23
2 90 4
2 91 91
2 92 97
2 93 84
2 94 39
2 95 63
2 96 49
3 4 12
3 5 83
3 6 15
3 7 88
3 8 33
3 9 96
3 10 32
3 11 21
3 12 45
3 13 93
3 14 14
3 15 32
3 16 28
3 17 85
3 18 50
3 19 16
3 20 10
3 21 55
3 22 20
3 23 86
3 24 52
3 25 82
3 26 45
3 27 53
3 28 97
3 29 64
3 30 77
3 31 35
3 32 63
3 33 74
3 34 77
3 35 81
3 36 25
3 37 9
3 38 57
3 39 9
3 40 43
3 41 34
3 42 75
3 43 97
3 44 25
3 45 64
3 46 96
3 47 36
3 48 6
3 49 33
3 50 34
3 51 45
3 52 53
3 53 39
3 54 41
3 55 47
3 56 52
3 57 35
3 58 77
3 59 64
3 60 40
3 61 64
3 62 20
3 63 52
3 64 27
3 65 11
3 66 78
3 67 35
3 68 78
3 69 100
3 70 45
3 71 6
3 72 96
3 73 42
3 74 54
3 75 11
3 76 21
3 77 43
3 78 59
3 79 11
3 80 63
3 81 87
3 82 97
3 83 30
3 84 0
3 85 62
3 86 24
3 87 16
3 88 32
3 89 0
3 90 79
3 91 42
3 92 67
3 93 19
3 94 89
3 95 24
3 96 62
4 5 10
4 6 92
4 7 86
4 8 23
4 9 24
4 10 50
4 11 57
4 12 25
4 13 58
4 14 84
4 15 71
4 16 89
4 17 41
4 18 69
4 19 58
4 20 26
4 21 20
4 22 85
4 23 52
4 24 55
4 25 31
4 26 59
4 27 36
4 28 99
4 29 60
4 30 29
4 31 8
4 32 84
4 33 51
4 34 13
4 35 51
4 36 48
4 37 78
4 38 18
4 39 67
4 40 54
4 41 1
4 42 40
4 43 86
4 44 54
4 45 86
4 46 50
4 47 82
4 48 70
4 49 99
4 50 91
4 51 19
4 52 70
4 53 77
4 54 63
4 55 51
4 56 62
4 57 57
4 58 58
4 59 50
4 60 34
4 61 53
4 62 84
4 63 54
4 64 95
4 65 54
4 66 95
4 67 35
4 68 79
4 69 60
4 70 98
4 71 77
4 72 61
4 73 59
4 74 39
4 75 90
4 76 86
4 77 96
4 78 15
4 79 64
4 80 68
4 81 62
4 82 70
4 83 10
4 84 64
4 85 21
4 86 14
4 87 52
4 88 77
4 89 60
4 90 84
4 91 93
4 92 11
4 93 94
4 94 46
4 95 98
4 96 77
5 6 99
5 7 9
5 8 51
5 9 73
5 10 10
5 11 19
5 12 0
5 13 38
5 14 43
5 15 31
5 16 63
5 17 90
5 18 30
5 19 63
5 20 83
5 21 73
5 22 19
5 23 61
5 24 16
5 25 65
5 26 95
5 27 59
5 28 54
5 29 70
5 30 43
5 31 27
5 32 32
5 33 73
5 34 33
5 35 13
5 36 33
5 37 11
5 38 60
5 39 73
5 40 58
5 41 8
5 42 29
5 43 33
5 44 53
5 45 78
5 46 6
5 47 76
5 48 32
5 49 7
5 50 14
5 51 5
5 52 44
5 53 44
5 54 73
5 55 10
5 56 13
5 57 60
5 58 61
5 59 68
5 60 27
5 61 89
5 62 38
5 63 69
5 64 91
5 65 91
5 66 65
5 67 30
5 68 44
5 69 81
5 70 75
5 71 52
5 72 12
5 73 25
5 74 82
5 75 33
5 76 47
5 77 96
5 78 12
5 79 71
5 80 16
5 81 40
5 82 3
5 83 93
5 84 33
5 85 95
5 86 75
5 87 25
5 88 84
5 89 68
5 90 33
5 91 41
5 92 33
5 93 55
5 94 68
5 95 95
5 96 75
6 7 82
6 8 59
6 9 70
6 10 52
6 11 26
6 12 7
6 13 4
6 14 85
6 15 90
6 16 89
6 17 49
6 18 13
6 19 7
6 20 26
6 21 70
6 22 34
6 23 88
6 24 54
6 25 77
6 26 25
6 27 15
6 28 50
6 29 47
6 30 67
6 31 20
6 32 47
6 33 30
6 34 3
6 35 89
6 36 29
6 37 65
6 38 45
6 39 44
6 40 93
6 41 25
6 42 68
6 43 29
6 44 61
6 45 93
6 46 32
6 47 86
6 48 65
6 49 32
6 50 25
6 51 32
6 52 47
6 53 10
6 54 52
6 55 53
6 56 25
6 57 54
6 58 34
6 59 3
6 60 96
6 61 48
6 62 90
6 63 77
6 64 68
6 65 37
6 66 56
6 67 88
6 68 38
6 69 43
6 70 41
6 71 26
6 72 40
6 73 45
6 74 64
6 75 62
6 76 39
6 77 44
6 78 39
6 79 89
6 80 70
6 81 63
6 82 45
6 83 61
6 84 34
6 85 53
6 86 29
6 87 12
6 88 49
6 89 12
6 90 56
6 91 25
6 92 63
6 93 27
6 94 75
6 95 64
6 96 60
7 8 66
7 9 12
7 10 39
7 11 82
7 12 11
7 13 5
7 14 52
7 15 99
7 16 74
7 17 83
7 18 11
7 19 56
7 20 77
7 21 27
7 22 4
7 23 64
7 24 26
7 25 2
7 26 93
7 27 21
7 28 91
7 29 58
7 30 9
7 31 21
7 32 82
7 33 47
7 34 58
7 35 26
7 36 70
7 37 3
7 38 64
7 39 98
7 40 60
7 41 89
7 42 25
7 43 17
7 44 45
7 45 70
7 46 70
7 47 42
7 48 41
7 49 11
7 50 63
7 51 91
7 52 29
7 53 84
7 54 99
7 55 53
7 56 20
7 57 45
7 58 15
7 59 66
7 60 52
7 61 52
7 62 50
7 63 41
7 64 43
7 65 60
7 66 96
7 67 12
7 68 68
7 69 96
7 70 47
7 71 51
7 72 39
7 73 75
7 74 92
7 75 2
7 76 98
7 77 46
7 78 3
7 79 59
7 80 14
7 81 55
7 82 96
7 83 9
7 84 75
7 85 71
7 86 58
7 87 17
7 88 98
7 89 45
7 90 15
7 91 20
7 92 46
7 93 96
7 94 50
7 95 46
7 96 43
8 9 46
8 10 97
8 11 81
8 12 93
8 13 93
8 14 33
8 15 56
8 16 7
8 17 73
8 18 52
8 19 99
8 20 65
8 21 37
8 22 5
8 23 57
8 24 78
8 25 57
8 26 33
8 27 3
8 28 92
8 29 92
8 30 99
8 31 45
8 32 62
8 33 13
8 34 63
8 35 93
8 36 58
8 37 9
8 38 70
8 39 76
8 40 59
8 41 67
8 42 6
8 43 100
8 44 19
8 45 21
8 46 85
8 47 58
8 48 66
8 49 12
8 50 65
8 51 66
8 52 85
8 53 52
8 54 2
8 55 6
8 56 47
8 57 13
8 58 47
8 59 97
8 60 6
8 61 8
8 62 95
8 63 54
8 64 30
8 65 2
8 66 2
8 67 27
8 68 88
8 69 41
8 70 30
8 71 9
8 72 80
8 73 15
8 74 86
8 75 27
8 76 48
8 77 60
8 78 36
8 79 1
8 80 12
8 81 10
8 82 60
8 83 50
8 84 41
8 85 52
8 86 30
8 87 95
8 88 52
8 89 79
8 90 59
8 91 3
8 92 97
8 93 32
8 94 11
8 95 75
8 96 70
9 10 57
9 11 1
9 12 95
9 13 4
9 14 89
9 15 71
9 16 80
9 17 82
9 18 1
9 19 1
9 20 2
9 21 18
9 22 29
9 23 28
9 24 100
9 25 41
9 26 52
9 27 22
9 28 47
9 29 60
9 30 95
9 31 28
9 32 48
9 33 49
9 34 98
9 35 77
9 36 82
9 37 87
9 38 61
9 39 78
9 40 56
9 41 26
9 42 20
9 43 49
9 44 84
9 45 75
9 46 50
9 47 91
9 48 92
9 49 47
9 50 30
9 51 23
9 52 42
9 53 58
9 54 80
9 55 36
9 56 80
9 57 43
9 58 68
9 59 35
9 60 24
9 61 61
9 62 76
9 63 7
9 64 47
9 65 97
9 66 16
9 67 51
9 68 28
9 69 81
9 70 24
9 71 15
9 72 75
9 73 94
9 74 87
9 75 17
9 76 11
9 77 59
9 78 51
9 79 53
9 80 55
9 81 79
9 82 43
9 83 0
9 84 33
9 85 98
9 86 82
9 87 66
9 88 22
9 89 27
9 90 60
9 91 62
9 92 13
9 93 38
9 94 20
9 95 38
9 96 85
10 11 96
10 12 50
10 13 43
10 14 53
10 15 4
10 16 76
10 17 46
10 18 24
10 19 38
10 20 65
10 21 15
10 22 61
10 23 54
10 24 8
10 25 12
10 26 5
10 27 64
10 28 19
10 29 67
10 30 95
10 31 52
10 32 30
10 33 30
10 34 50
10 35 63
10 36 59
10 37 29
10 38 20
10 39 22
10 40 9
10 41 82
10 42 100
10 43 88
10 44 43
10 45 13
10 46 86
10 47 62
10 48 95
10 49 79
10 50 62
10 51 22
10 52 15
10 53 94
10 54 85
10 55 9
10 56 97
10 57 5
10 58 20
10 59 37
10 60 14
10 61 4
10 62 83
10 63 79
10 64 35
10 65 86
10 66 32
10 67 40
10 68 41
10 69 7
10 70 6
10 71 84
10 72 48
10 73 29
10 74 19
10 75 6
10 76 91
10 77 54
10 78 81
10 79 26
10 80 0
10 81 98
10 82 55
10 83 32
10 84 79
10 85 99
10 86 68
10 87 60
10 88 59
10 89 6
10 90 97
10 91 94
10 92 10
10 93 50
10 94 18
10 95 47
10 96 88
11 12 26
11 13 14
11 14 35
11 15 58
11 16 43
11 17 9
11 18 53
11 19 49
11 20 25
11 21 99
11 22 73
11 23 59
11 24 17
11 25 67
11 26 0
11 27 24
11 28 86
11 29 28
11 30 41
11 31 100
11 32 47
11 33 1
11 34 15
11 35 65
11 36 89
11 37 34
11 38 37
11 39 33
11 40 33
11 41 2
11 42 100
11 43 22
11 44 53
11 45 76
11 46 75
11 47 56
11 48 55
11 49 78
11 50 76
11 51 100
11 52 100
11 53 24
11 54 94
11 55 37
11 56 82
11 57 69
11 58 42
11 59 65
11 60 64
11 61 76
11 62 37
11 63 33
11 64 67
11 65 88
11 66 38
11 67 94
11 68 2
11 69 83
11 70 86
11 71 80
11 72 91
11 73 32
11 74 44
11 75 97
11 76 37
11 77 11
11 78 98
11 79 94
11 80 54
11 81 73
11 82 6
11 83 95
11 84 34
11 85 71
11 86 26
11 87 2
11 88 66
11 89 6
11 90 83
11 91 9
11 92 71
11 93 38
11 94 24
11 95 28
11 96 85
12 13 29
12 14 67
12 15 51
12 16 62
12 17 77
12 18 91
12 19 100
12 20 27
12 21 33
12 22 45
12 23 21
12 24 19
12 25 37
12 26 9
12 27 19
12 28 96
12 29 58
12 30 79
12 31 78
12 32 1
12 33 55
12 34 55
12 35 2
12 36 27
12 37 1
12 38 60
12 39 28
12 40 31
12 41 42
12 42 31
12 43 43
12 44 4
12 45 46
12 46 10
12 47 80
12 48 72
12 49 9
12 50 53
12 51 96
12 52 26
12 53 45
12 54 53
12 55 100
12 56 26
12 57 45
12 58 41
12 59 71
12 60 9
12 61 50
12 62 71
12 63 14
12 64 97
12 65 28
12 66 12
12 67 58
12 68 3
12 69 56
12 70 95
12 71 19
12 72 27
12 73 96
12 74 33
12 75 43
12 76 46
12 77 52
12 78 22
12 79 96
12 80 4
12 81 59
12 82 0
12 83 56
12 84 20
12 85 64
12 86 70
12 87 32
12 88 74
12 89 29
12 90 63
12 91 55
12 92 31
12 93 16
12 94 9
12 95 64
12 96 41
13 14 53
13 15 88
13 16 56
13 17 69
13 18 79
13 19 51
13 20 66
13 21 72
13 22 70
13 23 94
13 24 42
13 25 68
13 26 76
13 27 42
13 28 95
13 29 83
13 30 77
13 31 1
13 32 6
13 33 17
13 34 49
13 35 89
13 36 79
13 37 100
13 38 12
13 39 72
13 40 18
13 41 70
13 42 21
13 43 22
13 44 49
13 45 75
13 46 8
13 47 8
13 48 71
13 49 39
13 50 38
13 51 45
13 52 12
13 53 17
13 54 53
13 55 48
13 56 11
13 57 99
13 58 57
13 59 56
13 60 40
13 61 47
13 62 13
13 63 92
13 64 45
13 65 30
13 66 89
13 67 92
13 68 96
13 69 90
13 70 42
13 71 21
13 72 93
13 73 41
13 74 51
13 75 9
13 76 80
13 77 44
13 78 8
13 79 52
13 80 7
13 81 44
13 82 51
13 83 81
13 84 87
13 85 42
13 86 92
13 87 75
13 88 79
13 89 51
13 90 37
13 91 85
13 92 51
13 93 76
13 94 92
13 95 24
13 96 38
14 15 33
14 16 36
14 17 89
14 18 7
14 19 70
14 20 86
14 21 23
14 22 71
14 23 72
14 24 22
14 25 100
14 26 83
14 27 88
14 28 88
14 29 27
14 30 49
14 31 30
14 32 26
14 33 6
14 34 49
14 35 34
14 36 69
14 37 34
14 38 37
14 39 51
14 40 3
14 41 64
14 42 53
14 43 99
14 44 23
14 45 80
14 46 93
14 47 11
14 48 82
14 49 76
14 50 77
14 51 40
14 52 36
14 53 27
14 54 100
14 55 18
14 56 72
14 57 92
14 58 41
14 59 19
14 60 69
14 61 67
14 62 4
14 63 94
14 64 56
14 65 97
14 66 38
14 67 95
14 68 27
14 69 17
14 70 62
14 71 19
14 72 7
14 73 17
14 74 51
14 75 89
14 76 70
14 77 13
14 78 26
14 79 0
14 80 90
14 81 11
14 82 38
14 83 90
14 84 16
14 85 77
14 86 29
14 87 72
14 88 37
14 89 47
14 90 28
14 91 3
14 92 37
14 93 12
14 94 84
14 95 86
14 96 84
15 16 3
15 17 26
15 18 3
15 19 18
15 20 91
15 21 24
15 22 34
15 23 15
15 24 99
15 25 17
15 26 4
15 27 58
15 28 42
15 29 54
15 30 81
15 31 0
15 32 97
15 33 51
15 34 24
15 35 31
15 36 23
15 37 1
15 38 12
15 39 100
15 40 95
15 41 68
15 42 48
15 43 71
15 44 100
15 45 8
15 46 47
15 47 85
15 48 17
15 49 95
15 50 9
15 51 83
15 52 64
15 53 0
15 54 45
15 55 3
15 56 85
15 57 59
15 58 79
15 59 43
15 60 4
15 61 25
15 62 2
15 63 49
15 64 64
15 65 21
15 66 63
15 67 95
15 68 50
15 69 92
15 70 94
15 71 88
15 72 4
15 73 6
15 74 70
15 75 75
15 76 88
15 77 82
15 78 11
15 79 35
15 80 85
15 81 34
15 82 92
15 83 89
15 84 59
15 85 4
15 86 8
15 87 81
15 88 100
15 89 94
15 90 89
15 91 43
15 92 35
15 93 82
15 94 61
15 95 60
15 96 81
16 17 35
16 18 26
16 19 38
16 20 28
16 21 96
16 22 90
16 23 0
16 24 94
16 25 75
16 26 4
16 27 35
16 28 90
16 29 11
16 30 14
16 31 0
16 32 93
16 33 24
16 34 34
16 35 28
16 36 70
16 37 55
16 38 51
16 39 21
16 40 45
16 41 30
16 42 96
16 43 28
16 44 77
16 45 8
16 46 9
16 47 93
16 48 25
16 49 31
16 50 9
16 51 23
16 52 12
16 53 74
16 54 17
16 55 49
16 56 94
16 57 43
16 58 74
16 59 96
16 60 14
16 61 100
16 62 12
16 63 3
16 64 41
16 65 74
16 66 59
16 67 73
16 68 65
16 69 10
16 70 73
16 71 32
16 72 81
16 73 10
16 74 98
16 75 63
16 76 15
16 77 28
16 78 5
16 79 61
16 80 71
16 81 31
16 82 93
16 83 52
16 84 17
16 85 74
16 86 56
16 87 75
16 88 19
16 89 65
16 90 16
16 91 10
16 92 87
16 93 40
16 94 59
16 95 94
16 96 61
17 18 58
17 19 41
17 20 46
17 21 52
17 22 48
17 23 43
17 24 68
17 25 90
17 26 40
17 27 100
17 28 72
17 29 61
17 30 71
17 31 93
17 32 45
17 33 96
17 34 25
17 35 21
17 36 1
17 37 93
17 38 89
17 39 16
17 40 76
17 41 20
17 42 69
17 43 71
17 44 83
17 45 66
17 46 45
17 47 65
17 48 100
17 49 45
17 50 81
17 51 63
17 52 44
17 53 33
17 54 22
17 55 9
17 56 30
17 57 26
17 58 35
17 59 76
17 60 45
17 61 81
17 62 84
17 63 53
17 64 65
17 65 99
17 66 5
17 67 12
17 68 96
17 69 81
17 70 51
17 71 40
17 72 51
17 73 2
17 74 39
17 75 61
17 76 54
17 77 82
17 78 40
17 79 52
17 80 84
17 81 15
17 82 60
17 83 69
17 84 65
17 85 45
17 86 91
17 87 81
17 88 59
17 89 13
17 90 53
17 91 45
17 92 80
17 93 16
17 94 98
17 95 55
17 96 92
18 19 78
18 20 22
18 21 81
18 22 99
18 23 1
18 24 73
18 25 78
18 26 85
18 27 67
18 28 55
18 29 47
18 30 40
18 31 2
18 32 100
18 33 37
18 34 4
18 35 71
18 36 54
18 37 21
18 38 36
18 39 86
18 40 1
18 41 24
18 42 86
18 43 62
18 44 74
18 45 18
18 46 61
18 47 31
18 48 81
18 49 79
18 50 5
18 51 6
18 52 53
18 53 46
18 54 39
18 55 28
18 56 59
18 57 27
18 58 37
18 59 11
18 60 17
18 61 76
18 62 21
18 63 97
18 64 40
18 65 62
18 66 43
18 67 66
18 68 71
18 69 87
18 70 95
18 71 81
18 72 32
18 73 28
18 74 25
18 75 91
18 76 94
18 77 42
18 78 54
18 79 19
18 80 5
18 81 95
18 82 94
18 83 13
18 84 3
18 85 12
18 86 60
18 87 49
18 88 63
18 89 92
18 90 3
18 91 31
18 92 81
18 93 70
18 94 96
18 95 32
18 96 34
19 20 67
19 21 19
19 22 53
19 23 62
19 24 8
19 25 19
19 26 40
19 27 72
19 28 43
19 29 74
19 30 65
19 31 62
19 32 51
19 33 71
19 34 52
19 35 51
19 36 82
19 37 5
19 38 70
19 39 59
19 40 27
19 41 31
19 42 2
19 43 88
19 44 60
19 45 66
19 46 63
19 47 74
19 48 0
19 49 61
19 50 62
19 51 5
19 52 4
19 53 35
19 54 12
19 55 27
19 56 11
19 57 43
19 58 43
19 59 97
19 60 4
19 61 20
19 62 68
19 63 92
19 64 44
19 65 75
19 66 49
19 67 71
19 68 84
19 69 39
19 70 27
19 71 70
19 72 27
19 73 23
19 74 89
19 75 53
19 76 91
19 77 100
19 78 93
19 79 85
19 80 92
19 81 63
19 82 66
19 83 29
19 84 44
19 85 52
19 86 0
19 87 95
19 88 57
19 89 74
19 90 25
19 91 74
19 92 41
19 93 82
19 94 26
19 95 62
19 96 84
20 21 45
20 22 42
20 23 54
20 24 24
20 25 57
20 26 10
20 27 83
20 28 27
20 29 69
20 30 98
20 31 27
20 32 26
20 33 24
20 34 6
20 35 70
20 36 1
20 37 55
20 38 26
20 39 59
20 40 37
20 41 8
20 42 45
20 43 39
20 44 66
20 45 99
20 46 87
20 47 49
20 48 89
20 49 96
20 50 16
20 51 70
20 52 57
20 53 35
20 54 100
20 55 3
20 56 15
20 57 16
20 58 7
20 59 51
20 60 10
20 61 33
20 62 72
20 63 31
20 64 58
20 65 4
20 66 15
20 67 67
20 68 54
20 69 95
20 70 64
20 71 6
20 72 73
20 73 61
20 74 38
20 75 73
20 76 22
20 77 74
20 78 91
20 79 53
20 80 72
20 81 79
20 82 84
20 83 92
20 84 27
20 85 78
20 86 91
20 87 4
20 88 47
20 89 71
20 90 55
20 91 41
20 92 6
20 93 85
20 94 54
20 95 50
20 96 30
21 22 83
21 23 8
21 24 94
21 25 82
21 26 40
21 27 3
21 28 42
21 29 14
21 30 93
21 31 96
21 32 35
21 33 93
21 34 26
21 35 84
21 36 23
21 37 75
21 38 8
21 39 84
21 40 46
21 41 100
21 42 9
21 43 17
21 44 23
21 45 15
21 46 96
21 47 52
21 48 44
21 49 67
21 50 22
21 51 73
21 52 96
21 53 96
21 54 13
21 55 98
21 56 13
21 57 2
21 58 59
21 59 29
21 60 14
21 61 71
21 62 10
21 63 29
21 64 24
21 65 74
21 66 27
21 67 69
21 68 68
21 69 29
21 70 37
21 71 51
21 72 58
21 73 67
21 74 73
21 75 54
21 76 85
21 77 92
21 78 80
21 79 10
21 80 40
21 81 1
21 82 79
21 83 93
21 84 48
21 85 89
21 86 59
21 87 45
21 88 13
21 89 69
21 90 22
21 91 32
21 92 5
21 93 32
21 94 29
21 95 95
21 96 43
22 23 39
22 24 1
22 25 52
22 26 6
22 27 31
22 28 78
22 29 27
22 30 38
22 31 13
22 32 32
22 33 24
22 34 90
22 35 69
22 36 54
22 37 84
22 38 45
22 39 39
22 40 85
22 41 63
22 42 95
22 43 21
22 44 1
22 45 40
22 46 46
22 47 7
22 48 41
22 49 59
22 50 5
22 51 79
22 52 56
22 53 93
22 54 18
22 55 53
22 56 45
22 57 55
22 58 6
22 59 18
22 60 37
22 61 91
22 62 28
22 63 32
22 64 5
22 65 43
22 66 50
22 67 78
22 68 90
22 69 70
22 70 3
22 71 76
22 72 72
22 73 60
22 74 36
22 75 88
22 76 37
22 77 67
22 78 44
22 79 65
22 80 78
22 81 69
22 82 26
22 83 22
22 84 39
22 85 57
22 86 62
22 87 8
22 88 25
22 89 6
22 90 28
22 91 3
22 92 97
22 93 11
22 94 68
22 95 10
22 96 4
23 24 9
23 25 22
23 26 55
23 27 8
23 28 21
23 29 89
23 30 12
23 31 30
23 32 35
23 33 89
23 34 48
23 35 18
23 36 57
23 37 57
23 38 57
23 39 81
23 40 13
23 41 85
23 42 77
23 43 27
23 44 26
23 45 75
23 46 66
23 47 83
23 48 100
23 49 94
23 50 88
23 51 72
23 52 9
23 53 95
23 54 68
23 55 36
23 56 29
23 57 74
23 58 7
23 59 27
23 60 34
23 61 67
23 62 79
23 63 1
23 64 49
23 65 2
23 66 81
23 67 34
23 68 15
23 69 16
23 70 21
23 71 95
23 72 74
23 73 36
23 74 31
23 75 47
23 76 8
23 77 42
23 78 48
23 79 48
23 80 18
23 81 12
23 82 31
23 83 97
23 84 91
23 85 99
23 86 90
23 87 7
23 88 18
23 89 59
23 90 100
23 91 83
23 92 34
23 93 24
23 94 38
23 95 42
23 96 99
24 25 61
24 26 24
24 27 22
24 28 87
24 29 94
24 30 75
24 31 35
24 32 77
24 33 60
24 34 25
24 35 15
24 36 92
24 37 2
24 38 32
24 39 50
24 40 76
24 41 3
24 42 36
24 43 39
24 44 100
24 45 66
24 46 40
24 47 98
24 48 27
24 49 82
24 50 70
24 51 62
24 52 38
24 53 64
24 54 63
24 55 91
24 56 57
24 57 31
24 58 13
24 59 82
24 60 22
24 61 90
24 62 93
24 63 97
24 64 82
24 65 28
24 66 29
24 67 19
24 68 69
24 69 37
24 70 82
24 71 87
24 72 72
24 73 60
24 74 4
24 75 85
24 76 26
24 77 0
24 78 56
24 79 95
24 80 93
24 81 32
24 82 13
24 83 87
24 84 73
24 85 94
24 86 44
24 87 85
24 88 49
24 89 3
24 90 34
24 91 23
24 92 48
24 93 91
24 94 66
24 95 88
24 96 1
25 26 85
25 27 32
25 28 66
25 29 67
25 30 97
25 31 30
25 32 64
25 33 4
25 34 41
25 35 95
25 36 25
25 37 26
25 38 63
25 39 20
25 40 48
25 41 94
25 42 96
25 43 42
25 44 25
25 45 79
25 46 10
25 47 87
25 48 55
25 49 14
25 50 96
25 51 99
25 52 40
25 53 95
25 54 94
25 55 73
25 56 82
25 57 22
25 58 56
25 59 9
25 60 8
25 61 91
25 62 82
25 63 84
25 64 57
25 65 25
25 66 95
25 67 67
25 68 86
25 69 56
25 70 93
25 71 72
25 72 2
25 73 94
25 74 15
25 75 75
25 76 71
25 77 2
25 78 72
25 79 94
25 80 83
25 81 31
25 82 39
25 83 18
25 84 34
25 85 24
25 86 65
25 87 47
25 88 5
25 89 61
25 90 73
25 91 32
25 92 95
25 93 73
25 94 30
25 95 35
25 96 20
26 27 69
26 28 62
26 29 51
26 30 37
26 31 36
26 32 23
26 33 97
26 34 15
26 35 41
26 36 28
26 37 90
26 38 33
26 39 23
26 40 84
26 41 36
26 42 43
26 43 80
26 44 51
26 45 56
26 46 58
26 47 66
26 48 91
26 49 68
26 50 41
26 51 21
26 52 70
26 53 45
26 54 37
26 55 56
26 56 22
26 57 3
26 58 57
26 59 35
26 60 49
26 61 5
26 62 84
26 63 12
26 64 78
26 65 93
26 66 89
26 67 44
26 68 43
26 69 42
26 70 52
26 71 75
26 72 93
26 73 66
26 74 93
26 75 27
26 76 53
26 77 32
26 78 44
26 79 12
26 80 74
26 81 71
26 82 18
26 83 27
26 84 94
26 85 64
26 86 82
26 87 80
26 88 51
26 89 74
26 90 56
26 91 8
26 92 53
26 93 48
26 94 64
26 95 99
26 96 53
27 28 82
27 29 49
27 30 40
27 31 29
27 32 89
27 33 7
27 34 98
27 35 30
27 36 85
27 37 48
27 38 29
27 39 40
27 40 14
27 41 0
27 42 37
27 43 52
27 44 47
27 45 94
27 46 21
27 47 70
27 48 51
27 49 23
27 50 12
27 51 81
27 52 58
27 53 15
27 54 30
27 55 60
27 56 92
27 57 44
27 58 24
27 59 73
27 60 60
27 61 56
27 62 51
27 63 40
27 64 55
27 65 12
27 66 86
27 67 38
27 68 2
27 69 40
27 70 19
27 71 63
27 72 9
27 73 36
27 74 12
27 75 73
27 76 44
27 77 29
27 78 17
27 79 13
27 80 36
27 81 28
27 82 98
27 83 92
27 84 23
27 85 16
27 86 17
27 87 64
27 88 35
27 89 37
27 90 42
27 91 43
27 92 17
27 93 63
27 94 68
27 95 9
27 96 94
28 29 39
28 30 75
28 31 14
28 32 28
28 33 27
28 34 99
28 35 49
28 36 12
28 37 65
28 38 62
28 39 7
28 40 73
28 41 91
28 42 85
28 43 2
28 44 25
28 45 62
28 46 93
28 47 31
28 48 32
28 49 89
28 50 30
28 51 6
28 52 18
28 53 45
28 54 20
28 55 35
28 56 77
28 57 43
28 58 33
28 59 4
28 60 92
28 61 64
28 62 79
28 63 53
28 64 22
28 65 85
28 66 48
28 67 59
28 68 89
28 69 80
28 70 56
28 71 57
28 72 48
28 73 41
28 74 43
28 75 2
28 76 0
28 77 74
28 78 15
28 79 96
28 80 97
28 81 24
28 82 73
28 83 3
28 84 37
28 85 24
28 86 35
28 87 27
28 88 98
28 89 26
28 90 16
28 91 56
28 92 14
28 93 93
28 94 1
28 95 11
28 96 35
29 30 44
29 31 32
29 32 65
29 33 12
29 34 15
29 35 83
29 36 82
29 37 28
29 38 85
29 39 53
29 40 58
29 41 37
29 42 80
29 43 56
29 44 67
29 45 97
29 46 76
29 47 5
29 48 28
29 49 58
29 50 76
29 51 46
29 52 62
29 53 32
29 54 26
29 55 56
29 56 7
29 57 28
29 58 1
29 59 84
29 60 45
29 61 0
29 62 88
29 63 66
29 64 64
29 65 42
29 66 83
29 67 23
29 68 65
29 69 96
29 70 1
29 71 72
29 72 79
29 73 43
29 74 92
29 75 63
29 76 65
29 77 94
29 78 70
29 79 8
29 80 82
29 81 33
29 82 57
29 83 62
29 84 0
29 85 76
29 86 27
29 87 2
29 88 79
29 89 89
29 90 68
29 91 27
29 92 57
29 93 93
29 94 56
29 95 69
29 96 38
30 31 30
30 32 5
30 33 1
30 34 92
30 35 64
30 36 29
30 37 11
30 38 85
30 39 62
30 40 95
30 41 90
30 42 97
30 43 54
30 44 32
30 45 4
30 46 0
30 47 24
30 48 81
30 49 99
30 50 62
30 51 98
30 52 81
30 53 24
30 54 27
30 55 71
30 56 2
30 57 0
30 58 20
30 59 5
30 60 50
30 61 69
30 62 99
30 63 88
30 64 84
30 65 0
30 66 59
30 67 18
30 68 23
30 69 2
30 70 26
30 71 35
30 72 72
30 73 6
30 74 81
30 75 91
30 76 80
30 77 68
30 78 44
30 79 73
30 80 7
30 81 81
30 82 10
30 83 29
30 84 36
30 85 10
30 86 23
30 87 25
30 88 62
30 89 18
30 90 7
30 91 33
30 92 18
30 93 7
30 94 49
30 95 56
30 96 16
31 32 38
31 33 0
31 34 42
31 35 34
31 36 44
31 37 74
31 38 67
31 39 83
31 40 0
31 41 39
31 42 64
31 43 33
31 44 35
31 45 97
31 46 51
31 47 51
31 48 42
31 49 49
31 50 77
31 51 75
31 52 12
31 53 49
31 54 47
31 55 50
31 56 71
31 57 93
31 58 6
31 59 72
31 60 50
31 61 41
31 62 62
31 63 6
31 64 11
31 65 49
31 66 23
31 67 18
31 68 88
31 69 31
31 70 91
31 71 10
31 72 77
31 73 9
31 74 7
31 75 32
31 76 0
31 77 6
31 78 35
31 79 88
31 80 33
31 81 66
31 82 45
31 83 42
31 84 0
31 85 88
31 86 35
31 87 35
31 88 54
31 89 97
31 90 82
31 91 27
31 92 44
31 93 76
31 94 3
31 95 97
31 96 90
32 33 72
32 34 5
32 35 49
32 36 11
32 37 41
32 38 42
32 39 31
32 40 3
32 41 57
32 42 20
32 43 82
32 44 24
32 45 23
32 46 60
32 47 32
32 48 73
32 49 86
32 50 62
32 51 30
32 52 95
32 53 0
32 54 17
32 55 75
32 56 41
32 57 43
32 58 2
32 59 13
32 60 74
32 61 35
32 62 88
32 63 72
32 64 6
32 65 41
32 66 25
32 67 61
32 68 80
32 69 75
32 70 95
32 71 66
32 72 26
32 73 65
32 74 8
32 75 3
32 76 84
32 77 12
32 78 51
32 79 90
32 80 86
32 81 72
32 82 74
32 83 82
32 84 88
32 85 72
32 86 9
32 87 80
32 88 66
32 89 8
32 90 82
32 91 7
32 92 56
32 93 1
32 94 32
32 95 54
32 96 93
33 34 35
33 35 87
33 36 93
33 37 19
33 38 57
33 39 49
33 40 47
33 41 5
33 42 76
33 43 94
33 44 51
33 45 15
33 46 61
33 47 21
33 48 89
33 49 0
33 50 25
33 51 6
33 52 88
33 53 93
33 54 97
33 55 25
33 56 97
33 57 90
33 58 64
33 59 31
33 60 41
33 61 62
33 62 32
33 63 54
33 64 25
33 65 82
33 66 16
33 67 83
33 68 14
33 69 43
33 70 5
33 71 100
33 72 100
33 73 3
33 74 26
33 75 82
33 76 62
33 77 58
33 78 64
33 79 33
33 80 30
33 81 37
33 82 19
33 83 83
33 84 85
33 85 5
33 86 27
33 87 8
33 88 24
33 89 83
33 90 36
33 91 30
33 92 4
33 93 66
33 94 38
33 95 4
33 96 95
34 35 66
34 36 2
34 37 2
34 38 86
34 39 39
34 40 56
34 41 26
34 42 41
34 43 99
34 44 38
34 45 56
34 46 65
34 47 8
34 48 70
34 49 35
34 50 64
34 51 32
34 52 67
34 53 3
34 54 68
34 55 48
34 56 40
34 57 30
34 58 91
34 59 95
34 60 61
34 61 51
34 62 8
34 63 38
34 64 95
34 65 11
34 66 96
34 67 11
34 68 5
34 69 78
34 70 58
34 71 83
34 72 17
34 73 56
34 74 32
34 75 33
34 76 41
34 77 50
34 78 36
34 79 52
34 80 34
34 81 47
34 82 14
34 83 1
34 84 89
34 85 89
34 86 84
34 87 83
34 88 19
34 89 61
34 90 42
34 91 56
34 92 0
34 93 5
34 94 76
34 95 32
34 96 23
35 36 42
35 37 78
35 38 22
35 39 38
35 40 25
35 41 46
35 42 79
35 43 77
35 44 95
35 45 23
35 46 82
35 47 66
35 48 58
35 49 70
35 50 91
35 51 88
35 52 58
35 53 33
35 54 22
35 55 69
35 56 100
35 57 37
35 58 72
35 59 9
35 60 49
35 61 40
35 62 2
35 63 19
35 64 0
35 65 63
35 66 4
35 67 81
35 68 62
35 69 87
35 70 75
35 71 17
35 72 45
35 73 56
35 74 52
35 75 40
35 76 76
35 77 74
35 78 39
35 79 8
35 80 92
35 81 91
35 82 21
35 83 93
35 84 43
35 85 47
35 86 46
35 87 74
35 88 58
35 89 3
35 90 0
35 91 85
35 92 64
35 93 51
35 94 25
35 95 7
35 96 42
36 37 33
36 38 25
36 39 64
36 40 32
36 41 50
36 42 92
36 43 47
36 44 42
36 45 8
36 46 32
36 47 62
36 48 68
36 49 11
36 50 10
36 51 90
36 52 36
36 53 89
36 54 80
36 55 21
36 56 77
36 57 73
36 58 87
36 59 83
36 60 41
36 61 89
36 62 97
36 63 80
36 64 17
36 65 45
36 66 40
36 67 84
36 68 53
36 69 15
36 70 2
36 71 63
36 72 34
36 73 85
36 74 81
36 75 96
36 76 100
36 77 40
36 78 56
36 79 93
36 80 44
36 81 48
36 82 46
36 83 28
36 84 4
36 85 44
36 86 99
36 87 61
36 88 99
36 89 62
36 90 39
36 91 92
36 92 99
36 93 39
36 94 12
36 95 10
36 96 0
37 38 47
37 39 9
37 40 32
37 41 72
37 42 69
37 43 8
37 44 8
37 45 57
37 46 28
37 47 4
37 48 3
37 49 32
37 50 96
37 51 27
37 52 2
37 53 14
37 54 96
37 55 10
37 56 15
37 57 98
37 58 56
37 59 62
37 60 17
37 61 3
37 62 58
37 63 63
37 64 29
37 65 7
37 66 82
37 67 32
37 68 38
37 69 77
37 70 47
37 71 65
37 72 50
37 73 25
37 74 59
37 75 1
37 76 90
37 77 71
37 78 17
37 79 77
37 80 37
37 81 17
37 82 51
37 83 75
37 84 51
37 85 19
37 86 89
37 87 40
37 88 81
37 89 25
37 90 88
37 91 78
37 92 7
37 93 72
37 94 80
37 95 94
37 96 69
38 39 55
38 40 57
38 41 34
38 42 63
38 43 58
38 44 50
38 45 7
38 46 67
38 47 57
38 48 49
38 49 60
38 50 25
38 51 53
38 52 85
38 53 49
38 54 70
38 55 61
38 56 39
38 57 13
38 58 93
38 59 35
38 60 72
38 61 21
38 62 51
38 63 87
38 64 74
38 65 4
38 66 24
38 67 8
38 68 55
38 69 48
38 70 99
38 71 41
38 72 74
38 73 0
38 74 45
38 75 24
38 76 31
38 77 86
38 78 97
38 79 98
38 80 1
38 81 5
38 82 58
38 83 9
38 84 49
38 85 92
38 86 79
38 87 91
38 88 65
38 89 23
38 90 97
38 91 37
38 92 76
38 93 34
38 94 26
38 95 62
38 96 69
39 40 4
39 41 16
39 42 15
39 43 23
39 44 59
39 45 19
39 46 79
39 47 53
39 48 36
39 49 51
39 50 73
39 51 44
39 52 94
39 53 82
39 54 15
39 55 90
39 56 7
39 57 12
39 58 37
39 59 40
39 60 54
39 61 87
39 62 49
39 63 59
39 64 45
39 65 14
39 66 40
39 67 66
39 68 84
39 69 88
39 70 58
39 71 14
39 72 3
39 73 62
39 74 29
39 75 100
39 76 88
39 77 68
39 78 28
39 79 82
39 80 38
39 81 86
39 82 9
39 83 32
39 84 41
39 85 65
39 86 61
39 87 1
39 88 35
39 89 57
39 90 39
39 91 7
39 92 18
39 93 34
39 94 77
39 95 14
39 96 39
40 41 66
40 42 26
40 43 20
40 44 86
40 45 21
40 46 2
40 47 87
40 48 16
40 49 53
40 50 79
40 51 57
40 52 92
40 53 87
40 54 86
40 55 84
40 56 20
40 57 65
40 58 13
40 59 37
40 60 27
40 61 86
40 62 52
40 63 80
40 64 57
40 65 23
40 66 12
40 67 7
40 68 73
40 69 91
40 70 97
40 71 77
40 72 50
40 73 18
40 74 8
40 75 43
40 76 46
40 77 6
40 78 64
40 79 46
40 80 9
40 81 26
40 82 27
40 83 15
40 84 49
40 85 69
40 86 42
40 87 90
40 88 52
40 89 73
40 90 52
40 91 63
40 92 67
40 93 7
40 94 73
40 95 85
40 96 47
41 42 46
41 43 78
41 44 76
41 45 71
41 46 74
41 47 73
41 48 65
41 49 59
41 50 26
41 51 0
41 52 67
41 53 99
41 54 55
41 55 65
41 56 47
41 57 78
41 58 69
41 59 78
41 60 44
41 61 64
41 62 79
41 63 78
41 64 21
41 65 100
41 66 42
41 67 45
41 68 38
41 69 18
41 70 51
41 71 16
41 72 17
41 73 42
41 74 77
41 75 21
41 76 49
41 77 4
41 78 29
41 79 84
41 80 14
41 81 87
41 82 9
41 83 15
41 84 20
41 85 71
41 86 3
41 87 51
41 88 4
41 89 93
41 90 24
41 91 86
41 92 52
41 93 48
41 94 36
41 95 40
41 96 74
42 43 12
42 44 98
42 45 40
42 46 13
42 47 70
42 48 40
42 49 49
42 50 25
42 51 67
42 52 86
42 53 13
42 54 94
42 55 31
42 56 92
42 57 74
42 58 45
42 59 16
42 60 79
42 61 66
42 62 0
42 63 44
42 64 67
42 65 73
42 66 49
42 67 53
42 68 31
42 69 92
42 70 13
42 71 18
42 72 64
42 73 50
42 74 38
42 75 67
42 76 98
42 77 89
42 78 45
42 79 33
42 80 74
42 81 91
42 82 60
42 83 81
42 84 53
42 85 11
42 86 76
42 87 32
42 88 10
42 89 46
42 90 49
42 91 96
42 92 79
42 93 77
42 94 95
42 95 89
42 96 26
43 44 69
43 45 96
43 46 57
43 47 88
43 48 60
43 49 87
43 50 47
43 51 70
43 52 3
43 53 96
43 54 63
43 55 46
43 56 61
43 57 73
43 58 4
43 59 27
43 60 18
43 61 94
43 62 75
43 63 33
43 64 11
43 65 100
43 66 29
43 67 15
43 68 96
43 69 11
43 70 59
43 71 50
43 72 85
43 73 74
43 74 54
43 75 90
43 76 28
43 77 34
43 78 85
43 79 92
43 80 44
43 81 75
43 82 90
43 83 65
43 84 13
43 85 69
43 86 14
43 87 10
43 88 88
43 89 49
43 90 34
43 91 20
43 92 32
43 93 21
43 94 92
43 95 44
43 96 8
44 45 37
44 46 67
44 47 68
44 48 8
44 49 78
44 50 36
44 51 65
44 52 50
44 53 30
44 54 51
44 55 61
44 56 23
44 57 25
44 58 33
44 59 64
44 60 36
44 61 66
44 62 15
44 63 44
44 64 30
44 65 48
44 66 17
44 67 65
44 68 39
44 69 93
44 70 8
44 71 33
44 72 75
44 73 88
44 74 32
44 75 1
44 76 9
44 77 73
44 78 96
44 79 1
44 80 26
44 81 4
44 82 50
44 83 39
44 84 26
44 85 94
44 86 94
44 87 84
44 88 40
44 89 26
44 90 85
44 91 74
44 92 86
44 93 88
44 94 69
44 95 12
44 96 5
45 46 90
45 47 92
45 48 61
45 49 85
45 50 29
45 51 11
45 52 0
45 53 76
45 54 44
45 55 90
45 56 9
45 57 62
45 58 52
45 59 1
45 60 16
45 61 63
45 62 93
45 63 24
45 64 7
45 65 60
45 66 94
45 67 91
45 68 32
45 69 79
45 70 78
45 71 6
45 72 68
45 73 21
45 74 8
45 75 81
45 76 78
45 77 15
45 78 48
45 79 86
45 80 88
45 81 15
45 82 14
45 83 81
45 84 56
45 85 6
45 86 10
45 87 9
45 88 49
45 89 30
45 90 35
45 91 5
45 92 20
45 93 0
45 94 45
45 95 100
45 96 26
46 47 18
46 48 56
46 49 78
46 50 72
46 51 55
46 52 48
46 53 51
46 54 35
46 55 75
46 56 68
46 57 52
46 58 19
46 59 86
46 60 27
46 61 80
46 62 17
46 63 56
46 64 9
46 65 98
46 66 85
46 67 67
46 68 35
46 69 38
46 70 87
46 71 31
46 72 39
46 73 13
46 74 85
46 75 43
46 76 57
46 77 57
46 78 68
46 79 100
46 80 75
46 81 80
46 82 23
46 83 14
46 84 100
46 85 32
46 86 36
46 87 5
46 88 4
46 89 86
46 90 33
46 91 34
46 92 17
46 93 53
46 94 64
46 95 73
46 96 37
47 48 62
47 49 26
47 50 58
47 51 39
47 52 86
47 53 3
47 54 47
47 55 15
47 56 69
47 57 24
47 58 12
47 59 29
47 60 61
47 61 85
47 62 8
47 63 36
47 64 32
47 65 2
47 66 81
47 67 4
47 68 82
47 69 82
47 70 13
47 71 66
47 72 78
47 73 24
47 74 91
47 75 13
47 76 89
47 77 14
47 78 43
47 79 34
47 80 56
47 81 88
47 82 89
47 83 77
47 84 97
47 85 11
47 86 75
47 87 28
47 88 91
47 89 3
47 90 62
47 91 29
47 92 11
47 93 54
47 94 27
47 95 51
47 96 85
48 49 84
48 50 100
48 51 53
48 52 16
48 53 78
48 54 93
48 55 69
48 56 41
48 57 56
48 58 72
48 59 89
48 60 79
48 61 2
48 62 50
48 63 12
48 64 56
48 65 54
48 66 98
48 67 9
48 68 67
48 69 72
48 70 9
48 71 11
48 72 26
48 73 63
48 74 27
48 75 15
48 76 48
48 77 99
48 78 47
48 79 66
48 80 21
48 81 37
48 82 26
48 83 68
48 84 25
48 85 7
48 86 88
48 87 9
48 88 98
48 89 59
48 90 94
48 91 15
48 92 69
48 93 86
48 94 56
48 95 4
48 96 42
49 50 44
49 51 38
49 52 39
49 53 23
49 54 24
49 55 74
49 56 35
49 57 73
49 58 96
49 59 5
49 60 58
49 61 33
49 62 96
49 63 95
49 64 53
49 65 55
49 66 2
49 67 20
49 68 100
49 69 62
49 70 56
49 71 70
49 72 91
49 73 100
49 74 77
49 75 6
49 76 59
49 77 83
49 78 48
49 79 36
49 80 24
49 81 5
49 82 3
49 83 52
49 84 11
49 85 74
49 86 56
49 87 80
49 88 82
49 89 86
49 90 24
49 91 8
49 92 35
49 93 76
49 94 7
49 95 28
49 96 97
50 51 13
50 52 9
50 53 81
50 54 25
50 55 91
50 56 18
50 57 38
50 58 11
50 59 53
50 60 0
50 61 41
50 62 76
50 63 94
50 64 77
50 65 25
50 66 26
50 67 41
50 68 7
50 69 12
50 70 63
50 71 86
50 72 57
50 73 75
50 74 5
50 75 90
50 76 55
50 77 94
50 78 80
50 79 92
50 80 15
50 81 18
50 82 89
50 83 75
50 84 12
50 85 56
50 86 39
50 87 69
50 88 47
50 89 91
50 90 29
50 91 32
50 92 79
50 93 97
50 94 100
50 95 51
50 96 70
51 52 70
51 53 88
51 54 38
51 55 18
51 56 36
51 57 1
51 58 61
51 59 16
51 60 79
51 61 92
51 62 1
51 63 41
51 64 72
51 65 53
51 66 36
51 67 79
51 68 31
51 69 78
51 70 34
51 71 14
51 72 0
51 73 64
51 74 50
51 75 5
51 76 24
51 77 4
51 78 35
51 79 38
51 80 58
51 81 95
51 82 47
51 83 9
51 84 82
51 85 81
51 86 33
51 87 84
51 88 89
51 89 1
51 90 79
51 91 44
51 92 15
51 93 91
51 94 16
51 95 36
51 96 56
52 53 71
52 54 12
52 55 66
52 56 98
52 57 64
52 58 94
52 59 92
52 60 77
52 61 76
52 62 55
52 63 8
52 64 95
52 65 7
52 66 80
52 67 1
52 68 69
52 69 45
52 70 12
52 71 61
52 72 62
52 73 22
52 74 55
52 75 20
52 76 64
52 77 10
52 78 57
52 79 35
52 80 71
52 81 99
52 82 71
52 83 90
52 84 8
52 85 70
52 86 87
52 87 18
52 88 91
52 89 88
52 90 96
52 91 47
52 92 91
52 93 31
52 94 29
52 95 51
52 96 75
53 54 51
53 55 23
53 56 34
53 57 86
53 58 12
53 59 4
53 60 49
53 61 50
53 62 70
53 63 79
53 64 57
53 65 61
53 66 68
53 67 4
53 68 82
53 69 26
53 70 34
53 71 99
53 72 71
53 73 8
53 74 26
53 75 83
53 76 32
53 77 81
53 78 46
53 79 68
53 80 6
53 81 0
53 82 77
53 83 91
53 84 85
53 85 1
53 86 70
53 87 99
53 88 61
53 89 82
53 90 50
53 91 64
53 92 23
53 93 34
53 94 75
53 95 28
53 96 28
54 55 68
54 56 15
54 57 29
54 58 41
54 59 87
54 60 82
54 61 68
54 62 50
54 63 91
54 64 66
54 65 74
54 66 37
54 67 20
54 68 14
54 69 81
54 70 53
54 71 39
54 72 36
54 73 82
54 74 8
54 75 47
54 76 34
54 77 99
54 78 18
54 79 9
54 80 82
54 81 2
54 82 66
54 83 7
54 84 6
54 85 25
54 86 81
54 87 80
54 88 72
54 89 93
54 90 38
54 91 59
54 92 17
54 93 16
54 94 39
54 95 93
54 96 19
55 56 96
55 57 37
55 58 20
55 59 37
55 60 48
55 61 57
55 62 69
55 63 91
55 64 42
55 65 37
55 66 58
55 67 75
55 68 66
55 69 49
55 70 6
55 71 83
55 72 84
55 73 18
55 74 22
55 75 66
55 76 19
55 77 96
55 78 51
55 79 3
55 80 20
55 81 100
55 82 8
55 83 94
55 84 59
55 85 27
55 86 42
55 87 34
55 88 51
55 89 47
55 90 21
55 91 42
55 92 19
55 93 23
55 94 98
55 95 89
55 96 50
56 57 78
56 58 15
56 59 75
56 60 70
56 61 59
56 62 51
56 63 97
56 64 48
56 65 71
56 66 89
56 67 9
56 68 70
56 69 54
56 70 100
56 71 34
56 72 19
56 73 42
56 74 3
56 75 3
56 76 5
56 77 31
56 78 95
56 79 17
56 80 36
56 81 64
56 82 37
56 83 60
56 84 36
56 85 43
56 86 40
56 87 71
56 88 91
56 89 28
56 90 23
56 91 34
56 92 47
56 93 4
56 94 47
56 95 62
56 96 80
57 58 6
57 59 68
57 60 91
57 61 59
57 62 12
57 63 66
57 64 78
57 65 46
57 66 70
57 67 86
57 68 97
57 69 83
57 70 47
57 71 100
57 72 65
57 73 25
57 74 47
57 75 23
57 76 79
57 77 40
57 78 78
57 79 19
57 80 21
57 81 90
57 82 100
57 83 99
57 84 85
57 85 13
57 86 83
57 87 96
57 88 45
57 89 21
57 90 83
57 91 66
57 92 2
57 93 56
57 94 63
57 95 23
57 96 67
58 59 41
58 60 90
58 61 59
58 62 56
58 63 72
58 64 98
58 65 47
58 66 33
58 67 8
58 68 47
58 69 11
58 70 48
58 71 22
58 72 56
58 73 88
58 74 42
58 75 88
58 76 81
58 77 61
58 78 54
58 79 78
58 80 14
58 81 25
58 82 23
58 83 66
58 84 42
58 85 65
58 86 26
58 87 46
58 88 37
58 89 17
58 90 14
58 91 15
58 92 84
58 93 96
58 94 68
58 95 31
58 96 78
59 60 43
59 61 25
59 62 9
59 63 19
59 64 80
59 65 78
59 66 83
59 67 6
59 68 4
59 69 82
59 70 44
59 71 86
59 72 30
59 73 48
59 74 14
59 75 45
59 76 83
59 77 69
59 78 2
59 79 35
59 80 55
59 81 13
59 82 68
59 83 25
59 84 33
59 85 43
59 86 25
59 87 96
59 88 15
59 89 2
59 90 50
59 91 84
59 92 83
59 93 11
59 94 66
59 95 94
59 96 85
60 61 77
60 62 87
60 63 76
60 64 70
60 65 41
60 66 41
60 67 84
60 68 56
60 69 92
60 70 91
60 71 45
60 72 72
60 73 72
60 74 7
60 75 24
60 76 96
60 77 34
60 78 87
60 79 70
60 80 50
60 81 59
60 82 94
60 83 43
60 84 9
60 85 64
60 86 4
60 87 99
60 88 42
60 89 81
60 90 26
60 91 9
60 92 64
60 93 55
60 94 92
60 95 8
60 96 41
61 62 45
61 63 77
61 64 8
61 65 92
61 66 34
61 67 6
61 68 87
61 69 4
61 70 30
61 71 95
61 72 54
61 73 92
61 74 28
61 75 37
61 76 88
61 77 22
61 78 14
61 79 26
61 80 73
61 81 63
61 82 6
61 83 45
61 84 13
61 85 70
61 86 85
61 87 46
61 88 44
61 89 0
61 90 9
61 91 33
61 92 13
61 93 3
61 94 8
61 95 4
61 96 29
62 63 27
62 64 33
62 65 92
62 66 24
62 67 72
62 68 74
62 69 29
62 70 68
62 71 37
62 72 65
62 73 9
62 74 72
62 75 89
62 76 32
62 77 47
62 78 45
62 79 26
62 80 67
62 81 39
62 82 26
62 83 99
62 84 100
62 85 62
62 86 3
62 87 85
62 88 2
62 89 42
62 90 94
62 91 59
62 92 88
62 93 1
62 94 51
62 95 74
62 96 71
63 64 32
63 65 32
63 66 7
63 67 47
63 68 87
63 69 6
63 70 28
63 71 10
63 72 41
63 73 100
63 74 39
63 75 66
63 76 72
63 77 14
63 78 12
63 79 17
63 80 85
63 81 49
63 82 50
63 83 7
63 84 28
63 85 45
63 86 56
63 87 34
63 88 92
63 89 80
63 90 26
63 91 48
63 92 35
63 93 38
63 94 74
63 95 44
63 96 7
64 65 46
64 66 53
64 67 33
64 68 83
64 69 22
64 70 58
64 71 22
64 72 87
64 73 56
64 74 94
64 75 3
64 76 3
64 77 0
64 78 9
64 79 73
64 80 48
64 81 46
64 82 60
64 83 30
64 84 3
64 85 79
64 86 87
64 87 47
64 88 42
64 89 68
64 90 32
64 91 64
64 92 11
64 93 11
64 94 13
64 95 95
64 96 70
65 66 10
65 67 85
65 68 99
65 69 0
65 70 92
65 71 60
65 72 7
65 73 6
65 74 30
65 75 84
65 76 38
65 77 24
65 78 86
65 79 13
65 80 4
65 81 55
65 82 43
65 83 42
65 84 36
65 85 53
65 86 87
65 87 47
65 88 13
65 89 84
65 90 81
65 91 21
65 92 98
65 93 76
65 94 69
65 95 61
65 96 95
66 67 21
66 68 54
66 69 43
66 70 38
66 71 23
66 72 26
66 73 44
66 74 44
66 75 38
66 76 55
66 77 100
66 78 87
66 79 20
66 80 55
66 81 100
66 82 83
66 83 89
66 84 1
66 85 7
66 86 89
66 87 94
66 88 27
66 89 75
66 90 89
66 91 2
66 92 71
66 93 33
66 94 39
66 95 53
66 96 79
67 68 28
67 69 82
67 70 13
67 71 90
67 72 74
67 73 99
67 74 78
67 75 32
67 76 52
67 77 51
67 78 17
67 79 34
67 80 31
67 81 99
67 82 44
67 83 25
67 84 95
67 85 81
67 86 96
67 87 1
67 88 55
67 89 37
67 90 81
67 91 82
67 92 68
67 93 85
67 94 51
67 95 55
67 96 4
68 69 89
68 70 42
68 71 28
68 72 43
68 73 83
68 74 51
68 75 26
68 76 70
68 77 82
68 78 100
68 79 81
68 80 3
68 81 5
68 82 50
68 83 68
68 84 16
68 85 8
68 86 9
68 87 72
68 88 23
68 89 41
68 90 20
68 91 61
68 92 34
68 93 75
68 94 6
68 95 79
68 96 7
69 70 29
69 71 75
69 72 7
69 73 5
69 74 19
69 75 59
69 76 17
69 77 39
69 78 23
69 79 46
69 80 92
69 81 67
69 82 41
69 83 10
69 84 74
69 85 46
69 86 100
69 87 98
69 88 64
69 89 57
69 90 18
69 91 66
69 92 45
69 93 88
69 94 95
69 95 22
69 96 69
70 71 16
70 72 85
70 73 30
70 74 99
70 75 14
70 76 14
70 77 23
70 78 24
70 79 79
70 80 21
70 81 64
70 82 82
70 83 83
70 84 33
70 85 37
70 86 25
70 87 92
70 88 61
70 89 2
70 90 3
70 91 88
70 92 72
70 93 17
70 94 96
70 95 48
70 96 15
71 72 11
71 73 71
71 74 44
71 75 93
71 76 66
71 77 45
71 78 60
71 79 86
71 80 62
71 81 92
71 82 65
71 83 98
71 84 70
71 85 82
71 86 1
71 87 78
71 88 14
71 89 10
71 90 31
71 91 21
71 92 93
71 93 21
71 94 25
71 95 64
71 96 11
72 73 70
72 74 11
72 75 49
72 76 71
72 77 88
72 78 24
72 79 82
72 80 33
72 81 33
72 82 8
72 83 65
72 84 53
72 85 65
72 86 100
72 87 53
72 88 60
72 89 35
72 90 99
72 91 77
72 92 86
72 93 2
72 94 24
72 95 29
72 96 53
73 74 30
73 75 72
73 76 27
73 77 53
73 78 95
73 79 66
73 80 28
73 81 14
73 82 94
73 83 38
73 84 29
73 85 83
73 86 85
73 87 22
73 88 54
73 89 18
73 90 60
73 91 43
73 92 36
73 93 3
73 94 52
73 95 67
73 96 82
74 75 44
74 76 55
74 77 52
74 78 88
74 79 4
74 80 41
74 81 81
74 82 60
74 83 40
74 84 41
74 85 96
74 86 74
74 87 15
74 88 1
74 89 5
74 90 88
74 91 72
74 92 78
74 93 15
74 94 75
74 95 67
74 96 50
75 76 19
75 77 98
75 78 83
75 79 76
75 80 100
75 81 15
75 82 35
75 83 47
75 84 3
75 85 70
75 86 70
75 87 46
75 88 68
75 89 7
75 90 39
75 91 44
75 92 43
75 93 65
75 94 53
75 95 14
75 96 5
76 77 41
76 78 33
76 79 30
76 80 96
76 81 29
76 82 65
76 83 31
76 84 97
76 85 62
76 86 11
76 87 27
76 88 45
76 89 53
76 90 6
76 91 68
76 92 59
76 93 56
76 94 96
76 95 43
76 96 27
77 78 47
77 79 67
77 80 6
77 81 4
77 82 2
77 83 69
77 84 95
77 85 93
77 86 66
77 87 54
77 88 60
77 89 19
77 90 53
77 91 27
77 92 46
77 93 8
77 94 71
77 95 35
77 96 81
78 79 36
78 80 96
78 81 27
78 82 28
78 83 48
78 84 59
78 85 92
78 86 36
78 87 100
78 88 32
78 89 38
78 90 100
78 91 90
78 92 43
78 93 33
78 94 52
78 95 79
78 96 75
79 80 42
79 81 59
79 82 42
79 83 79
79 84 37
79 85 65
79 86 35
79 87 35
79 88 37
79 89 27
79 90 66
79 91 45
79 92 63
79 93 56
79 94 42
79 95 24
79 96 63
80 81 14
80 82 75
80 83 68
80 84 92
80 85 40
80 86 14
80 87 66
80 88 93
80 89 70
80 90 33
80 91 1
80 92 87
80 93 51
80 94 54
80 95 39
80 96 62
81 82 74
81 83 56
81 84 71
81 85 41
81 86 74
81 87 46
81 88 16
81 89 93
81 90 50
81 91 75
81 92 25
81 93 56
81 94 66
81 95 56
81 96 75
82 83 28
82 84 58
82 85 41
82 86 1
82 87 31
82 88 30
82 89 31
82 90 41
82 91 0
82 92 34
82 93 87
82 94 44
82 95 26
82 96 74
83 84 64
83 85 68
83 86 64
83 87 17
83 88 22
83 89 57
83 90 7
83 91 45
83 92 40
83 93 5
83 94 23
83 95 32
83 96 76
84 85 92
84 86 43
84 87 25
84 88 58
84 89 42
84 90 54
84 91 31
84 92 67
84 93 7
84 94 98
84 95 11
84 96 22
85 86 43
85 87 65
85 88 94
85 89 95
85 90 10
85 91 15
85 92 19
85 93 4
85 94 22
85 95 59
85 96 42
86 87 26
86 88 38
86 89 92
86 90 69
86 91 70
86 92 43
86 93 10
86 94 42
86 95 5
86 96 74
87 88 97
87 89 55
87 90 19
87 91 2
87 92 18
87 93 2
87 94 13
87 95 91
87 96 53
88 89 18
88 90 83
88 91 12
88 92 20
88 93 42
88 94 36
88 95 53
88 96 2
89 90 12
89 91 88
89 92 53
89 93 20
89 94 77
89 95 75
89 96 46
90 91 2
90 92 30
90 93 5
90 94 15
90 95 83
90 96 11
91 92 28
91 93 48
91 94 60
91 95 58
91 96 63
92 93 75
92 94 25
92 95 56
92 96 14
93 94 66
93 95 2
93 96 99
94 95 22
94 96 15
95 96 94
