54 27
0 1 90
0 2 94
0 3 27
0 4 14
0 5 88
0 6 0
0 7 15
0 8 76
0 9 56
0 10 47
0 11 98
0 12 49
0 13 20
0 14 78
0 15 80
0 16 10
0 17 37
0 18 67
0 19 69
0 20 97
0 21 76
0 22 44
0 23 49
0 24 13
0 25 95
0 26 74
0 27 78
0 28 16
0 29 74
0 30 24
0 31 39
0 32 96
0 33 98
0 34 21
0 35 89
0 36 31
0 37 83
0 38 0
0 39 36
0 40 24
0 41 96
0 42 67
0 43 23
0 44 62
0 45 67
0 46 70
0 47 9
0 48 40
0 49 54
0 50 80
0 51 57
0 52 89
0 53 100
1 2 97
1 3 50
1 4 63
1 5 61
1 6 71
1 7 57
1 8 93
1 9 81
1 10 13
1 11 87
1 12 5
1 13 46
1 14 76
1 15 54
1 16 20
1 17 77
1 18 34
1 19 93
1 20 51
1 21 18
1 22 64
1 23 67
1 24 42
1 25 41
1 26 78
1 27 96
1 28 82
1 29 54
1 30 100
1 31 79
1 32 91
1 33 6
1 34 21
1 35 91
1 36 61
1 37 3
1 38 86
1 39 94
1 40 84
1 41 66
1 42 9
1 43 35
1 44 57
1 45 2
1 46 30
1 47 96
1 48 86
1 49 20
1 50 65
1 51 94
1 52 13
1 53 44
2 3 62
2 4 13
2 5 92
2 6 5
2 7 59
2 8 24
2 9 64
2 10 88
2 11 0
2 12 78
2 13 88
2 14 74
2 15 19
2 16 51
2 17 24
2 18 72
2 19 19
2 20 38
2 21 91
2 22 47
2 23 45
2 24 39
2 25 84
2 26 2
2 27 38
2 28 57
2 29 90
2 30 94
2 31 68
2 32 30
2 33 50
2 34 33
2 35 33
2 36 9
2 37 4
2 38 38
2 39 57
2 40 33
2 41 5
2 42 5
2 43 54
2 44 96
2 45 99
2 46 60
2 47 95
2 48 30
2 49 17
2 50 83
2 51 45
2 52 0
2 53 79
3 4 9
3 5 12
3 6 99
3 7 68
3 8 35
3 9 75
3 10 35
3 11 70
3 12 34
3 13 97
3 14 70
3 15 98
3 16 72
3 17 8
3 18 6
3 19 98
3 20 40
3 21 77
3 22 80
3 23 81
3 24 58
3 25 29
3 26 17
3 27 75
3 28 16
3 29 77
3 30 63
3 31 16
3 32 36
3 33 80
3 34 85
3 35 71
3 36 88
3 37 65
3 38 60
3 39 18
3 40 97
3 41 67
3 42 21
3 43 51
3 44 78
3 45 20
3 46 31
3 47 48
3 48 30
3 49 30
3 50 57
3 51 71
3 52 85
3 53 41
4 5 33
4 6 43
4 7 36
4 8 62
4 9 52
4 10 0
4 11 40
4 12 66
4 13 98
4 14 6
4 15 60
4 16 13
4 17 53
4 18 86
4 19 65
4 20 68
4 21 38
4 22 7
4 23 25
4 24 29
4 25 99
4 26 46
4 27 66
4 28 31
4 29 55
4 30 12
4 31 31
4 32 84
4 33 85
4 34 42
4 35 71
4 36 31
4 37 69
4 38 37
4 39 29
4 40 2
4 41 51
4 42 36
4 43 88
4 44 4
4 45 61
4 46 32
4 47 85
4 48 60
4 49 73
4 50 4
4 51 64
4 52 91
4 53 85
5 6 7
5 7 73
5 8 25
5 9 86
5 10 41
5 11 68
5 12 71
5 13 59
5 14 15
5 15 88
5 16 27
5 17 64
5 18 8
5 19 56
5 20 41
5 21 57
5 22 27
5 23 37
5 24 53
5 25 57
5 26 24
5 27 50
5 28 28
5 29 97
5 30 6
5 31 63
5 32 62
5 33 100
5 34 82
5 35 67
5 36 4
5 37 84
5 38 61
5 39 29
5 40 87
5 41 1
5 42 53
5 43 47
5 44 45
5 45 50
5 46 85
5 47 73
5 48 45
5 49 35
5 50 3
5 51 100
5 52 51
5 53 54
6 7 90
6 8 52
6 9 16
6 10 86
6 11 7
6 12 20
6 13 24
6 14 42
6 15 54
6 16 93
6 17 25
6 18 3
6 19 98
6 20 29
6 21 75
6 22 86
6 23 51
6 24 82
6 25 48
6 26 64
6 27 8
6 28 81
6 29 54
6 30 48
6 31 80
6 32 18
6 33 95
6 34 48
6 35 35
6 36 50
6 37 76
6 38 52
6 39 2
6 40 2
6 41 81
6 42 91
6 43 82
6 44 95
6 45 14
6 46 51
6 47 6
6 48 75
6 49 12
6 50 20
6 51 19
6 52 54
6 53 28
7 8 51
7 9 70
7 10 24
7 11 10
7 12 50
7 13 91
7 14 91
7 15 11
7 16 70
7 17 67
7 18 26
7 19 86
7 20 3
7 21 52
7 22 68
7 23 57
7 24 52
7 25 88
7 26 62
7 27 19
7 28 62
7 29 99
7 30 27
7 31 88
7 32 72
7 33 19
7 34 100
7 35 77
7 36 60
7 37 85
7 38 28
7 39 91
7 40 21
7 41 41
7 42 78
7 43 60
7 44 75
7 45 56
7 46 97
7 47 56
7 48 18
7 49 100
7 50 84
7 51 43
7 52 12
7 53 99
8 9 75
8 10 29
8 11 13
8 12 40
8 13 14
8 14 26
8 15 27
8 16 66
8 17 90
8 18 56
8 19 81
8 20 50
8 21 27
8 22 9
8 23 77
8 24 52
8 25 65
8 26 19
8 27 14
8 28 84
8 29 20
8 30 4
8 31 31
8 32 49
8 33 19
8 34 32
8 35 30
8 36 16
8 37 34
8 38 5
8 39 20
8 40 84
8 41 80
8 42 39
8 43 57
8 44 35
8 45 63
8 46 8
8 47 97
8 48 4
8 49 62
8 50 23
8 51 35
8 52 43
8 53 96
9 10 79
9 11 12
9 12 92
9 13 51
9 14 64
9 15 37
9 16 34
9 17 11
9 18 65
9 19 62
9 20 63
9 21 71
9 22 6
9 23 44
9 24 78
9 25 39
9 26 98
9 27 20
9 28 25
9 29 12
9 30 11
9 31 78
9 32 1
9 33 51
9 34 92
9 35 35
9 36 85
9 37 40
9 38 29
9 39 33
9 40 76
9 41 88
9 42 23
9 43 30
9 44 14
9 45 60
9 46 96
9 47 50
9 48 78
9 49 4
9 50 66
9 51 100
9 52 9
9 53 61
10 11 4
10 12 40
10 13 7
10 14 59
10 15 39
10 16 64
10 17 78
10 18 54
10 19 34
10 20 39
10 21 51
10 22 99
10 23 62
10 24 97
10 25 66
10 26 53
10 27 76
10 28 60
10 29 81
10 30 63
10 31 62
10 32 7
10 33 90
10 34 89
10 35 47
10 36 21
10 37 89
10 38 52
10 39 37
10 40 27
10 41 44
10 42 50
10 43 43
10 44 76
10 45 60
10 46 82
10 47 78
10 48 54
10 49 61
10 50 37
10 51 49
10 52 3
10 53 68
11 12 83
11 13 72
11 14 64
11 15 97
11 16 99
11 17 83
11 18 23
11 19 34
11 20 77
11 21 97
11 22 60
11 23 65
11 24 49
11 25 97
11 26 75
11 27 65
11 28 23
11 29 57
11 30 92
11 31 57
11 32 3
11 33 37
11 34 82
11 35 1
11 36 36
11 37 54
11 38 84
11 39 83
11 40 30
11 41 0
11 42 98
11 43 81
11 44 41
11 45 54
11 46 33
11 47 68
11 48 96
11 49 55
11 50 49
11 51 84
11 52 38
11 53 82
12 13 63
12 14 17
12 15 34
12 16 99
12 17 28
12 18 48
12 19 51
12 20 69
12 21 21
12 22 68
12 23 74
12 24 74
12 25 20
12 26 23
12 27 7
12 28 78
12 29 64
12 30 11
12 31 58
12 32 25
12 33 98
12 34 36
12 35 84
12 36 84
12 37 42
12 38 19
12 39 90
12 40 98
12 41 10
12 42 52
12 43 87
12 44 33
12 45 53
12 46 37
12 47 61
12 48 88
12 49 94
12 50 20
12 51 83
12 52 96
12 53 14
13 14 87
13 15 21
13 16 93
13 17 53
13 18 7
13 19 13
13 20 78
13 21 55
13 22 61
13 23 12
13 24 33
13 25 30
13 26 14
13 27 64
13 28 59
13 29 60
13 30 73
13 31 22
13 32 60
13 33 10
13 34 23
13 35 4
13 36 95
13 37 86
13 38 39
13 39 22
13 40 17
13 41 83
13 42 80
13 43 43
13 44 35
13 45 61
13 46 8
13 47 74
13 48 36
13 49 63
13 50 100
13 51 16
13 52 95
13 53 79
14 15 30
14 16 25
14 17 89
14 18 61
14 19 16
14 20 94
14 21 98
14 22 10
14 23 31
14 24 45
14 25 53
14 26 98
14 27 40
14 28 60
14 29 69
14 30 25
14 31 48
14 32 55
14 33 21
14 34 63
14 35 52
14 36 86
14 37 23
14 38 41
14 39 73
14 40 34
14 41 51
14 42 0
14 43 10
14 44 24
14 45 73
14 46 25
14 47 90
14 48 26
14 49 83
14 50 83
14 51 17
14 52 21
14 53 18
15 16 44
15 17 24
15 18 97
15 19 35
15 20 35
15 21 45
15 22 41
15 23 64
15 24 60
15 25 31
15 26 51
15 27 38
15 28 75
15 29 65
15 30 62
15 31 77
15 32 74
15 33 33
15 34 77
15 35 48
15 36 41
15 37 94
15 38 33
15 39 88
15 40 36
15 41 65
15 42 0
15 43 40
15 44 68
15 45 66
15 46 31
15 47 85
15 48 22
15 49 32
15 50 81
15 51 42
15 52 35
15 53 87
16 17 16
16 18 94
16 19 57
16 20 36
16 21 30
16 22 69
16 23 24
16 24 49
16 25 24
16 26 76
16 27 60
16 28 86
16 29 58
16 30 6
16 31 99
16 32 90
16 33 30
16 34 57
16 35 30
16 36 54
16 37 63
16 38 99
16 39 19
16 40 83
16 41 41
16 42 2
16 43 63
16 44 79
16 45 49
16 46 17
16 47 38
16 48 3
16 49 56
16 50 31
16 51 71
16 52 23
16 53 88
17 18 73
17 19 83
17 20 22
17 21 29
17 22 2
17 23 83
17 24 22
17 25 63
17 26 56
17 27 70
17 28 24
17 29 94
17 30 71
17 31 44
17 32 70
17 33 33
17 34 28
17 35 69
17 36 30
17 37 78
17 38 16
17 39 20
17 40 60
17 41 0
17 42 63
17 43 46
17 44 69
17 45 54
17 46 97
17 47 91
17 48 14
17 49 60
17 50 39
17 51 77
17 52 97
17 53 27
18 19 10
18 20 99
18 21 73
18 22 23
18 23 41
18 24 32
18 25 61
18 26 13
18 27 63
18 28 69
18 29 70
18 30 23
18 31 10
18 32 95
18 33 98
18 34 26
18 35 88
18 36 73
18 37 68
18 38 91
18 39 6
18 40 20
18 41 26
18 42 19
18 43 40
18 44 55
18 45 86
18 46 88
18 47 84
18 48 67
18 49 11
18 50 32
18 51 57
18 52 17
18 53 71
19 20 64
19 21 11
19 22 67
19 23 88
19 24 53
19 25 86
19 26 98
19 27 54
19 28 58
19 29 90
19 30 68
19 31 32
19 32 79
19 33 21
19 34 99
19 35 8
19 36 73
19 37 15
19 38 9
19 39 14
19 40 23
19 41 27
19 42 76
19 43 73
19 44 55
19 45 90
19 46 69
19 47 52
19 48 100
19 49 37
19 50 74
19 51 79
19 52 84
19 53 62
20 21 29
20 22 20
20 23 38
20 24 24
20 25 74
20 26 38
20 27 3
20 28 2
20 29 56
20 30 60
20 31 68
20 32 71
20 33 26
20 34 41
20 35 30
20 36 60
20 37 16
20 38 29
20 39 47
20 40 0
20 41 43
20 42 88
20 43 72
20 44 26
20 45 85
20 46 47
20 47 100
20 48 67
20 49 16
20 50 91
20 51 59
20 52 66
20 53 84
21 22 79
21 23 11
21 24 100
21 25 40
21 26 90
21 27 24
21 28 31
21 29 0
21 30 74
21 31 16
21 32 100
21 33 73
21 34 94
21 35 92
21 36 73
21 37 81
21 38 77
21 39 6
21 40 38
21 41 79
21 42 13
21 43 9
21 44 94
21 45 5
21 46 12
21 47 54
21 48 60
21 49 99
21 50 6
21 51 34
21 52 22
21 53 34
22 23 76
22 24 62
22 25 27
22 26 81
22 27 98
22 28 12
22 29 81
22 30 83
22 31 13
22 32 0
22 33 97
22 34 29
22 35 27
22 36 30
22 37 35
22 38 26
22 39 83
22 40 75
22 41 97
22 42 45
22 43 15
22 44 100
22 45 76
22 46 37
22 47 94
22 48 0
22 49 49
22 50 51
22 51 42
22 52 8
22 53 49
23 24 11
23 25 47
23 26 24
23 27 39
23 28 65
23 29 43
23 30 50
23 31 34
23 32 4
23 33 75
23 34 62
23 35 100
23 36 78
23 37 89
23 38 92
23 39 97
23 40 69
23 41 26
23 42 100
23 43 55
23 44 25
23 45 5
23 46 69
23 47 10
23 48 20
23 49 30
23 50 1
23 51 81
23 52 23
23 53 71
24 25 35
24 26 6
24 27 0
24 28 46
24 29 2
24 30 44
24 31 47
24 32 38
24 33 79
24 34 77
24 35 6
24 36 73
24 37 33
24 38 57
24 39 59
24 40 53
24 41 31
24 42 4
24 43 85
24 44 34
24 45 69
24 46 42
24 47 83
24 48 47
24 49 62
24 50 83
24 51 26
24 52 57
24 53 1
25 26 79
25 27 40
25 28 89
25 29 86
25 30 85
25 31 99
25 32 16
25 33 85
25 34 33
25 35 40
25 36 88
25 37 18
25 38 93
25 39 34
25 40 86
25 41 93
25 42 56
25 43 59
25 44 40
25 45 64
25 46 78
25 47 7
25 48 5
25 49 17
25 50 6
25 51 55
25 52 44
25 53 24
26 27 18
26 28 0
26 29 81
26 30 46
26 31 79
26 32 9
26 33 49
26 34 97
26 35 65
26 36 16
26 37 82
26 38 42
26 39 62
26 40 33
26 41 9
26 42 12
26 43 75
26 44 8
26 45 31
26 46 3
26 47 75
26 48 52
26 49 75
26 50 32
26 51 42
26 52 93
26 53 55
27 28 78
27 29 12
27 30 17
27 31 74
27 32 73
27 33 55
27 34 74
27 35 86
27 36 60
27 37 66
27 38 31
27 39 67
27 40 100
27 41 14
27 42 2
27 43 50
27 44 43
27 45 28
27 46 10
27 47 0
27 48 72
27 49 15
27 50 66
27 51 12
27 52 13
27 53 59
28 29 15
28 30 2
28 31 81
28 32 11
28 33 6
28 34 2
28 35 2
28 36 16
28 37 49
28 38 37
28 39 20
28 40 64
28 41 79
28 42 0
28 43 69
28 44 99
28 45 44
28 46 90
28 47 49
28 48 76
28 49 11
28 50 84
28 51 84
28 52 73
28 53 22
29 30 57
29 31 28
29 32 40
29 33 66
29 34 16
29 35 40
29 36 43
29 37 55
29 38 53
29 39 20
29 40 2
29 41 71
29 42 28
29 43 57
29 44 88
29 45 5
29 46 27
29 47 52
29 48 17
29 49 8
29 50 98
29 51 93
29 52 99
29 53 72
30 31 16
30 32 35
30 33 26
30 34 56
30 35 65
30 36 40
30 37 45
30 38 74
30 39 99
30 40 45
30 41 10
30 42 6
30 43 38
30 44 34
30 45 62
30 46 2
30 47 96
30 48 17
30 49 91
30 50 4
30 51 76
30 52 35
30 53 80
31 32 57
31 33 91
31 34 12
31 35 87
31 36 16
31 37 40
31 38 70
31 39 26
31 40 54
31 41 81
31 42 84
31 43 97
31 44 92
31 45 51
31 46 63
31 47 92
31 48 20
31 49 87
31 50 100
31 51 29
31 52 9
31 53 99
32 33 86
32 34 18
32 35 81
32 36 1
32 37 20
32 38 13
32 39 21
32 40 31
32 41 85
32 42 97
32 43 75
32 44 54
32 45 58
32 46 56
32 47 87
32 48 42
32 49 27
32 50 55
32 51 19
32 52 4
32 53 18
33 34 14
33 35 60
33 36 91
33 37 40
33 38 46
33 39 93
33 40 64
33 41 49
33 42 7
33 43 80
33 44 10
33 45 72
33 46 66
33 47 3
33 48 51
33 49 58
33 50 42
33 51 77
33 52 3
33 53 74
34 35 87
34 36 51
34 37 58
34 38 72
34 39 41
34 40 76
34 41 24
34 42 39
34 43 83
34 44 76
34 45 9
34 46 74
34 47 19
34 48 5
34 49 82
34 50 78
34 51 76
34 52 44
34 53 22
35 36 5
35 37 6
35 38 88
35 39 28
35 40 40
35 41 32
35 42 12
35 43 80
35 44 39
35 45 21
35 46 66
35 47 30
35 48 32
35 49 0
35 50 87
35 51 25
35 52 33
35 53 66
36 37 54
36 38 66
36 39 96
36 40 100
36 41 61
36 42 58
36 43 100
36 44 86
36 45 83
36 46 71
36 47 1
36 48 30
36 49 5
36 50 64
36 51 31
36 52 75
36 53 29
37 38 56
37 39 88
37 40 90
37 41 96
37 42 98
37 43 29
37 44 1
37 45 51
37 46 14
37 47 90
37 48 59
37 49 42
37 50 29
37 51 2
37 52 16
37 53 2
38 39 33
38 40 44
38 41 33
38 42 19
38 43 28
38 44 71
38 45 54
38 46 99
38 47 26
38 48 68
38 49 80
38 50 13
38 51 98
38 52 11
38 53 82
39 40 20
39 41 5
39 42 90
39 43 99
39 44 19
39 45 14
39 46 98
39 47 21
39 48 39
39 49 68
39 50 49
39 51 61
39 52 49
39 53 10
40 41 94
40 42 36
40 43 99
40 44 47
40 45 61
40 46 26
40 47 5
40 48 50
40 49 70
40 50 38
40 51 15
40 52 74
40 53 17
41 42 95
41 43 56
41 44 27
41 45 49
41 46 58
41 47 0
41 48 30
41 49 1
41 50 20
41 51 65
41 52 80
41 53 14
42 43 12
42 44 59
42 45 44
42 46 53
42 47 22
42 48 71
42 49 53
42 50 20
42 51 49
42 52 92
42 53 62
43 44 83
43 45 75
43 46 74
43 47 11
43 48 16
43 49 78
43 50 86
43 51 93
43 52 52
43 53 99
44 45 28
44 46 22
44 47 55
44 48 2
44 49 97
44 50 43
44 51 3
44 52 44
44 53 99
45 46 34
45 47 63
45 48 61
45 49 12
45 50 87
45 51 66
45 52 76
45 53 44
46 47 84
46 48 39
46 49 50
46 50 87
46 51 93
46 52 60
46 53 55
47 48 96
47 49 96
47 50 43
47 51 49
47 52 78
47 53 58
48 49 15
48 50 12
48 51 50
48 52 17
48 53 88
49 50 26
49 51 37
49 52 59
49 53 20
50 51 66
50 52 80
50 53 75
51 52 57
51 53 41
52 53 43
