76 38
0 1 46
0 2 30
0 3 63
0 4 35
0 5 58
0 6 25
0 7 97
0 8 30
0 9 92
0 10 51
0 11 21
0 12 82
0 13 1
0 14 62
0 15 2
0 16 33
0 17 64
0 18 74
0 19 4
0 20 6
0 21 1
0 22 8
0 23 84
0 24 87
0 25 59
0 26 25
0 27 57
0 28 64
0 29 85
0 30 89
0 31 16
0 32 43
0 33 32
0 34 8
0 35 24
0 36 75
0 37 43
0 38 90
0 39 42
0 40 86
0 41 61
0 42 23
0 43 71
0 44 96
0 45 31
0 46 49
0 47 64
0 48 81
0 49 4
0 50 26
0 51 62
0 52 90
0 53 17
0 54 93
0 55 82
0 56 80
0 57 18
0 58 34
0 59 55
0 60 98
0 61 43
0 62 27
0 63 47
0 64 51
0 65 4
0 66 2
0 67 75
0 68 18
0 69 76
0 70 91
0 71 64
0 72 86
0 73 48
0 74 100
0 75 79
1 2 65
1 3 37
1 4 28
1 5 36
1 6 87
1 7 35
1 8 48
1 9 66
1 10 96
1 11 64
1 12 100
1 13 33
1 14 48
1 15 4
1 16 62
1 17 99
1 18 4
1 19 81
1 20 85
1 21 93
1 22 1
1 23 30
1 24 98
1 25 97
1 26 0
1 27 53
1 28 65
1 29 31
1 30 92
1 31 68
1 32 34
1 33 95
1 34 33
1 35 37
1 36 98
1 37 29
1 38 45
1 39 15
1 40 75
1 41 80
1 42 69
1 43 100
1 44 4
1 45 56
1 46 88
1 47 94
1 48 12
1 49 95
1 50 88
1 51 51
1 52 66
1 53 12
1 54 68
1 55 5
1 56 50
1 57 24
1 58 28
1 59 60
1 60 81
1 61 97
1 62 79
1 63 1
1 64 89
1 65 49
1 66 60
1 67 96
1 68 12
1 69 15
1 70 21
1 71 42
1 72 25
1 73 10
1 74 45
1 75 92
2 3 71
2 4 66
2 5 63
2 6 0
2 7 89
2 8 20
2 9 2
2 10 58
2 11 46
2 12 11
2 13 50
2 14 97
2 15 12
2 16 77
2 17 79
2 18 3
2 19 43
2 20 17
2 21 13
2 22 79
2 23 1
2 24 70
2 25 38
2 26 35
2 27 82
2 28 74
2 29 73
2 30 32
2 31 97
2 32 49
2 33 85
2 34 50
2 35 27
2 36 91
2 37 73
2 38 59
2 39 52
2 40 50
2 41 38
2 42 73
2 43 57
2 44 46
2 45 21
2 46 2
2 47 96
2 48 69
2 49 9
2 50 69
2 51 99
2 52 16
2 53 46
2 54 44
2 55 29
2 56 84
2 57 48
2 58 85
2 59 54
2 60 48
2 61 81
2 62 62
2 63 3
2 64 27
2 65 94
2 66 38
2 67 21
2 68 2
2 69 24
2 70 69
2 71 49
2 72 82
2 73 51
2 74 99
2 75 51
3 4 64
3 5 81
3 6 65
3 7 51
3 8 13
3 9 43
3 10 45
3 11 98
3 12 16
3 13 13
3 14 77
3 15 5
3 16 49
3 17 56
3 18 51
3 19 37
3 20 76
3 21 32
3 22 25
3 23 42
3 24 10
3 25 79
3 26 89
3 27 66
3 28 15
3 29 62
3 30 52
3 31 44
3 32 34
3 33 43
3 34 19
3 35 96
3 36 15
3 37 8
3 38 1
3 39 63
3 40 62
3 41 83
3 42 66
3 43 11
3 44 79
3 45 26
3 46 82
3 47 90
3 48 4
3 49 37
3 50 44
3 51 62
3 52 41
3 53 16
3 54 7
3 55 73
3 56 12
3 57 31
3 58 59
3 59 39
3 60 29
3 61 30
3 62 94
3 63 20
3 64 4
3 65 5
3 66 74
3 67 23
3 68 38
3 69 32
3 70 38
3 71 73
3 72 14
3 73 24
3 74 17
3 75 29
4 5 6
4 6 42
4 7 33
4 8 28
4 9 7
4 10 0
4 11 11
4 12 12
4 13 100
4 14 5
4 15 74
4 16 91
4 17 73
4 18 74
4 19 22
4 20 67
4 21 92
4 22 45
4 23 88
4 24 98
4 25 80
4 26 24
4 27 15
4 28 65
4 29 98
4 30 19
4 31 82
4 32 81
4 33 34
4 34 8
4 35 0
4 36 35
4 37 97
4 38 100
4 39 2
4 40 65
4 41 68
4 42 95
4 43 76
4 44 70
4 45 49
4 46 96
4 47 22
4 48 65
4 49 79
4 50 27
4 51 50
4 52 43
4 53 3
4 54 61
4 55 32
4 56 32
4 57 48
4 58 8
4 59 85
4 60 83
4 61 7
4 62 46
4 63 6
4 64 12
4 65 17
4 66 9
4 67 35
4 68 23
4 69 56
4 70 34
4 71 64
4 72 73
4 73 4
4 74 23
4 75 37
5 6 39
5 7 66
5 8 64
5 9 95
5 10 80
5 11 10
5 12 3
5 13 95
5 14 92
5 15 17
5 16 77
5 17 72
5 18 23
5 19 46
5 20 31
5 21 88
5 22 76
5 23 6
5 24 41
5 25 79
5 26 31
5 27 86
5 28 98
5 29 49
5 30 11
5 31 73
5 32 89
5 33 68
5 34 31
5 35 53
5 36 68
5 37 20
5 38 68
5 39 30
5 40 9
5 41 42
5 42 2
5 43 77
5 44 79
5 45 15
5 46 93
5 47 95
5 48 72
5 49 16
5 50 11
5 51 82
5 52 92
5 53 49
5 54 25
5 55 72
5 56 36
5 57 42
5 58 81
5 59 6
5 60 11
5 61 39
5 62 23
5 63 22
5 64 72
5 65 40
5 66 51
5 67 28
5 68 28
5 69 92
5 70 57
5 71 84
5 72 57
5 73 60
5 74 3
5 75 61
6 7 50
6 8 44
6 9 33
6 10 27
6 11 63
6 12 81
6 13 37
6 14 75
6 15 46
6 16 62
6 17 43
6 18 18
6 19 79
6 20 72
6 21 99
6 22 32
6 23 30
6 24 74
6 25 29
6 26 72
6 27 9
6 28 90
6 29 32
6 30 43
6 31 71
6 32 39
6 33 51
6 34 21
6 35 29
6 36 35
6 37 98
6 38 33
6 39 18
6 40 9
6 41 21
6 42 93
6 43 75
6 44 35
6 45 90
6 46 47
6 47 79
6 48 58
6 49 37
6 50 17
6 51 100
6 52 67
6 53 22
6 54 16
6 55 81
6 56 63
6 57 7
6 58 13
6 59 84
6 60 72
6 61 56
6 62 2
6 63 85
6 64 100
6 65 19
6 66 67
6 67 24
6 68 19
6 69 14
6 70 25
6 71 38
6 72 23
6 73 47
6 74 35
6 75 28
7 8 91
7 9 56
7 10 58
7 11 24
7 12 46
7 13 46
7 14 34
7 15 22
7 16 55
7 17 65
7 18 23
7 19 21
7 20 40
7 21 55
7 22 2
7 23 22
7 24 97
7 25 36
7 26 86
7 27 71
7 28 17
7 29 52
7 30 78
7 31 32
7 32 60
7 33 80
7 34 17
7 35 90
7 36 53
7 37 65
7 38 81
7 39 39
7 40 91
7 41 74
7 42 37
7 43 16
7 44 76
7 45 23
7 46 52
7 47 54
7 48 17
7 49 75
7 50 95
7 51 76
7 52 94
7 53 34
7 54 71
7 55 79
7 56 15
7 57 97
7 58 71
7 59 14
7 60 23
7 61 54
7 62 97
7 63 95
7 64 35
7 65 45
7 66 64
7 67 31
7 68 16
7 69 12
7 70 63
7 71 78
7 72 11
7 73 81
7 74 43
7 75 56
8 9 74
8 10 73
8 11 68
8 12 28
8 13 9
8 14 62
8 15 74
8 16 40
8 17 22
8 18 98
8 19 23
8 20 49
8 21 98
8 22 70
8 23 9
8 24 29
8 25 33
8 26 71
8 27 61
8 28 4
8 29 69
8 30 72
8 31 92
8 32 43
8 33 39
8 34 66
8 35 40
8 36 12
8 37 96
8 38 56
8 39 94
8 40 78
8 41 1
8 42 60
8 43 100
8 44 5
8 45 16
8 46 21
8 47 43
8 48 14
8 49 73
8 50 48
8 51 44
8 52 26
8 53 87
8 54 37
8 55 86
8 56 85
8 57 78
8 58 77
8 59 33
8 60 0
8 61 72
8 62 1
8 63 19
8 64 18
8 65 88
8 66 15
8 67 97
8 68 16
8 69 56
8 70 100
8 71 51
8 72 66
8 73 54
8 74 36
8 75 25
9 10 8
9 11 38
9 12 99
9 13 19
9 14 41
9 15 32
9 16 86
9 17 84
9 18 58
9 19 0
9 20 90
9 21 48
9 22 89
9 23 55
9 24 83
9 25 67
9 26 94
9 27 77
9 28 99
9 29 65
9 30 83
9 31 95
9 32 12
9 33 78
9 34 76
9 35 11
9 36 25
9 37 95
9 38 47
9 39 23
9 40 32
9 41 20
9 42 34
9 43 27
9 44 68
9 45 37
9 46 87
9 47 97
9 48 63
9 49 46
9 50 86
9 51 96
9 52 97
9 53 15
9 54 83
9 55 76
9 56 22
9 57 58
9 58 53
9 59 31
9 60 73
9 61 26
9 62 69
9 63 1
9 64 32
9 65 78
9 66 45
9 67 48
9 68 92
9 69 95
9 70 82
9 71 79
9 72 42
9 73 41
9 74 10
9 75 94
10 11 5
10 12 57
10 13 63
10 14 59
10 15 17
10 16 59
10 17 13
10 18 39
10 19 9
10 20 96
10 21 71
10 22 71
10 23 44
10 24 58
10 25 78
10 26 3
10 27 18
10 28 23
10 29 64
10 30 78
10 31 37
10 32 19
10 33 24
10 34 12
10 35 51
10 36 44
10 37 25
10 38 42
10 39 22
10 40 76
10 41 78
10 42 33
10 43 53
10 44 49
10 45 35
10 46 71
10 47 12
10 48 76
10 49 44
10 50 3
10 51 97
10 52 81
10 53 81
10 54 14
10 55 76
10 56 97
10 57 69
10 58 21
10 59 13
10 60 31
10 61 20
10 62 28
10 63 1
10 64 35
10 65 15
10 66 10
10 67 2
10 68 25
10 69 2
10 70 56
10 71 17
10 72 54
10 73 100
10 74 72
10 75 28
11 12 75
11 13 25
11 14 15
11 15 17
11 16 23
11 17 64
11 18 47
11 19 80
11 20 58
11 21 34
11 22 32
11 23 83
11 24 57
11 25 5
11 26 81
11 27 99
11 28 75
11 29 5
11 30 67
11 31 25
11 32 96
11 33 63
11 34 22
11 35 74
11 36 98
11 37 16
11 38 83
11 39 71
11 40 94
11 41 8
11 42 68
11 43 77
11 44 86
11 45 39
11 46 76
11 47 31
11 48 44
11 49 38
11 50 24
11 51 30
11 52 42
11 53 6
11 54 95
11 55 84
11 56 57
11 57 61
11 58 72
11 59 88
11 60 89
11 61 10
11 62 53
11 63 1
11 64 38
11 65 87
11 66 50
11 67 17
11 68 6
11 69 30
11 70 89
11 71 56
11 72 33
11 73 53
11 74 89
11 75 39
12 13 24
12 14 62
12 15 32
12 16 91
12 17 58
12 18 82
12 19 25
12 20 74
12 21 70
12 22 23
12 23 65
12 24 17
12 25 99
12 26 18
12 27 88
12 28 56
12 29 58
12 30 72
12 31 45
12 32 28
12 33 8
12 34 29
12 35 59
12 36 41
12 37 88
12 38 96
12 39 15
12 40 60
12 41 48
12 42 65
12 43 80
12 44 4
12 45 62
12 46 52
12 47 64
12 48 56
12 49 14
12 50 71
12 51 2
12 52 17
12 53 85
12 54 48
12 55 86
12 56 49
12 57 89
12 58 49
12 59 97
12 60 87
12 61 6
12 62 77
12 63 75
12 64 18
12 65 95
12 66 35
12 67 60
12 68 73
12 69 7
12 70 20
12 71 95
12 72 71
12 73 68
12 74 20
12 75 56
13 14 55
13 15 26
13 16 22
13 17 100
13 18 41
13 19 2
13 20 38
13 21 11
13 22 46
13 23 14
13 24 79
13 25 60
13 26 66
13 27 22
13 28 1
13 29 98
13 30 87
13 31 78
13 32 27
13 33 16
13 34 75
13 35 63
13 36 85
13 37 80
13 38 60
13 39 85
13 40 50
13 41 70
13 42 17
13 43 27
13 44 44
13 45 33
13 46 73
13 47 52
13 48 28
13 49 35
13 50 27
13 51 5
13 52 86
13 53 45
13 54 90
13 55 94
13 56 64
13 57 21
13 58 9
13 59 22
13 60 68
13 61 80
13 62 32
13 63 83
13 64 46
13 65 45
13 66 44
13 67 22
13 68 8
13 69 23
13 70 15
13 71 71
13 72 21
13 73 85
13 74 7
13 75 72
14 15 72
14 16 12
14 17 34
14 18 60
14 19 53
14 20 60
14 21 96
14 22 16
14 23 95
14 24 67
14 25 74
14 26 36
14 27 62
14 28 27
14 29 65
14 30 75
14 31 47
14 32 85
14 33 73
14 34 86
14 35 44
14 36 28
14 37 57
14 38 1
14 39 49
14 40 86
14 41 23
14 42 41
14 43 8
14 44 93
14 45 83
14 46 6
14 47 87
14 48 27
14 49 87
14 50 27
14 51 28
14 52 65
14 53 10
14 54 61
14 55 78
14 56 79
14 57 21
14 58 55
14 59 75
14 60 33
14 61 42
14 62 46
14 63 14
14 64 36
14 65 43
14 66 37
14 67 42
14 68 46
14 69 2
14 70 61
14 71 76
14 72 49
14 73 43
14 74 67
14 75 73
15 16 34
15 17 53
15 18 36
15 19 79
15 20 54
15 21 22
15 22 97
15 23 0
15 24 35
15 25 49
15 26 36
15 27 87
15 28 72
15 29 44
15 30 85
15 31 54
15 32 71
15 33 44
15 34 83
15 35 88
15 36 28
15 37 28
15 38 2
15 39 7
15 40 73
15 41 88
15 42 16
15 43 44
15 44 90
15 45 89
15 46 59
15 47 22
15 48 13
15 49 9
15 50 87
15 51 93
15 52 70
15 53 63
15 54 22
15 55 16
15 56 7
15 57 49
15 58 34
15 59 98
15 60 16
15 61 84
15 62 71
15 63 77
15 64 99
15 65 74
15 66 36
15 67 7
15 68 82
15 69 63
15 70 25
15 71 62
15 72 91
15 73 59
15 74 19
15 75 0
16 17 60
16 18 83
16 19 6
16 20 48
16 21 90
16 22 83
16 23 29
16 24 12
16 25 40
16 26 15
16 27 100
16 28 52
16 29 21
16 30 69
16 31 40
16 32 19
16 33 57
16 34 2
16 35 100
16 36 85
16 37 44
16 38 78
16 39 81
16 40 86
16 41 94
16 42 89
16 43 17
16 44 41
16 45 81
16 46 46
16 47 14
16 48 11
16 49 38
16 50 89
16 51 75
16 52 31
16 53 76
16 54 99
16 55 98
16 56 0
16 57 3
16 58 29
16 59 74
16 60 1
16 61 69
16 62 11
16 63 80
16 64 80
16 65 10
16 66 58
16 67 8
16 68 49
16 69 64
16 70 79
16 71 0
16 72 33
16 73 12
16 74 63
16 75 54
17 18 8
17 19 21
17 20 96
17 21 0
17 22 98
17 23 1
17 24 28
17 25 76
17 26 5
17 27 64
17 28 82
17 29 89
17 30 12
17 31 85
17 32 92
17 33 44
17 34 67
17 35 42
17 36 4
17 37 71
17 38 46
17 39 74
17 40 10
17 41 77
17 42 1
17 43 24
17 44 92
17 45 87
17 46 28
17 47 16
17 48 73
17 49 33
17 50 13
17 51 88
17 52 63
17 53 79
17 54 95
17 55 10
17 56 48
17 57 66
17 58 87
17 59 36
17 60 53
17 61 88
17 62 22
17 63 17
17 64 91
17 65 87
17 66 30
17 67 62
17 68 12
17 69 100
17 70 39
17 71 91
17 72 46
17 73 10
17 74 51
17 75 81
18 19 96
18 20 41
18 21 41
18 22 23
18 23 12
18 24 50
18 25 68
18 26 31
18 27 99
18 28 54
18 29 78
18 30 6
18 31 46
18 32 73
18 33 3
18 34 26
18 35 27
18 36 58
18 37 44
18 38 21
18 39 24
18 40 14
18 41 34
18 42 58
18 43 29
18 44 26
18 45 6
18 46 46
18 47 32
18 48 41
18 49 59
18 50 53
18 51 46
18 52 73
18 53 33
18 54 30
18 55 49
18 56 66
18 57 42
18 58 48
18 59 53
18 60 67
18 61 48
18 62 79
18 63 45
18 64 63
18 65 16
18 66 88
18 67 42
18 68 81
18 69 91
18 70 50
18 71 56
18 72 93
18 73 10
18 74 9
18 75 40
19 20 3
19 21 73
19 22 22
19 23 86
19 24 84
19 25 62
19 26 95
19 27 4
19 28 67
19 29 16
19 30 15
19 31 86
19 32 73
19 33 37
19 34 19
19 35 62
19 36 9
19 37 7
19 38 24
19 39 43
19 40 82
19 41 66
19 42 59
19 43 88
19 44 49
19 45 76
19 46 31
19 47 34
19 48 11
19 49 34
19 50 3
19 51 79
19 52 38
19 53 9
19 54 36
19 55 11
19 56 38
19 57 99
19 58 89
19 59 4
19 60 23
19 61 1
19 62 15
19 63 67
19 64 1
19 65 67
19 66 30
19 67 0
19 68 98
19 69 48
19 70 39
19 71 6
19 72 32
19 73 69
19 74 81
19 75 98
20 21 43
20 22 82
20 23 60
20 24 33
20 25 41
20 26 34
20 27 63
20 28 63
20 29 61
20 30 87
20 31 63
20 32 36
20 33 70
20 34 94
20 35 19
20 36 98
20 37 86
20 38 33
20 39 24
20 40 4
20 41 19
20 42 23
20 43 44
20 44 63
20 45 62
20 46 10
20 47 23
20 48 85
20 49 53
20 50 54
20 51 43
20 52 40
20 53 32
20 54 7
20 55 42
20 56 51
20 57 54
20 58 45
20 59 66
20 60 70
20 61 73
20 62 43
20 63 50
20 64 76
20 65 42
20 66 20
20 67 1
20 68 79
20 69 86
20 70 22
20 71 18
20 72 69
20 73 4
20 74 18
20 75 12
21 22 38
21 23 84
21 24 18
21 25 35
21 26 4
21 27 0
21 28 24
21 29 19
21 30 86
21 31 28
21 32 40
21 33 16
21 34 99
21 35 61
21 36 80
21 37 15
21 38 44
21 39 96
21 40 46
21 41 82
21 42 0
21 43 39
21 44 53
21 45 20
21 46 41
21 47 54
21 48 27
21 49 28
21 50 95
21 51 19
21 52 85
21 53 3
21 54 31
21 55 27
21 56 22
21 57 90
21 58 76
21 59 62
21 60 94
21 61 28
21 62 57
21 63 73
21 64 18
21 65 4
21 66 89
21 67 52
21 68 70
21 69 33
21 70 78
21 71 1
21 72 3
21 73 14
21 74 22
21 75 30
22 23 34
22 24 56
22 25 97
22 26 75
22 27 98
22 28 40
22 29 70
22 30 17
22 31 88
22 32 81
22 33 51
22 34 13
22 35 31
22 36 84
22 37 50
22 38 59
22 39 36
22 40 43
22 41 80
22 42 26
22 43 3
22 44 79
22 45 45
22 46 42
22 47 4
22 48 24
22 49 98
22 50 18
22 51 67
22 52 14
22 53 71
22 54 46
22 55 46
22 56 16
22 57 3
22 58 88
22 59 6
22 60 49
22 61 32
22 62 42
22 63 79
22 64 38
22 65 32
22 66 3
22 67 42
22 68 31
22 69 95
22 70 47
22 71 49
22 72 0
22 73 43
22 74 7
22 75 70
23 24 95
23 25 37
23 26 20
23 27 69
23 28 81
23 29 70
23 30 97
23 31 46
23 32 81
23 33 100
23 34 20
23 35 89
23 36 16
23 37 44
23 38 70
23 39 14
23 40 29
23 41 19
23 42 19
23 43 63
23 44 51
23 45 73
23 46 23
23 47 8
23 48 62
23 49 27
23 50 74
23 51 30
23 52 35
23 53 17
23 54 8
23 55 84
23 56 2
23 57 0
23 58 62
23 59 88
23 60 8
23 61 73
23 62 93
23 63 73
23 64 92
23 65 64
23 66 42
23 67 35
23 68 47
23 69 56
23 70 19
23 71 15
23 72 22
23 73 96
23 74 30
23 75 85
24 25 63
24 26 8
24 27 99
24 28 92
24 29 12
24 30 68
24 31 95
24 32 57
24 33 33
24 34 100
24 35 80
24 36 2
24 37 51
24 38 39
24 39 92
24 40 55
24 41 44
24 42 48
24 43 32
24 44 69
24 45 88
24 46 89
24 47 97
24 48 6
24 49 22
24 50 46
24 51 75
24 52 28
24 53 57
24 54 14
24 55 55
24 56 80
24 57 86
24 58 4
24 59 35
24 60 76
24 61 80
24 62 29
24 63 63
24 64 45
24 65 36
24 66 40
24 67 29
24 68 51
24 69 37
24 70 46
24 71 90
24 72 82
24 73 46
24 74 84
24 75 77
25 26 41
25 27 60
25 28 49
25 29 44
25 30 58
25 31 40
25 32 86
25 33 29
25 34 65
25 35 57
25 36 24
25 37 17
25 38 72
25 39 40
25 40 100
25 41 97
25 42 86
25 43 86
25 44 96
25 45 1
25 46 69
25 47 58
25 48 71
25 49 83
25 50 37
25 51 28
25 52 45
25 53 60
25 54 67
25 55 26
25 56 35
25 57 6
25 58 31
25 59 37
25 60 11
25 61 47
25 62 77
25 63 28
25 64 25
25 65 83
25 66 55
25 67 98
25 68 6
25 69 29
25 70 85
25 71 40
25 72 14
25 73 66
25 74 82
25 75 57
26 27 81
26 28 41
26 29 29
26 30 36
26 31 48
26 32 85
26 33 73
26 34 36
26 35 98
26 36 35
26 37 28
26 38 52
26 39 6
26 40 51
26 41 78
26 42 65
26 43 61
26 44 75
26 45 31
26 46 6
26 47 90
26 48 11
26 49 40
26 50 35
26 51 18
26 52 74
26 53 70
26 54 64
26 55 90
26 56 67
26 57 79
26 58 75
26 59 79
26 60 28
26 61 44
26 62 5
26 63 62
26 64 0
26 65 80
26 66 90
26 67 2
26 68 22
26 69 82
26 70 53
26 71 85
26 72 81
26 73 10
26 74 68
26 75 42
27 28 32
27 29 34
27 30 98
27 31 4
27 32 80
27 33 88
27 34 49
27 35 58
27 36 82
27 37 70
27 38 66
27 39 82
27 40 98
27 41 85
27 42 23
27 43 44
27 44 34
27 45 6
27 46 39
27 47 7
27 48 1
27 49 95
27 50 99
27 51 22
27 52 30
27 53 36
27 54 80
27 55 33
27 56 11
27 57 81
27 58 2
27 59 30
27 60 28
27 61 4
27 62 1
27 63 44
27 64 15
27 65 22
27 66 14
27 67 8
27 68 63
27 69 0
27 70 3
27 71 22
27 72 78
27 73 47
27 74 8
27 75 14
28 29 20
28 30 71
28 31 38
28 32 37
28 33 51
28 34 87
28 35 25
28 36 68
28 37 26
28 38 53
28 39 88
28 40 52
28 41 6
28 42 48
28 43 85
28 44 15
28 45 90
28 46 79
28 47 89
28 48 19
28 49 21
28 50 9
28 51 93
28 52 48
28 53 47
28 54 34
28 55 54
28 56 82
28 57 60
28 58 42
28 59 82
28 60 19
28 61 25
28 62 17
28 63 37
28 64 60
28 65 52
28 66 75
28 67 13
28 68 21
28 69 50
28 70 29
28 71 76
28 72 54
28 73 89
28 74 20
28 75 55
29 30 7
29 31 93
29 32 80
29 33 79
29 34 85
29 35 5
29 36 52
29 37 47
29 38 97
29 39 16
29 40 67
29 41 34
29 42 19
29 43 62
29 44 5
29 45 26
29 46 83
29 47 94
29 48 81
29 49 42
29 50 26
29 51 27
29 52 23
29 53 35
29 54 70
29 55 91
29 56 30
29 57 74
29 58 78
29 59 88
29 60 72
29 61 56
29 62 95
29 63 19
29 64 16
29 65 57
29 66 22
29 67 44
29 68 73
29 69 59
29 70 44
29 71 18
29 72 9
29 73 91
29 74 28
29 75 65
30 31 14
30 32 83
30 33 40
30 34 4
30 35 3
30 36 5
30 37 66
30 38 48
30 39 29
30 40 9
30 41 97
30 42 9
30 43 33
30 44 69
30 45 65
30 46 42
30 47 56
30 48 50
30 49 90
30 50 83
30 51 8
30 52 84
30 53 85
30 54 89
30 55 37
30 56 58
30 57 29
30 58 11
30 59 85
30 60 33
30 61 87
30 62 37
30 63 35
30 64 73
30 65 80
30 66 61
30 67 73
30 68 12
30 69 65
30 70 58
30 71 98
30 72 84
30 73 43
30 74 75
30 75 20
31 32 42
31 33 35
31 34 52
31 35 73
31 36 100
31 37 43
31 38 36
31 39 3
31 40 42
31 41 40
31 42 50
31 43 11
31 44 94
31 45 38
31 46 4
31 47 26
31 48 45
31 49 52
31 50 75
31 51 31
31 52 89
31 53 4
31 54 63
31 55 18
31 56 53
31 57 37
31 58 44
31 59 30
31 60 97
31 61 43
31 62 5
31 63 83
31 64 67
31 65 26
31 66 27
31 67 51
31 68 30
31 69 97
31 70 8
31 71 79
31 72 35
31 73 96
31 74 62
31 75 48
32 33 21
32 34 78
32 35 45
32 36 61
32 37 60
32 38 70
32 39 9
32 40 22
32 41 20
32 42 70
32 43 33
32 44 27
32 45 74
32 46 86
32 47 73
32 48 16
32 49 40
32 50 82
32 51 48
32 52 66
32 53 17
32 54 4
32 55 35
32 56 18
32 57 66
32 58 83
32 59 100
32 60 8
32 61 96
32 62 62
32 63 52
32 64 71
32 65 10
32 66 75
32 67 31
32 68 67
32 69 17
32 70 91
32 71 41
32 72 48
32 73 71
32 74 44
32 75 80
33 34 14
33 35 59
33 36 6
33 37 96
33 38 97
33 39 69
33 40 36
33 41 90
33 42 86
33 43 27
33 44 32
33 45 65
33 46 38
33 47 28
33 48 30
33 49 62
33 50 1
33 51 68
33 52 64
33 53 69
33 54 51
33 55 5
33 56 61
33 57 25
33 58 21
33 59 15
33 60 6
33 61 55
33 62 39
33 63 45
33 64 96
33 65 70
33 66 53
33 67 49
33 68 76
33 69 52
33 70 80
33 71 51
33 72 97
33 73 13
33 74 56
33 75 42
34 35 32
34 36 70
34 37 7
34 38 82
34 39 98
34 40 43
34 41 53
34 42 73
34 43 93
34 44 67
34 45 24
34 46 85
34 47 65
34 48 95
34 49 99
34 50 7
34 51 97
34 52 88
34 53 9
34 54 86
34 55 58
34 56 92
34 57 55
34 58 81
34 59 48
34 60 83
34 61 9
34 62 59
34 63 86
34 64 100
34 65 29
34 66 57
34 67 54
34 68 83
34 69 38
34 70 82
34 71 21
34 72 42
34 73 60
34 74 78
34 75 15
35 36 25
35 37 67
35 38 32
35 39 66
35 40 14
35 41 97
35 42 39
35 43 19
35 44 54
35 45 30
35 46 39
35 47 44
35 48 93
35 49 19
35 50 40
35 51 29
35 52 22
35 53 49
35 54 12
35 55 67
35 56 81
35 57 9
35 58 100
35 59 21
35 60 43
35 61 41
35 62 96
35 63 32
35 64 57
35 65 22
35 66 0
35 67 4
35 68 33
35 69 9
35 70 1
35 71 99
35 72 56
35 73 16
35 74 98
35 75 68
36 37 45
36 38 49
36 39 56
36 40 29
36 41 42
36 42 18
36 43 42
36 44 40
36 45 22
36 46 96
36 47 7
36 48 0
36 49 27
36 50 19
36 51 62
36 52 29
36 53 21
36 54 75
36 55 77
36 56 41
36 57 54
36 58 28
36 59 54
36 60 15
36 61 80
36 62 60
36 63 79
36 64 88
36 65 98
36 66 23
36 67 3
36 68 60
36 69 93
36 70 11
36 71 68
36 72 56
36 73 35
36 74 25
36 75 21
37 38 24
37 39 13
37 40 90
37 41 19
37 42 41
37 43 82
37 44 86
37 45 61
37 46 88
37 47 78
37 48 100
37 49 6
37 50 34
37 51 15
37 52 96
37 53 10
37 54 83
37 55 11
37 56 57
37 57 54
37 58 43
37 59 35
37 60 37
37 61 82
37 62 78
37 63 39
37 64 70
37 65 28
37 66 17
37 67 99
37 68 45
37 69 22
37 70 34
37 71 40
37 72 73
37 73 66
37 74 70
37 75 59
38 39 35
38 40 65
38 41 93
38 42 82
38 43 96
38 44 90
38 45 70
38 46 30
38 47 77
38 48 50
38 49 38
38 50 70
38 51 73
38 52 92
38 53 29
38 54 74
38 55 28
38 56 50
38 57 24
38 58 56
38 59 23
38 60 33
38 61 72
38 62 82
38 63 60
38 64 83
38 65 55
38 66 69
38 67 0
38 68 73
38 69 43
38 70 95
38 71 49
38 72 52
38 73 34
38 74 84
38 75 82
39 40 1
39 41 29
39 42 14
39 43 25
39 44 60
39 45 87
39 46 58
39 47 19
39 48 9
39 49 0
39 50 11
39 51 22
39 52 92
39 53 26
39 54 78
39 55 5
39 56 70
39 57 21
39 58 17
39 59 33
39 60 12
39 61 79
39 62 89
39 63 78
39 64 85
39 65 14
39 66 2
39 67 57
39 68 63
39 69 86
39 70 23
39 71 12
39 72 97
39 73 74
39 74 69
39 75 2
40 41 2
40 42 45
40 43 96
40 44 39
40 45 40
40 46 51
40 47 24
40 48 24
40 49 55
40 50 28
40 51 55
40 52 42
40 53 14
40 54 53
40 55 62
40 56 21
40 57 34
40 58 1
40 59 24
40 60 52
40 61 74
40 62 50
40 63 28
40 64 75
40 65 14
40 66 83
40 67 50
40 68 58
40 69 44
40 70 85
40 71 94
40 72 97
40 73 96
40 74 23
40 75 82
41 42 50
41 43 87
41 44 35
41 45 65
41 46 3
41 47 16
41 48 15
41 49 10
41 50 4
41 51 27
41 52 37
41 53 34
41 54 61
41 55 73
41 56 34
41 57 38
41 58 66
41 59 24
41 60 84
41 61 23
41 62 82
41 63 58
41 64 73
41 65 47
41 66 34
41 67 6
41 68 23
41 69 58
41 70 98
41 71 76
41 72 49
41 73 90
41 74 24
41 75 18
42 43 84
42 44 85
42 45 62
42 46 93
42 47 52
42 48 18
42 49 34
42 50 22
42 51 62
42 52 95
42 53 78
42 54 73
42 55 56
42 56 92
42 57 68
42 58 63
42 59 15
42 60 4
42 61 76
42 62 15
42 63 65
42 64 66
42 65 17
42 66 18
42 67 41
42 68 37
42 69 9
42 70 33
42 71 9
42 72 70
42 73 15
42 74 18
42 75 49
43 44 75
43 45 75
43 46 27
43 47 90
43 48 33
43 49 46
43 50 78
43 51 90
43 52 67
43 53 32
43 54 18
43 55 75
43 56 41
43 57 60
43 58 29
43 59 9
43 60 5
43 61 30
43 62 38
43 63 89
43 64 6
43 65 50
43 66 79
43 67 34
43 68 67
43 69 87
43 70 42
43 71 46
43 72 74
43 73 85
43 74 36
43 75 71
44 45 65
44 46 44
44 47 12
44 48 60
44 49 57
44 50 78
44 51 45
44 52 54
44 53 84
44 54 15
44 55 6
44 56 14
44 57 66
44 58 79
44 59 73
44 60 67
44 61 75
44 62 25
44 63 99
44 64 77
44 65 61
44 66 68
44 67 20
44 68 40
44 69 49
44 70 94
44 71 11
44 72 53
44 73 94
44 74 26
44 75 83
45 46 69
45 47 97
45 48 13
45 49 71
45 50 47
45 51 2
45 52 83
45 53 76
45 54 92
45 55 51
45 56 44
45 57 21
45 58 80
45 59 72
45 60 31
45 61 89
45 62 43
45 63 6
45 64 73
45 65 7
45 66 86
45 67 9
45 68 89
45 69 69
45 70 12
45 71 85
45 72 83
45 73 82
45 74 19
45 75 89
46 47 65
46 48 72
46 49 73
46 50 97
46 51 29
46 52 27
46 53 44
46 54 60
46 55 99
46 56 17
46 57 29
46 58 45
46 59 76
46 60 74
46 61 100
46 62 65
46 63 42
46 64 35
46 65 100
46 66 24
46 67 5
46 68 18
46 69 45
46 70 63
46 71 7
46 72 11
46 73 57
46 74 11
46 75 15
47 48 88
47 49 98
47 50 69
47 51 3
47 52 27
47 53 59
47 54 38
47 55 2
47 56 100
47 57 73
47 58 3
47 59 90
47 60 98
47 61 24
47 62 85
47 63 50
47 64 56
47 65 2
47 66 14
47 67 24
47 68 72
47 69 46
47 70 58
47 71 40
47 72 94
47 73 11
47 74 34
47 75 99
48 49 24
48 50 26
48 51 57
48 52 32
48 53 55
48 54 30
48 55 48
48 56 77
48 57 77
48 58 94
48 59 100
48 60 71
48 61 43
48 62 39
48 63 78
48 64 55
48 65 15
48 66 16
48 67 79
48 68 61
48 69 59
48 70 15
48 71 86
48 72 0
48 73 77
48 74 53
48 75 44
49 50 63
49 51 19
49 52 13
49 53 58
49 54 37
49 55 21
49 56 33
49 57 61
49 58 27
49 59 54
49 60 35
49 61 47
49 62 37
49 63 37
49 64 19
49 65 86
49 66 69
49 67 14
49 68 12
49 69 87
49 70 55
49 71 89
49 72 48
49 73 3
49 74 77
49 75 53
50 51 69
50 52 60
50 53 63
50 54 38
50 55 50
50 56 7
50 57 34
50 58 68
50 59 88
50 60 55
50 61 44
50 62 95
50 63 5
50 64 55
50 65 46
50 66 74
50 67 42
50 68 16
50 69 56
50 70 26
50 71 73
50 72 17
50 73 38
50 74 73
50 75 66
51 52 32
51 53 38
51 54 27
51 55 82
51 56 16
51 57 44
51 58 9
51 59 9
51 60 60
51 61 55
51 62 100
51 63 12
51 64 93
51 65 46
51 66 57
51 67 31
51 68 11
51 69 25
51 70 31
51 71 5
51 72 14
51 73 51
51 74 50
51 75 82
52 53 93
52 54 72
52 55 95
52 56 65
52 57 49
52 58 15
52 59 98
52 60 31
52 61 57
52 62 7
52 63 89
52 64 60
52 65 61
52 66 30
52 67 17
52 68 83
52 69 100
52 70 30
52 71 12
52 72 58
52 73 62
52 74 24
52 75 8
53 54 10
53 55 65
53 56 15
53 57 41
53 58 88
53 59 18
53 60 70
53 61 81
53 62 55
53 63 39
53 64 32
53 65 49
53 66 13
53 67 32
53 68 68
53 69 33
53 70 31
53 71 72
53 72 41
53 73 43
53 74 95
53 75 51
54 55 56
54 56 30
54 57 63
54 58 54
54 59 87
54 60 8
54 61 70
54 62 17
54 63 17
54 64 19
54 65 97
54 66 73
54 67 37
54 68 13
54 69 64
54 70 59
54 71 90
54 72 79
54 73 92
54 74 36
54 75 88
55 56 72
55 57 65
55 58 0
55 59 32
55 60 27
55 61 75
55 62 9
55 63 55
55 64 55
55 65 50
55 66 73
55 67 23
55 68 82
55 69 27
55 70 7
55 71 47
55 72 32
55 73 23
55 74 100
55 75 95
56 57 74
56 58 26
56 59 18
56 60 22
56 61 87
56 62 76
56 63 95
56 64 65
56 65 61
56 66 70
56 67 75
56 68 70
56 69 34
56 70 34
56 71 64
56 72 38
56 73 32
56 74 39
56 75 87
57 58 40
57 59 52
57 60 28
57 61 10
57 62 36
57 63 21
57 64 89
57 65 28
57 66 48
57 67 14
57 68 26
57 69 80
57 70 33
57 71 18
57 72 67
57 73 22
57 74 7
57 75 55
58 59 78
58 60 1
58 61 77
58 62 28
58 63 25
58 64 68
58 65 5
58 66 38
58 67 4
58 68 1
58 69 33
58 70 69
58 71 7
58 72 88
58 73 42
58 74 84
58 75 17
59 60 42
59 61 57
59 62 78
59 63 55
59 64 77
59 65 14
59 66 54
59 67 9
59 68 39
59 69 5
59 70 38
59 71 98
59 72 82
59 73 37
59 74 77
59 75 4
60 61 53
60 62 97
60 63 55
60 64 95
60 65 98
60 66 50
60 67 40
60 68 3
60 69 79
60 70 48
60 71 1
60 72 13
60 73 54
60 74 36
60 75 45
61 62 3
61 63 76
61 64 15
61 65 65
61 66 64
61 67 98
61 68 85
61 69 60
61 70 26
61 71 99
61 72 19
61 73 54
61 74 1
61 75 100
62 63 1
62 64 50
62 65 53
62 66 75
62 67 23
62 68 35
62 69 11
62 70 70
62 71 82
62 72 85
62 73 68
62 74 76
62 75 39
63 64 97
63 65 28
63 66 21
63 67 22
63 68 66
63 69 0
63 70 28
63 71 46
63 72 9
63 73 14
63 74 60
63 75 61
64 65 62
64 66 60
64 67 98
64 68 67
64 69 40
64 70 85
64 71 33
64 72 82
64 73 88
64 74 89
64 75 63
65 66 34
65 67 94
65 68 60
65 69 40
65 70 38
65 71 81
65 72 85
65 73 33
65 74 44
65 75 17
66 67 95
66 68 45
66 69 82
66 70 69
66 71 9
66 72 63
66 73 41
66 74 26
66 75 82
67 68 81
67 69 78
67 70 63
67 71 23
67 72 69
67 73 95
67 74 40
67 75 14
68 69 24
68 70 42
68 71 4
68 72 80
68 73 30
68 74 92
68 75 79
69 70 91
69 71 93
69 72 54
69 73 46
69 74 95
69 75 49
70 71 78
70 72 70
70 73 26
70 74 96
70 75 22
71 72 42
71 73 94
71 74 61
71 75 38
72 73 27
72 74 78
72 75 73
73 74 95
73 75 72
74 75 61
