50 25
0 1 54
0 2 40
0 3 26
0 4 67
0 5 8
0 6 30
0 7 82
0 8 30
0 9 74
0 10 40
0 11 6
0 12 75
0 13 69
0 14 66
0 15 9
0 16 41
0 17 5
0 18 43
0 19 70
0 20 63
0 21 71
0 22 39
0 23 84
0 24 94
0 25 82
0 26 34
0 27 56
0 28 78
0 29 41
0 30 53
0 31 28
0 32 20
0 33 85
0 34 50
0 35 52
0 36 23
0 37 23
0 38 68
0 39 80
0 40 84
0 41 99
0 42 100
0 43 21
0 44 84
0 45 38
0 46 52
0 47 69
0 48 46
0 49 51
1 2 100
1 3 60
1 4 22
1 5 78
1 6 47
1 7 78
1 8 12
1 9 62
1 10 71
1 11 1
1 12 52
1 13 49
1 14 53
1 15 41
1 16 71
1 17 83
1 18 27
1 19 72
1 20 96
1 21 49
1 22 35
1 23 42
1 24 7
1 25 19
1 26 47
1 27 41
1 28 18
1 29 76
1 30 65
1 31 62
1 32 59
1 33 25
1 34 29
1 35 22
1 36 55
1 37 66
1 38 100
1 39 60
1 40 65
1 41 72
1 42 75
1 43 98
1 44 47
1 45 64
1 46 3
1 47 97
1 48 7
1 49 11
2 3 42
2 4 17
2 5 27
2 6 65
2 7 87
2 8 17
2 9 39
2 10 39
2 11 92
2 12 3
2 13 12
2 14 99
2 15 100
2 16 68
2 17 98
2 18 73
2 19 72
2 20 94
2 21 32
2 22 81
2 23 89
2 24 81
2 25 83
2 26 52
2 27 62
2 28 68
2 29 8
2 30 32
2 31 12
2 32 42
2 33 9
2 34 79
2 35 72
2 36 80
2 37 85
2 38 57
2 39 91
2 40 36
2 41 23
2 42 5
2 43 84
2 44 68
2 45 100
2 46 10
2 47 75
2 48 42
2 49 59
3 4 40
3 5 66
3 6 74
3 7 4
3 8 65
3 9 71
3 10 22
3 11 81
3 12 70
3 13 35
3 14 89
3 15 66
3 16 53
3 17 4
3 18 74
3 19 27
3 20 90
3 21 58
3 22 90
3 23 88
3 24 35
3 25 35
3 26 34
3 27 32
3 28 69
3 29 7
3 30 59
3 31 97
3 32 61
3 33 79
3 34 10
3 35 95
3 36 12
3 37 9
3 38 50
3 39 51
3 40 26
3 41 33
3 42 35
3 43 32
3 44 47
3 45 30
3 46 11
3 47 89
3 48 1
3 49 97
4 5 76
4 6 18
4 7 84
4 8 28
4 9 67
4 10 9
4 11 92
4 12 65
4 13 89
4 14 2
4 15 4
4 16 5
4 17 95
4 18 45
4 19 32
4 20 100
4 21 56
4 22 45
4 23 16
4 24 94
4 25 42
4 26 28
4 27 98
4 28 83
4 29 37
4 30 82
4 31 9
4 32 87
4 33 79
4 34 29
4 35 18
4 36 71
4 37 4
4 38 25
4 39 63
4 40 74
4 41 9
4 42 67
4 43 58
4 44 99
4 45 22
4 46 31
4 47 5
4 48 62
4 49 55
5 6 32
5 7 91
5 8 39
5 9 15
5 10 19
5 11 3
5 12 56
5 13 8
5 14 9
5 15 41
5 16 85
5 17 88
5 18 71
5 19 58
5 20 85
5 21 68
5 22 100
5 23 80
5 24 6
5 25 81
5 26 35
5 27 76
5 28 52
5 29 68
5 30 78
5 31 48
5 32 69
5 33 24
5 34 78
5 35 4
5 36 74
5 37 10
5 38 6
5 39 91
5 40 11
5 41 85
5 42 100
5 43 48
5 44 5
5 45 44
5 46 34
5 47 40
5 48 72
5 49 79
6 7 60
6 8 6
6 9 89
6 10 90
6 11 42
6 12 30
6 13 100
6 14 11
6 15 45
6 16 10
6 17 1
6 18 23
6 19 33
6 20 85
6 21 5
6 22 63
6 23 27
6 24 24
6 25 71
6 26 54
6 27 79
6 28 14
6 29 84
6 30 85
6 31 97
6 32 96
6 33 35
6 34 52
6 35 35
6 36 56
6 37 17
6 38 20
6 39 7
6 40 79
6 41 70
6 42 10
6 43 11
6 44 67
6 45 2
6 46 54
6 47 69
6 48 47
6 49 59
7 8 11
7 9 66
7 10 22
7 11 95
7 12 67
7 13 44
7 14 67
7 15 54
7 16 27
7 17 96
7 18 58
7 19 23
7 20 63
7 21 25
7 22 97
7 23 60
7 24 43
7 25 71
7 26 79
7 27 48
7 28 91
7 29 14
7 30 56
7 31 21
7 32 33
7 33 87
7 34 19
7 35 71
7 36 68
7 37 62
7 38 17
7 39 91
7 40 87
7 41 4
7 42 93
7 43 49
7 44 30
7 45 63
7 46 62
7 47 79
7 48 31
7 49 39
8 9 58
8 10 76
8 11 76
8 12 26
8 13 56
8 14 37
8 15 57
8 16 73
8 17 57
8 18 17
8 19 76
8 20 37
8 21 90
8 22 95
8 23 99
8 24 63
8 25 80
8 26 89
8 27 100
8 28 58
8 29 91
8 30 47
8 31 89
8 32 17
8 33 98
8 34 26
8 35 26
8 36 34
8 37 46
8 38 36
8 39 97
8 40 85
8 41 70
8 42 21
8 43 7
8 44 19
8 45 4
8 46 34
8 47 87
8 48 77
8 49 13
9 10 83
9 11 96
9 12 56
9 13 100
9 14 14
9 15 100
9 16 56
9 17 4
9 18 75
9 19 27
9 20 63
9 21 6
9 22 3
9 23 34
9 24 52
9 25 88
9 26 30
9 27 52
9 28 90
9 29 66
9 30 37
9 31 6
9 32 35
9 33 91
9 34 70
9 35 10
9 36 96
9 37 55
9 38 84
9 39 24
9 40 87
9 41 43
9 42 2
9 43 49
9 44 96
9 45 13
9 46 76
9 47 70
9 48 5
9 49 96
10 11 23
10 12 62
10 13 8
10 14 94
10 15 49
10 16 64
10 17 74
10 18 71
10 19 25
10 20 6
10 21 52
10 22 72
10 23 80
10 24 57
10 25 60
10 26 72
10 27 74
10 28 88
10 29 96
10 30 93
10 31 62
10 32 79
10 33 33
10 34 14
10 35 82
10 36 51
10 37 65
10 38 81
10 39 11
10 40 32
10 41 75
10 42 98
10 43 97
10 44 59
10 45 86
10 46 16
10 47 76
10 48 37
10 49 88
11 12 63
11 13 93
11 14 68
11 15 81
11 16 63
11 17 66
11 18 28
11 19 38
11 20 42
11 21 68
11 22 80
11 23 47
11 24 15
11 25 66
11 26 68
11 27 52
11 28 64
11 29 69
11 30 19
11 31 73
11 32 82
11 33 81
11 34 27
11 35 26
11 36 17
11 37 96
11 38 83
11 39 87
11 40 77
11 41 99
11 42 68
11 43 46
11 44 66
11 45 72
11 46 3
11 47 10
11 48 64
11 49 68
12 13 21
12 14 19
12 15 72
12 16 45
12 17 47
12 18 73
12 19 41
12 20 8
12 21 87
12 22 81
12 23 21
12 24 30
12 25 90
12 26 91
12 27 4
12 28 16
12 29 13
12 30 43
12 31 88
12 32 99
12 33 87
12 34 32
12 35 93
12 36 59
12 37 14
12 38 39
12 39 36
12 40 40
12 41 59
12 42 63
12 43 49
12 44 31
12 45 7
12 46 89
12 47 94
12 48 47
12 49 69
13 14 2
13 15 53
13 16 30
13 17 13
13 18 86
13 19 70
13 20 13
13 21 63
13 22 56
13 23 22
13 24 3
13 25 78
13 26 89
13 27 64
13 28 45
13 29 25
13 30 17
13 31 39
13 32 89
13 33 69
13 34 77
13 35 83
13 36 56
13 37 50
13 38 87
13 39 13
13 40 72
13 41 3
13 42 84
13 43 47
13 44 76
13 45 39
13 46 24
13 47 28
13 48 36
13 49 19
14 15 17
14 16 33
14 17 2
14 18 61
14 19 79
14 20 53
14 21 36
14 22 23
14 23 85
14 24 53
14 25 21
14 26 79
14 27 84
14 28 85
14 29 41
14 30 59
14 31 71
14 32 50
14 33 90
14 34 55
14 35 66
14 36 63
14 37 55
14 38 66
14 39 3
14 40 32
14 41 57
14 42 16
14 43 17
14 44 87
14 45 45
14 46 37
14 47 90
14 48 14
14 49 62
15 16 22
15 17 78
15 18 70
15 19 35
15 20 74
15 21 52
15 22 73
15 23 17
15 24 47
15 25 81
15 26 34
15 27 38
15 28 32
15 29 72
15 30 23
15 31 46
15 32 59
15 33 20
15 34 4
15 35 49
15 36 12
15 37 25
15 38 15
15 39 6
15 40 31
15 41 18
15 42 12
15 43 16
15 44 35
15 45 30
15 46 93
15 47 14
15 48 83
15 49 55
16 17 50
16 18 27
16 19 69
16 20 66
16 21 48
16 22 65
16 23 86
16 24 16
16 25 51
16 26 34
16 27 52
16 28 94
16 29 23
16 30 60
16 31 36
16 32 47
16 33 57
16 34 2
16 35 42
16 36 44
16 37 54
16 38 34
16 39 71
16 40 71
16 41 30
16 42 98
16 43 85
16 44 42
16 45 13
16 46 61
16 47 20
16 48 10
16 49 17
17 18 67
17 19 93
17 20 8
17 21 63
17 22 83
17 23 86
17 24 25
17 25 79
17 26 60
17 27 73
17 28 10
17 29 67
17 30 55
17 31 45
17 32 21
17 33 68
17 34 68
17 35 36
17 36 50
17 37 93
17 38 49
17 39 15
17 40 20
17 41 76
17 42 79
17 43 91
17 44 41
17 45 92
17 46 42
17 47 91
17 48 93
17 49 81
18 19 39
18 20 84
18 21 68
18 22 63
18 23 67
18 24 46
18 25 38
18 26 18
18 27 16
18 28 30
18 29 83
18 30 93
18 31 79
18 32 3
18 33 41
18 34 55
18 35 93
18 36 50
18 37 100
18 38 23
18 39 81
18 40 60
18 41 50
18 42 9
18 43 87
18 44 100
18 45 36
18 46 89
18 47 2
18 48 50
18 49 44
19 20 30
19 21 13
19 22 86
19 23 14
19 24 23
19 25 11
19 26 99
19 27 57
19 28 94
19 29 38
19 30 22
19 31 42
19 32 58
19 33 63
19 34 9
19 35 40
19 36 17
19 37 50
19 38 84
19 39 83
19 40 61
19 41 55
19 42 82
19 43 2
19 44 4
19 45 78
19 46 34
19 47 63
19 48 6
19 49 4
20 21 86
20 22 79
20 23 21
20 24 94
20 25 25
20 26 25
20 27 45
20 28 64
20 29 79
20 30 40
20 31 98
20 32 6
20 33 92
20 34 9
20 35 61
20 36 95
20 37 31
20 38 96
20 39 74
20 40 60
20 41 21
20 42 12
20 43 43
20 44 85
20 45 15
20 46 34
20 47 70
20 48 38
20 49 54
21 22 51
21 23 36
21 24 29
21 25 43
21 26 1
21 27 10
21 28 55
21 29 76
21 30 73
21 31 6
21 32 80
21 33 74
21 34 40
21 35 9
21 36 51
21 37 43
21 38 12
21 39 96
21 40 92
21 41 95
21 42 68
21 43 49
21 44 25
21 45 38
21 46 73
21 47 44
21 48 12
21 49 31
22 23 71
22 24 12
22 25 22
22 26 22
22 27 68
22 28 66
22 29 50
22 30 61
22 31 18
22 32 13
22 33 15
22 34 26
22 35 37
22 36 84
22 37 16
22 38 46
22 39 80
22 40 45
22 41 64
22 42 59
22 43 15
22 44 75
22 45 73
22 46 94
22 47 41
22 48 47
22 49 67
23 24 52
23 25 50
23 26 20
23 27 31
23 28 35
23 29 24
23 30 90
23 31 61
23 32 97
23 33 46
23 34 86
23 35 54
23 36 83
23 37 37
23 38 6
23 39 88
23 40 70
23 41 99
23 42 75
23 43 40
23 44 60
23 45 38
23 46 74
23 47 14
23 48 90
23 49 58
24 25 43
24 26 16
24 27 5
24 28 63
24 29 63
24 30 29
24 31 1
24 32 12
24 33 19
24 34 14
24 35 88
24 36 5
24 37 8
24 38 3
24 39 77
24 40 93
24 41 2
24 42 49
24 43 15
24 44 89
24 45 47
24 46 19
24 47 65
24 48 60
24 49 47
25 26 52
25 27 47
25 28 84
25 29 26
25 30 85
25 31 36
25 32 30
25 33 2
25 34 45
25 35 32
25 36 67
25 37 89
25 38 95
25 39 81
25 40 93
25 41 62
25 42 23
25 43 18
25 44 37
25 45 18
25 46 91
25 47 73
25 48 26
25 49 36
26 27 100
26 28 96
26 29 42
26 30 30
26 31 69
26 32 43
26 33 45
26 34 56
26 35 17
26 36 22
26 37 9
26 38 12
26 39 99
26 40 68
26 41 10
26 42 8
26 43 11
26 44 98
26 45 61
26 46 77
26 47 27
26 48 22
26 49 91
27 28 16
27 29 83
27 30 8
27 31 47
27 32 52
27 33 97
27 34 3
27 35 8
27 36 64
27 37 54
27 38 14
27 39 41
27 40 29
27 41 35
27 42 33
27 43 32
27 44 28
27 45 66
27 46 15
27 47 24
27 48 59
27 49 57
28 29 79
28 30 34
28 31 88
28 32 98
28 33 43
28 34 33
28 35 36
28 36 58
28 37 9
28 38 3
28 39 77
28 40 3
28 41 51
28 42 57
28 43 57
28 44 8
28 45 84
28 46 62
28 47 3
28 48 12
28 49 70
29 30 39
29 31 30
29 32 86
29 33 12
29 34 30
29 35 23
29 36 46
29 37 71
29 38 81
29 39 22
29 40 39
29 41 21
29 42 20
29 43 56
29 44 60
29 45 22
29 46 44
29 47 53
29 48 92
29 49 6
30 31 25
30 32 95
30 33 75
30 34 59
30 35 25
30 36 65
30 37 57
30 38 37
30 39 94
30 40 48
30 41 40
30 42 17
30 43 52
30 44 68
30 45 18
30 46 29
30 47 38
30 48 59
30 49 29
31 32 86
31 33 33
31 34 11
31 35 71
31 36 1
31 37 71
31 38 81
31 39 71
31 40 99
31 41 68
31 42 85
31 43 59
31 44 58
31 45 88
31 46 88
31 47 39
31 48 60
31 49 65
32 33 97
32 34 51
32 35 45
32 36 89
32 37 51
32 38 3
32 39 49
32 40 32
32 41 35
32 42 93
32 43 23
32 44 51
32 45 47
32 46 40
32 47 8
32 48 64
32 49 45
33 34 97
33 35 71
33 36 87
33 37 67
33 38 28
33 39 60
33 40 75
33 41 96
33 42 53
33 43 73
33 44 99
33 45 18
33 46 50
33 47 99
33 48 42
33 49 78
34 35 89
34 36 7
34 37 62
34 38 82
34 39 92
34 40 21
34 41 23
34 42 94
34 43 68
34 44 55
34 45 52
34 46 78
34 47 84
34 48 16
34 49 60
35 36 24
35 37 40
35 38 24
35 39 24
35 40 57
35 41 11
35 42 33
35 43 43
35 44 81
35 45 100
35 46 98
35 47 31
35 48 63
35 49 65
36 37 38
36 38 77
36 39 20
36 40 99
36 41 28
36 42 67
36 43 77
36 44 31
36 45 8
36 46 26
36 47 83
36 48 35
36 49 51
37 38 99
37 39 100
37 40 38
37 41 26
37 42 66
37 43 26
37 44 75
37 45 68
37 46 56
37 47 65
37 48 100
37 49 61
38 39 72
38 40 18
38 41 97
38 42 28
38 43 17
38 44 54
38 45 59
38 46 66
38 47 39
38 48 92
38 49 66
39 40 31
39 41 7
39 42 1
39 43 73
39 44 26
39 45 28
39 46 11
39 47 26
39 48 63
39 49 71
40 41 27
40 42 75
40 43 57
40 44 27
40 45 84
40 46 61
40 47 66
40 48 81
40 49 61
41 42 55
41 43 20
41 44 37
41 45 36
41 46 39
41 47 51
41 48 97
41 49 46
42 43 47
42 44 52
42 45 53
42 46 4
42 47 48
42 48 55
42 49 90
43 44 40
43 45 88
43 46 69
43 47 46
43 48 48
43 49 39
44 45 36
44 46 8
44 47 86
44 48 88
44 49 63
45 46 98
45 47 88
45 48 48
45 49 97
46 47 54
46 48 17
46 49 45
47 48 83
47 49 12
48 49 2
