92 46
0 1 80
0 2 97
0 3 80
0 4 51
0 5 79
0 6 89
0 7 4
0 8 82
0 9 2
0 10 22
0 11 94
0 12 41
0 13 84
0 14 25
0 15 58
0 16 34
0 17 92
0 18 31
0 19 36
0 20 22
0 21 24
0 22 3
0 23 12
0 24 25
0 25 86
0 26 50
0 27 5
0 28 97
0 29 72
0 30 12
0 31 89
0 32 70
0 33 51
0 34 17
0 35 15
0 36 1
0 37 6
0 38 56
0 39 57
0 40 63
0 41 100
0 42 38
0 43 20
0 44 71
0 45 21
0 46 4
0 47 19
0 48 33
0 49 22
0 50 21
0 51 22
0 52 11
0 53 85
0 54 39
0 55 98
0 56 68
0 57 45
0 58 89
0 59 76
0 60 31
0 61 73
0 62 79
0 63 8
0 64 60
0 65 33
0 66 27
0 67 22
0 68 70
0 69 38
0 70 70
0 71 80
0 72 27
0 73 20
0 74 30
0 75 23
0 76 99
0 77 99
0 78 3
0 79 76
0 80 13
0 81 13
0 82 7
0 83 32
0 84 34
0 85 2
0 86 14
0 87 66
0 88 36
0 89 68
0 90 16
0 91 47
1 2 65
1 3 44
1 4 60
1 5 48
1 6 65
1 7 34
1 8 10
1 9 2
1 10 75
1 11 10
1 12 71
1 13 59
1 14 23
1 15 29
1 16 57
1 17 21
1 18 97
1 19 25
1 20 15
1 21 57
1 22 0
1 23 10
1 24 94
1 25 7
1 26 51
1 27 23
1 28 85
1 29 67
1 30 94
1 31 85
1 32 94
1 33 42
1 34 82
1 35 30
1 36 43
1 37 75
1 38 100
1 39 95
1 40 94
1 41 70
1 42 62
1 43 82
1 44 51
1 45 61
1 46 8
1 47 66
1 48 60
1 49 45
1 50 82
1 51 36
1 52 77
1 53 78
1 54 74
1 55 49
1 56 61
1 57 47
1 58 74
1 59 92
1 60 9
1 61 23
1 62 56
1 63 88
1 64 22
1 65 81
1 66 64
1 67 72
1 68 96
1 69 83
1 70 0
1 71 54
1 72 42
1 73 91
1 74 64
1 75 4
1 76 52
1 77 7
1 78 94
1 79 38
1 80 96
1 81 78
1 82 79
1 83 71
1 84 75
1 85 98
1 86 22
1 87 24
1 88 84
1 89 16
1 90 3
1 91 8
2 3 69
2 4 78
2 5 5
2 6 91
2 7 63
2 8 11
2 9 3
2 10 35
2 11 2
2 12 9
2 13 87
2 14 89
2 15 0
2 16 97
2 17 27
2 18 18
2 19 85
2 20 91
2 21 86
2 22 23
2 23 80
2 24 20
2 25 83
2 26 54
2 27 48
2 28 21
2 29 12
2 30 61
2 31 67
2 32 48
2 33 11
2 34 56
2 35 36
2 36 39
2 37 36
2 38 13
2 39 48
2 40 47
2 41 50
2 42 97
2 43 70
2 44 6
2 45 18
2 46 35
2 47 88
2 48 81
2 49 74
2 50 4
2 51 39
2 52 65
2 53 43
2 54 2
2 55 100
2 56 65
2 57 21
2 58 10
2 59 72
2 60 69
2 61 35
2 62 4
2 63 0
2 64 39
2 65 29
2 66 55
2 67 49
2 68 72
2 69 46
2 70 91
2 71 43
2 72 78
2 73 77
2 74 30
2 75 21
2 76 18
2 77 84
2 78 87
2 79 40
2 80 20
2 81 73
2 82 73
2 83 19
2 84 69
2 85 96
2 86 22
2 87 35
2 88 59
2 89 86
2 90 22
2 91 74
3 4 88
3 5 39
3 6 65
3 7 87
3 8 21
3 9 87
3 10 26
3 11 47
3 12 98
3 13 54
3 14 76
3 15 9
3 16 37
3 17 1
3 18 16
3 19 26
3 20 36
3 21 11
3 22 44
3 23 9
3 24 46
3 25 88
3 26 99
3 27 50
3 28 43
3 29 78
3 30 7
3 31 45
3 32 21
3 33 59
3 34 76
3 35 79
3 36 32
3 37 58
3 38 73
3 39 16
3 40 82
3 41 95
3 42 90
3 43 32
3 44 93
3 45 95
3 46 32
3 47 65
3 48 75
3 49 56
3 50 67
3 51 71
3 52 24
3 53 56
3 54 31
3 55 56
3 56 4
3 57 46
3 58 30
3 59 14
3 60 70
3 61 82
3 62 53
3 63 98
3 64 15
3 65 50
3 66 31
3 67 84
3 68 3
3 69 99
3 70 39
3 71 35
3 72 98
3 73 93
3 74 22
3 75 72
3 76 1
3 77 87
3 78 39
3 79 7
3 80 21
3 81 83
3 82 36
3 83 66
3 84 58
3 85 95
3 86 14
3 87 20
3 88 79
3 89 51
3 90 72
3 91 50
4 5 91
4 6 69
4 7 0
4 8 29
4 9 12
4 10 48
4 11 60
4 12 23
4 13 81
4 14 20
4 15 3
4 16 72
4 17 38
4 18 22
4 19 49
4 20 26
4 21 57
4 22 32
4 23 50
4 24 87
4 25 96
4 26 78
4 27 97
4 28 14
4 29 67
4 30 91
4 31 42
4 32 85
4 33 19
4 34 62
4 35 75
4 36 12
4 37 70
4 38 25
4 39 50
4 40 65
4 41 62
4 42 94
4 43 62
4 44 13
4 45 6
4 46 54
4 47 15
4 48 90
4 49 0
4 50 41
4 51 96
4 52 36
4 53 100
4 54 69
4 55 12
4 56 97
4 57 75
4 58 19
4 59 85
4 60 76
4 61 39
4 62 86
4 63 68
4 64 29
4 65 40
4 66 39
4 67 91
4 68 59
4 69 8
4 70 10
4 71 87
4 72 74
4 73 10
4 74 86
4 75 0
4 76 20
4 77 7
4 78 41
4 79 92
4 80 23
4 81 90
4 82 41
4 83 21
4 84 94
4 85 36
4 86 56
4 87 80
4 88 5
4 89 77
4 90 16
4 91 56
5 6 17
5 7 74
5 8 37
5 9 90
5 10 97
5 11 28
5 12 41
5 13 45
5 14 87
5 15 54
5 16 42
5 17 83
5 18 71
5 19 47
5 20 42
5 21 70
5 22 9
5 23 21
5 24 41
5 25 94
5 26 70
5 27 60
5 28 98
5 29 88
5 30 72
5 31 49
5 32 65
5 33 1
5 34 23
5 35 70
5 36 21
5 37 76
5 38 8
5 39 98
5 40 36
5 41 37
5 42 82
5 43 83
5 44 96
5 45 98
5 46 46
5 47 99
5 48 100
5 49 43
5 50 39
5 51 9
5 52 93
5 53 9
5 54 19
5 55 93
5 56 22
5 57 77
5 58 77
5 59 69
5 60 64
5 61 62
5 62 78
5 63 84
5 64 42
5 65 12
5 66 38
5 67 35
5 68 16
5 69 39
5 70 27
5 71 21
5 72 31
5 73 35
5 74 67
5 75 42
5 76 84
5 77 20
5 78 64
5 79 45
5 80 30
5 81 86
5 82 70
5 83 97
5 84 54
5 85 65
5 86 30
5 87 59
5 88 0
5 89 96
5 90 25
5 91 86
6 7 9
6 8 68
6 9 65
6 10 85
6 11 96
6 12 29
6 13 54
6 14 76
6 15 3
6 16 26
6 17 29
6 18 51
6 19 93
6 20 8
6 21 66
6 22 24
6 23 59
6 24 14
6 25 30
6 26 91
6 27 40
6 28 55
6 29 51
6 30 81
6 31 35
6 32 55
6 33 95
6 34 68
6 35 20
6 36 30
6 37 20
6 38 61
6 39 43
6 40 3
6 41 82
6 42 46
6 43 88
6 44 66
6 45 51
6 46 7
6 47 64
6 48 43
6 49 5
6 50 89
6 51 73
6 52 13
6 53 96
6 54 58
6 55 4
6 56 40
6 57 20
6 58 40
6 59 90
6 60 24
6 61 65
6 62 82
6 63 50
6 64 57
6 65 3
6 66 25
6 67 78
6 68 79
6 69 85
6 70 82
6 71 81
6 72 61
6 73 70
6 74 89
6 75 58
6 76 38
6 77 6
6 78 75
6 79 50
6 80 2
6 81 73
6 82 80
6 83 43
6 84 79
6 85 63
6 86 69
6 87 56
6 88 79
6 89 0
6 90 30
6 91 9
7 8 57
7 9 56
7 10 3
7 11 70
7 12 62
7 13 19
7 14 31
7 15 52
7 16 0
7 17 54
7 18 50
7 19 72
7 20 49
7 21 40
7 22 74
7 23 48
7 24 60
7 25 81
7 26 13
7 27 79
7 28 65
7 29 22
7 30 4
7 31 55
7 32 4
7 33 73
7 34 34
7 35 23
7 36 30
7 37 46
7 38 39
7 39 83
7 40 52
7 41 56
7 42 76
7 43 89
7 44 30
7 45 7
7 46 57
7 47 4
7 48 78
7 49 61
7 50 1
7 51 25
7 52 83
7 53 83
7 54 11
7 55 54
7 56 96
7 57 92
7 58 49
7 59 12
7 60 91
7 61 66
7 62 29
7 63 70
7 64 35
7 65 30
7 66 31
7 67 66
7 68 62
7 69 73
7 70 98
7 71 8
7 72 83
7 73 69
7 74 17
7 75 76
7 76 11
7 77 9
7 78 23
7 79 24
7 80 25
7 81 96
7 82 96
7 83 55
7 84 74
7 85 89
7 86 68
7 87 9
7 88 28
7 89 97
7 90 84
7 91 67
8 9 62
8 10 49
8 11 26
8 12 76
8 13 41
8 14 31
8 15 71
8 16 9
8 17 31
8 18 2
8 19 12
8 20 73
8 21 0
8 22 38
8 23 9
8 24 63
8 25 15
8 26 72
8 27 20
8 28 63
8 29 34
8 30 67
8 31 63
8 32 21
8 33 37
8 34 48
8 35 5
8 36 7
8 37 88
8 38 63
8 39 63
8 40 11
8 41 62
8 42 55
8 43 81
8 44 89
8 45 55
8 46 57
8 47 49
8 48 65
8 49 17
8 50 30
8 51 5
8 52 24
8 53 62
8 54 76
8 55 32
8 56 6
8 57 8
8 58 73
8 59 40
8 60 23
8 61 71
8 62 54
8 63 98
8 64 89
8 65 100
8 66 2
8 67 97
8 68 22
8 69 69
8 70 40
8 71 81
8 72 24
8 73 5
8 74 52
8 75 41
8 76 16
8 77 1
8 78 36
8 79 24
8 80 56
8 81 26
8 82 48
8 83 35
8 84 59
8 85 30
8 86 54
8 87 91
8 88 51
8 89 55
8 90 96
8 91 57
9 10 90
9 11 35
9 12 3
9 13 0
9 14 65
9 15 18
9 16 17
9 17 90
9 18 69
9 19 3
9 20 25
9 21 42
9 22 46
9 23 63
9 24 77
9 25 96
9 26 80
9 27 61
9 28 72
9 29 49
9 30 64
9 31 78
9 32 62
9 33 83
9 34 40
9 35 75
9 36 76
9 37 95
9 38 92
9 39 37
9 40 73
9 41 7
9 42 93
9 43 34
9 44 13
9 45 23
9 46 46
9 47 73
9 48 21
9 49 60
9 50 9
9 51 72
9 52 32
9 53 75
9 54 31
9 55 15
9 56 3
9 57 15
9 58 64
9 59 10
9 60 44
9 61 11
9 62 28
9 63 37
9 64 73
9 65 72
9 66 44
9 67 10
9 68 63
9 69 50
9 70 6
9 71 75
9 72 71
9 73 56
9 74 8
9 75 84
9 76 45
9 77 8
9 78 89
9 79 10
9 80 0
9 81 13
9 82 48
9 83 81
9 84 49
9 85 0
9 86 38
9 87 29
9 88 42
9 89 32
9 90 8
9 91 28
10 11 48
10 12 77
10 13 71
10 14 22
10 15 23
10 16 52
10 17 77
10 18 98
10 19 45
10 20 85
10 21 80
10 22 25
10 23 5
10 24 84
10 25 48
10 26 12
10 27 35
10 28 15
10 29 99
10 30 53
10 31 61
10 32 2
10 33 65
10 34 76
10 35 54
10 36 35
10 37 55
10 38 87
10 39 34
10 40 70
10 41 45
10 42 92
10 43 17
10 44 80
10 45 30
10 46 75
10 47 77
10 48 67
10 49 34
10 50 43
10 51 56
10 52 31
10 53 34
10 54 73
10 55 2
10 56 1
10 57 16
10 58 50
10 59 100
10 60 44
10 61 52
10 62 42
10 63 16
10 64 35
10 65 61
10 66 97
10 67 99
10 68 6
10 69 39
10 70 10
10 71 66
10 72 27
10 73 49
10 74 52
10 75 76
10 76 7
10 77 100
10 78 52
10 79 37
10 80 70
10 81 23
10 82 36
10 83 18
10 84 38
10 85 1
10 86 14
10 87 78
10 88 53
10 89 94
10 90 21
10 91 72
11 12 22
11 13 1
11 14 12
11 15 40
11 16 15
11 17 58
11 18 32
11 19 34
11 20 99
11 21 60
11 22 94
11 23 7
11 24 35
11 25 12
11 26 52
11 27 5
11 28 70
11 29 94
11 30 88
11 31 50
11 32 15
11 33 99
11 34 24
11 35 55
11 36 32
11 37 95
11 38 6
11 39 50
11 40 80
11 41 12
11 42 90
11 43 31
11 44 44
11 45 2
11 46 46
11 47 17
11 48 17
11 49 80
11 50 43
11 51 88
11 52 5
11 53 46
11 54 100
11 55 33
11 56 17
11 57 52
11 58 93
11 59 51
11 60 45
11 61 32
11 62 27
11 63 83
11 64 33
11 65 49
11 66 16
11 67 29
11 68 53
11 69 11
11 70 39
11 71 58
11 72 65
11 73 48
11 74 96
11 75 63
11 76 39
11 77 88
11 78 13
11 79 40
11 80 38
11 81 95
11 82 45
11 83 63
11 84 71
11 85 85
11 86 17
11 87 68
11 88 87
11 89 81
11 90 19
11 91 30
12 13 14
12 14 8
12 15 92
12 16 56
12 17 89
12 18 47
12 19 96
12 20 44
12 21 75
12 22 72
12 23 36
12 24 74
12 25 32
12 26 97
12 27 72
12 28 49
12 29 2
12 30 65
12 31 7
12 32 28
12 33 17
12 34 2
12 35 5
12 36 74
12 37 32
12 38 83
12 39 54
12 40 22
12 41 8
12 42 5
12 43 89
12 44 80
12 45 94
12 46 80
12 47 12
12 48 16
12 49 51
12 50 54
12 51 23
12 52 91
12 53 68
12 54 0
12 55 52
12 56 83
12 57 10
12 58 11
12 59 79
12 60 36
12 61 58
12 62 36
12 63 97
12 64 19
12 65 37
12 66 53
12 67 22
12 68 54
12 69 98
12 70 10
12 71 8
12 72 95
12 73 37
12 74 74
12 75 11
12 76 37
12 77 78
12 78 23
12 79 88
12 80 26
12 81 81
12 82 68
12 83 83
12 84 44
12 85 80
12 86 18
12 87 9
12 88 32
12 89 14
12 90 31
12 91 52
13 14 85
13 15 12
13 16 38
13 17 33
13 18 59
13 19 83
13 20 51
13 21 45
13 22 28
13 23 79
13 24 30
13 25 33
13 26 53
13 27 4
13 28 64
13 29 16
13 30 79
13 31 85
13 32 5
13 33 28
13 34 33
13 35 8
13 36 70
13 37 76
13 38 98
13 39 16
13 40 4
13 41 77
13 42 75
13 43 40
13 44 72
13 45 57
13 46 10
13 47 79
13 48 90
13 49 60
13 50 70
13 51 12
13 52 69
13 53 55
13 54 26
13 55 7
13 56 24
13 57 95
13 58 44
13 59 49
13 60 26
13 61 87
13 62 68
13 63 5
13 64 49
13 65 67
13 66 27
13 67 10
13 68 38
13 69 55
13 70 90
13 71 80
13 72 91
13 73 20
13 74 8
13 75 35
13 76 90
13 77 78
13 78 16
13 79 25
13 80 95
13 81 52
13 82 50
13 83 80
13 84 5
13 85 98
13 86 29
13 87 93
13 88 37
13 89 39
13 90 47
13 91 84
14 15 16
14 16 40
14 17 11
14 18 74
14 19 99
14 20 55
14 21 58
14 22 81
14 23 10
14 24 23
14 25 11
14 26 77
14 27 92
14 28 99
14 29 97
14 30 25
14 31 51
14 32 44
14 33 93
14 34 89
14 35 45
14 36 86
14 37 70
14 38 14
14 39 94
14 40 68
14 41 52
14 42 76
14 43 11
14 44 31
14 45 46
14 46 87
14 47 62
14 48 92
14 49 33
14 50 15
14 51 25
14 52 93
14 53 1
14 54 62
14 55 57
14 56 30
14 57 99
14 58 22
14 59 33
14 60 81
14 61 13
14 62 78
14 63 23
14 64 74
14 65 54
14 66 49
14 67 52
14 68 85
14 69 99
14 70 65
14 71 100
14 72 26
14 73 72
14 74 45
14 75 83
14 76 54
14 77 66
14 78 4
14 79 11
14 80 100
14 81 93
14 82 99
14 83 38
14 84 92
14 85 90
14 86 45
14 87 49
14 88 64
14 89 30
14 90 77
14 91 10
15 16 5
15 17 47
15 18 18
15 19 49
15 20 67
15 21 62
15 22 34
15 23 29
15 24 87
15 25 51
15 26 89
15 27 52
15 28 70
15 29 41
15 30 95
15 31 68
15 32 0
15 33 98
15 34 66
15 35 4
15 36 23
15 37 74
15 38 36
15 39 11
15 40 82
15 41 60
15 42 86
15 43 80
15 44 1
15 45 66
15 46 54
15 47 34
15 48 89
15 49 61
15 50 33
15 51 34
15 52 64
15 53 37
15 54 74
15 55 85
15 56 87
15 57 9
15 58 6
15 59 19
15 60 29
15 61 62
15 62 33
15 63 39
15 64 58
15 65 98
15 66 39
15 67 19
15 68 94
15 69 40
15 70 1
15 71 71
15 72 58
15 73 63
15 74 13
15 75 20
15 76 66
15 77 58
15 78 48
15 79 51
15 80 68
15 81 8
15 82 23
15 83 84
15 84 92
15 85 66
15 86 40
15 87 11
15 88 47
15 89 4
15 90 30
15 91 89
16 17 1
16 18 77
16 19 44
16 20 27
16 21 33
16 22 3
16 23 62
16 24 1
16 25 72
16 26 61
16 27 59
16 28 31
16 29 51
16 30 70
16 31 6
16 32 39
16 33 99
16 34 34
16 35 63
16 36 51
16 37 52
16 38 45
16 39 54
16 40 57
16 41 77
16 42 95
16 43 39
16 44 45
16 45 94
16 46 29
16 47 35
16 48 15
16 49 85
16 50 34
16 51 20
16 52 37
16 53 18
16 54 38
16 55 31
16 56 40
16 57 38
16 58 56
16 59 29
16 60 65
16 61 50
16 62 24
16 63 72
16 64 67
16 65 98
16 66 33
16 67 2
16 68 97
16 69 23
16 70 17
16 71 1
16 72 33
16 73 8
16 74 70
16 75 33
16 76 58
16 77 14
16 78 58
16 79 91
16 80 11
16 81 26
16 82 36
16 83 59
16 84 26
16 85 36
16 86 25
16 87 19
16 88 9
16 89 19
16 90 50
16 91 60
17 18 67
17 19 66
17 20 51
17 21 100
17 22 21
17 23 97
17 24 22
17 25 95
17 26 83
17 27 19
17 28 71
17 29 98
17 30 74
17 31 34
17 32 52
17 33 63
17 34 46
17 35 30
17 36 47
17 37 2
17 38 5
17 39 35
17 40 10
17 41 0
17 42 84
17 43 1
17 44 60
17 45 20
17 46 9
17 47 35
17 48 76
17 49 17
17 50 34
17 51 32
17 52 51
17 53 2
17 54 0
17 55 81
17 56 9
17 57 22
17 58 18
17 59 53
17 60 97
17 61 62
17 62 42
17 63 93
17 64 82
17 65 19
17 66 99
17 67 12
17 68 36
17 69 27
17 70 84
17 71 35
17 72 17
17 73 37
17 74 58
17 75 55
17 76 48
17 77 100
17 78 44
17 79 37
17 80 28
17 81 87
17 82 40
17 83 41
17 84 94
17 85 7
17 86 18
17 87 4
17 88 2
17 89 7
17 90 98
17 91 31
18 19 74
18 20 63
18 21 97
18 22 21
18 23 1
18 24 32
18 25 3
18 26 18
18 27 20
18 28 43
18 29 9
18 30 28
18 31 8
18 32 88
18 33 46
18 34 25
18 35 10
18 36 23
18 37 9
18 38 10
18 39 3
18 40 56
18 41 88
18 42 15
18 43 47
18 44 24
18 45 72
18 46 41
18 47 26
18 48 66
18 49 82
18 50 83
18 51 35
18 52 6
18 53 68
18 54 45
18 55 22
18 56 54
18 57 21
18 58 44
18 59 90
18 60 76
18 61 29
18 62 69
18 63 82
18 64 11
18 65 0
18 66 74
18 67 86
18 68 87
18 69 89
18 70 24
18 71 43
18 72 86
18 73 0
18 74 95
18 75 9
18 76 11
18 77 72
18 78 43
18 79 60
18 80 83
18 81 27
18 82 46
18 83 20
18 84 88
18 85 55
18 86 88
18 87 39
18 88 64
18 89 74
18 90 66
18 91 28
19 20 20
19 21 36
19 22 54
19 23 21
19 24 12
19 25 12
19 26 49
19 27 19
19 28 97
19 29 95
19 30 79
19 31 90
19 32 80
19 33 80
19 34 64
19 35 1
19 36 87
19 37 9
19 38 55
19 39 57
19 40 22
19 41 5
19 42 9
19 43 67
19 44 85
19 45 37
19 46 63
19 47 7
19 48 28
19 49 45
19 50 41
19 51 90
19 52 28
19 53 35
19 54 85
19 55 98
19 56 96
19 57 8
19 58 81
19 59 64
19 60 79
19 61 59
19 62 92
19 63 22
19 64 60
19 65 47
19 66 46
19 67 72
19 68 43
19 69 19
19 70 8
19 71 38
19 72 10
19 73 0
19 74 76
19 75 36
19 76 6
19 77 98
19 78 11
19 79 74
19 80 13
19 81 19
19 82 90
19 83 16
19 84 65
19 85 21
19 86 21
19 87 8
19 88 1
19 89 9
19 90 45
19 91 71
20 21 97
20 22 14
20 23 60
20 24 20
20 25 42
20 26 95
20 27 4
20 28 21
20 29 4
20 30 92
20 31 83
20 32 10
20 33 84
20 34 98
20 35 56
20 36 31
20 37 93
20 38 97
20 39 38
20 40 67
20 41 30
20 42 96
20 43 16
20 44 0
20 45 87
20 46 86
20 47 80
20 48 49
20 49 6
20 50 38
20 51 97
20 52 83
20 53 87
20 54 50
20 55 21
20 56 54
20 57 32
20 58 4
20 59 40
20 60 27
20 61 61
20 62 63
20 63 85
20 64 42
20 65 25
20 66 85
20 67 46
20 68 48
20 69 3
20 70 49
20 71 41
20 72 31
20 73 77
20 74 85
20 75 98
20 76 3
20 77 83
20 78 69
20 79 31
20 80 54
20 81 3
20 82 99
20 83 13
20 84 62
20 85 68
20 86 31
20 87 96
20 88 70
20 89 20
20 90 54
20 91 67
21 22 57
21 23 53
21 24 88
21 25 94
21 26 23
21 27 35
21 28 27
21 29 87
21 30 6
21 31 59
21 32 28
21 33 2
21 34 6
21 35 54
21 36 8
21 37 17
21 38 45
21 39 44
21 40 24
21 41 76
21 42 32
21 43 80
21 44 20
21 45 32
21 46 94
21 47 91
21 48 59
21 49 14
21 50 47
21 51 4
21 52 68
21 53 73
21 54 74
21 55 65
21 56 63
21 57 36
21 58 98
21 59 7
21 60 84
21 61 69
21 62 51
21 63 0
21 64 71
21 65 64
21 66 7
21 67 13
21 68 60
21 69 81
21 70 9
21 71 79
21 72 68
21 73 23
21 74 70
21 75 42
21 76 53
21 77 43
21 78 32
21 79 11
21 80 30
21 81 100
21 82 2
21 83 83
21 84 73
21 85 70
21 86 17
21 87 37
21 88 9
21 89 46
21 90 84
21 91 46
22 23 11
22 24 83
22 25 46
22 26 16
22 27 41
22 28 67
22 29 91
22 30 99
22 31 74
22 32 68
22 33 32
22 34 59
22 35 80
22 36 63
22 37 55
22 38 67
22 39 10
22 40 68
22 41 39
22 42 82
22 43 22
22 44 20
22 45 43
22 46 17
22 47 89
22 48 20
22 49 39
22 50 87
22 51 73
22 52 100
22 53 10
22 54 76
22 55 52
22 56 72
22 57 50
22 58 0
22 59 60
22 60 67
22 61 90
22 62 19
22 63 54
22 64 25
22 65 58
22 66 54
22 67 92
22 68 23
22 69 73
22 70 51
22 71 20
22 72 28
22 73 26
22 74 78
22 75 72
22 76 72
22 77 56
22 78 58
22 79 16
22 80 7
22 81 63
22 82 37
22 83 6
22 84 97
22 85 92
22 86 75
22 87 2
22 88 62
22 89 76
22 90 62
22 91 74
23 24 82
23 25 88
23 26 26
23 27 35
23 28 5
23 29 37
23 30 95
23 31 99
23 32 36
23 33 9
23 34 45
23 35 48
23 36 43
23 37 36
23 38 75
23 39 85
23 40 81
23 41 42
23 42 0
23 43 59
23 44 30
23 45 51
23 46 32
23 47 14
23 48 59
23 49 80
23 50 34
23 51 10
23 52 16
23 53 97
23 54 67
23 55 96
23 56 89
23 57 90
23 58 16
23 59 15
23 60 20
23 61 46
23 62 24
23 63 48
23 64 67
23 65 98
23 66 12
23 67 63
23 68 95
23 69 60
23 70 30
23 71 33
23 72 54
23 73 64
23 74 59
23 75 51
23 76 24
23 77 71
23 78 58
23 79 35
23 80 17
23 81 16
23 82 80
23 83 62
23 84 8
23 85 59
23 86 10
23 87 5
23 88 9
23 89 54
23 90 87
23 91 2
24 25 29
24 26 36
24 27 27
24 28 94
24 29 62
24 30 58
24 31 9
24 32 1
24 33 26
24 34 84
24 35 65
24 36 51
24 37 94
24 38 28
24 39 51
24 40 89
24 41 83
24 42 39
24 43 82
24 44 42
24 45 56
24 46 16
24 47 5
24 48 42
24 49 82
24 50 9
24 51 91
24 52 35
24 53 40
24 54 39
24 55 81
24 56 74
24 57 66
24 58 54
24 59 34
24 60 36
24 61 28
24 62 32
24 63 28
24 64 44
24 65 74
24 66 48
24 67 34
24 68 18
24 69 21
24 70 32
24 71 54
24 72 48
24 73 59
24 74 39
24 75 62
24 76 19
24 77 46
24 78 36
24 79 22
24 80 31
24 81 80
24 82 79
24 83 25
24 84 21
24 85 32
24 86 89
24 87 39
24 88 31
24 89 57
24 90 94
24 91 96
25 26 15
25 27 23
25 28 69
25 29 58
25 30 50
25 31 78
25 32 38
25 33 38
25 34 69
25 35 99
25 36 56
25 37 31
25 38 5
25 39 46
25 40 57
25 41 60
25 42 89
25 43 19
25 44 95
25 45 51
25 46 44
25 47 80
25 48 70
25 49 63
25 50 81
25 51 87
25 52 17
25 53 2
25 54 40
25 55 90
25 56 36
25 57 72
25 58 50
25 59 66
25 60 3
25 61 18
25 62 72
25 63 79
25 64 87
25 65 75
25 66 22
25 67 74
25 68 35
25 69 55
25 70 22
25 71 85
25 72 90
25 73 72
25 74 22
25 75 82
25 76 4
25 77 55
25 78 63
25 79 43
25 80 56
25 81 22
25 82 35
25 83 53
25 84 46
25 85 3
25 86 1
25 87 6
25 88 19
25 89 47
25 90 65
25 91 33
26 27 33
26 28 62
26 29 61
26 30 41
26 31 3
26 32 9
26 33 1
26 34 63
26 35 93
26 36 57
26 37 19
26 38 76
26 39 43
26 40 54
26 41 71
26 42 82
26 43 12
26 44 95
26 45 10
26 46 48
26 47 80
26 48 80
26 49 59
26 50 74
26 51 86
26 52 55
26 53 70
26 54 49
26 55 47
26 56 43
26 57 44
26 58 1
26 59 97
26 60 40
26 61 6
26 62 47
26 63 45
26 64 56
26 65 98
26 66 72
26 67 69
26 68 38
26 69 44
26 70 100
26 71 54
26 72 27
26 73 67
26 74 6
26 75 31
26 76 9
26 77 8
26 78 85
26 79 42
26 80 16
26 81 81
26 82 47
26 83 75
26 84 46
26 85 18
26 86 10
26 87 25
26 88 99
26 89 41
26 90 43
26 91 86
27 28 62
27 29 46
27 30 94
27 31 85
27 32 54
27 33 97
27 34 21
27 35 48
27 36 22
27 37 69
27 38 98
27 39 47
27 40 28
27 41 30
27 42 52
27 43 76
27 44 100
27 45 95
27 46 31
27 47 86
27 48 100
27 49 14
27 50 97
27 51 36
27 52 49
27 53 45
27 54 12
27 55 31
27 56 59
27 57 45
27 58 9
27 59 24
27 60 30
27 61 59
27 62 72
27 63 99
27 64 16
27 65 39
27 66 31
27 67 69
27 68 98
27 69 10
27 70 26
27 71 23
27 72 5
27 73 62
27 74 5
27 75 91
27 76 4
27 77 7
27 78 14
27 79 92
27 80 11
27 81 36
27 82 17
27 83 100
27 84 34
27 85 80
27 86 79
27 87 57
27 88 11
27 89 11
27 90 46
27 91 100
28 29 15
28 30 5
28 31 23
28 32 56
28 33 50
28 34 83
28 35 83
28 36 23
28 37 58
28 38 51
28 39 41
28 40 44
28 41 14
28 42 76
28 43 44
28 44 0
28 45 41
28 46 73
28 47 88
28 48 78
28 49 89
28 50 8
28 51 28
28 52 93
28 53 41
28 54 7
28 55 83
28 56 32
28 57 4
28 58 41
28 59 93
28 60 69
28 61 36
28 62 50
28 63 34
28 64 33
28 65 27
28 66 0
28 67 9
28 68 88
28 69 98
28 70 31
28 71 31
28 72 79
28 73 89
28 74 99
28 75 92
28 76 94
28 77 93
28 78 11
28 79 23
28 80 5
28 81 79
28 82 63
28 83 41
28 84 37
28 85 41
28 86 28
28 87 86
28 88 35
28 89 19
28 90 78
28 91 60
29 30 56
29 31 43
29 32 51
29 33 73
29 34 77
29 35 27
29 36 56
29 37 67
29 38 58
29 39 18
29 40 55
29 41 62
29 42 58
29 43 100
29 44 10
29 45 88
29 46 98
29 47 37
29 48 48
29 49 60
29 50 20
29 51 3
29 52 47
29 53 8
29 54 86
29 55 37
29 56 98
29 57 68
29 58 100
29 59 60
29 60 2
29 61 78
29 62 61
29 63 18
29 64 40
29 65 12
29 66 89
29 67 51
29 68 73
29 69 85
29 70 93
29 71 53
29 72 33
29 73 44
29 74 15
29 75 8
29 76 76
29 77 84
29 78 100
29 79 0
29 80 16
29 81 73
29 82 12
29 83 62
29 84 54
29 85 87
29 86 98
29 87 15
29 88 6
29 89 44
29 90 80
29 91 33
30 31 93
30 32 66
30 33 44
30 34 17
30 35 52
30 36 42
30 37 59
30 38 0
30 39 4
30 40 71
30 41 34
30 42 72
30 43 94
30 44 82
30 45 51
30 46 52
30 47 95
30 48 79
30 49 15
30 50 37
30 51 85
30 52 35
30 53 20
30 54 57
30 55 13
30 56 30
30 57 72
30 58 12
30 59 94
30 60 18
30 61 42
30 62 2
30 63 13
30 64 98
30 65 98
30 66 65
30 67 39
30 68 19
30 69 100
30 70 63
30 71 61
30 72 77
30 73 22
30 74 54
30 75 64
30 76 64
30 77 64
30 78 80
30 79 66
30 80 47
30 81 93
30 82 23
30 83 42
30 84 59
30 85 96
30 86 10
30 87 93
30 88 32
30 89 10
30 90 12
30 91 45
31 32 34
31 33 52
31 34 37
31 35 86
31 36 7
31 37 56
31 38 38
31 39 86
31 40 48
31 41 57
31 42 47
31 43 13
31 44 12
31 45 34
31 46 5
31 47 98
31 48 68
31 49 100
31 50 86
31 51 77
31 52 95
31 53 51
31 54 61
31 55 97
31 56 14
31 57 85
31 58 50
31 59 98
31 60 21
31 61 14
31 62 90
31 63 33
31 64 12
31 65 75
31 66 65
31 67 61
31 68 52
31 69 32
31 70 57
31 71 96
31 72 73
31 73 6
31 74 53
31 75 53
31 76 97
31 77 17
31 78 71
31 79 82
31 80 9
31 81 22
31 82 38
31 83 6
31 84 22
31 85 76
31 86 27
31 87 33
31 88 35
31 89 62
31 90 77
31 91 55
32 33 44
32 34 24
32 35 23
32 36 90
32 37 26
32 38 2
32 39 7
32 40 59
32 41 89
32 42 8
32 43 17
32 44 70
32 45 54
32 46 26
32 47 11
32 48 73
32 49 0
32 50 75
32 51 33
32 52 39
32 53 15
32 54 3
32 55 84
32 56 46
32 57 39
32 58 58
32 59 31
32 60 15
32 61 96
32 62 22
32 63 56
32 64 80
32 65 43
32 66 55
32 67 47
32 68 19
32 69 69
32 70 47
32 71 24
32 72 6
32 73 98
32 74 30
32 75 48
32 76 36
32 77 95
32 78 21
32 79 71
32 80 50
32 81 7
32 82 35
32 83 89
32 84 88
32 85 64
32 86 39
32 87 61
32 88 52
32 89 41
32 90 73
32 91 50
33 34 94
33 35 65
33 36 41
33 37 39
33 38 93
33 39 30
33 40 13
33 41 35
33 42 21
33 43 76
33 44 29
33 45 22
33 46 95
33 47 51
33 48 18
33 49 48
33 50 70
33 51 22
33 52 50
33 53 98
33 54 13
33 55 87
33 56 15
33 57 48
33 58 62
33 59 14
33 60 12
33 61 18
33 62 43
33 63 25
33 64 23
33 65 23
33 66 63
33 67 22
33 68 68
33 69 52
33 70 93
33 71 36
33 72 4
33 73 53
33 74 54
33 75 43
33 76 44
33 77 45
33 78 61
33 79 41
33 80 16
33 81 38
33 82 54
33 83 6
33 84 16
33 85 23
33 86 23
33 87 89
33 88 29
33 89 45
33 90 85
33 91 97
34 35 69
34 36 73
34 37 65
34 38 52
34 39 4
34 40 66
34 41 40
34 42 42
34 43 78
34 44 88
34 45 40
34 46 61
34 47 73
34 48 55
34 49 35
34 50 48
34 51 22
34 52 37
34 53 59
34 54 23
34 55 30
34 56 79
34 57 83
34 58 96
34 59 31
34 60 3
34 61 26
34 62 13
34 63 94
34 64 35
34 65 60
34 66 70
34 67 51
34 68 43
34 69 35
34 70 94
34 71 56
34 72 8
34 73 78
34 74 67
34 75 58
34 76 68
34 77 59
34 78 69
34 79 29
34 80 63
34 81 54
34 82 66
34 83 75
34 84 56
34 85 61
34 86 44
34 87 42
34 88 41
34 89 64
34 90 74
34 91 53
35 36 91
35 37 97
35 38 99
35 39 58
35 40 71
35 41 88
35 42 80
35 43 26
35 44 59
35 45 68
35 46 36
35 47 77
35 48 81
35 49 61
35 50 30
35 51 86
35 52 100
35 53 89
35 54 10
35 55 23
35 56 33
35 57 88
35 58 10
35 59 53
35 60 37
35 61 61
35 62 99
35 63 37
35 64 31
35 65 27
35 66 30
35 67 13
35 68 97
35 69 97
35 70 87
35 71 94
35 72 4
35 73 33
35 74 67
35 75 80
35 76 50
35 77 41
35 78 80
35 79 90
35 80 97
35 81 24
35 82 0
35 83 97
35 84 55
35 85 21
35 86 85
35 87 54
35 88 24
35 89 75
35 90 11
35 91 64
36 37 43
36 38 63
36 39 48
36 40 71
36 41 59
36 42 29
36 43 85
36 44 63
36 45 26
36 46 26
36 47 43
36 48 98
36 49 17
36 50 53
36 51 47
36 52 67
36 53 23
36 54 87
36 55 54
36 56 84
36 57 99
36 58 31
36 59 89
36 60 15
36 61 23
36 62 92
36 63 41
36 64 20
36 65 49
36 66 72
36 67 50
36 68 68
36 69 59
36 70 81
36 71 11
36 72 25
36 73 16
36 74 56
36 75 21
36 76 66
36 77 36
36 78 69
36 79 77
36 80 100
36 81 7
36 82 62
36 83 76
36 84 9
36 85 48
36 86 84
36 87 28
36 88 2
36 89 70
36 90 29
36 91 37
37 38 61
37 39 91
37 40 92
37 41 34
37 42 57
37 43 21
37 44 53
37 45 5
37 46 58
37 47 48
37 48 37
37 49 6
37 50 27
37 51 14
37 52 37
37 53 18
37 54 53
37 55 51
37 56 70
37 57 49
37 58 55
37 59 2
37 60 23
37 61 56
37 62 51
37 63 82
37 64 32
37 65 51
37 66 9
37 67 77
37 68 2
37 69 55
37 70 18
37 71 14
37 72 76
37 73 88
37 74 30
37 75 81
37 76 87
37 77 57
37 78 92
37 79 6
37 80 37
37 81 0
37 82 7
37 83 63
37 84 92
37 85 18
37 86 78
37 87 20
37 88 46
37 89 53
37 90 28
37 91 68
38 39 15
38 40 4
38 41 39
38 42 73
38 43 11
38 44 69
38 45 38
38 46 47
38 47 3
38 48 19
38 49 98
38 50 38
38 51 72
38 52 25
38 53 68
38 54 30
38 55 62
38 56 45
38 57 90
38 58 92
38 59 75
38 60 73
38 61 41
38 62 67
38 63 2
38 64 18
38 65 5
38 66 59
38 67 17
38 68 23
38 69 26
38 70 13
38 71 30
38 72 95
38 73 74
38 74 38
38 75 73
38 76 9
38 77 93
38 78 16
38 79 68
38 80 7
38 81 5
38 82 63
38 83 16
38 84 40
38 85 3
38 86 4
38 87 34
38 88 39
38 89 93
38 90 34
38 91 98
39 40 49
39 41 69
39 42 10
39 43 9
39 44 81
39 45 13
39 46 23
39 47 68
39 48 97
39 49 52
39 50 57
39 51 34
39 52 54
39 53 90
39 54 37
39 55 82
39 56 37
39 57 31
39 58 84
39 59 66
39 60 18
39 61 90
39 62 84
39 63 74
39 64 26
39 65 57
39 66 94
39 67 32
39 68 28
39 69 97
39 70 14
39 71 79
39 72 26
39 73 20
39 74 71
39 75 28
39 76 69
39 77 12
39 78 77
39 79 60
39 80 54
39 81 9
39 82 95
39 83 40
39 84 43
39 85 6
39 86 4
39 87 28
39 88 53
39 89 62
39 90 22
39 91 7
40 41 55
40 42 93
40 43 18
40 44 13
40 45 31
40 46 38
40 47 53
40 48 78
40 49 9
40 50 75
40 51 67
40 52 67
40 53 25
40 54 94
40 55 15
40 56 88
40 57 22
40 58 12
40 59 7
40 60 89
40 61 37
40 62 98
40 63 51
40 64 17
40 65 50
40 66 69
40 67 79
40 68 11
40 69 24
40 70 35
40 71 63
40 72 8
40 73 57
40 74 51
40 75 36
40 76 28
40 77 49
40 78 51
40 79 0
40 80 22
40 81 9
40 82 13
40 83 10
40 84 51
40 85 39
40 86 9
40 87 18
40 88 61
40 89 58
40 90 50
40 91 48
41 42 74
41 43 27
41 44 43
41 45 63
41 46 5
41 47 71
41 48 67
41 49 63
41 50 60
41 51 22
41 52 78
41 53 61
41 54 35
41 55 4
41 56 57
41 57 91
41 58 66
41 59 97
41 60 9
41 61 75
41 62 60
41 63 1
41 64 30
41 65 97
41 66 52
41 67 57
41 68 30
41 69 98
41 70 99
41 71 26
41 72 32
41 73 4
41 74 19
41 75 22
41 76 66
41 77 32
41 78 41
41 79 82
41 80 93
41 81 22
41 82 67
41 83 29
41 84 23
41 85 5
41 86 83
41 87 36
41 88 15
41 89 23
41 90 94
41 91 36
42 43 84
42 44 22
42 45 36
42 46 2
42 47 13
42 48 27
42 49 13
42 50 70
42 51 93
42 52 16
42 53 74
42 54 79
42 55 65
42 56 2
42 57 21
42 58 92
42 59 25
42 60 1
42 61 41
42 62 42
42 63 70
42 64 51
42 65 35
42 66 76
42 67 38
42 68 21
42 69 96
42 70 84
42 71 78
42 72 53
42 73 78
42 74 62
42 75 61
42 76 63
42 77 86
42 78 48
42 79 97
42 80 85
42 81 71
42 82 51
42 83 20
42 84 69
42 85 64
42 86 64
42 87 81
42 88 69
42 89 10
42 90 53
42 91 88
43 44 1
43 45 92
43 46 44
43 47 43
43 48 64
43 49 48
43 50 8
43 51 66
43 52 50
43 53 63
43 54 85
43 55 78
43 56 53
43 57 82
43 58 67
43 59 88
43 60 23
43 61 30
43 62 99
43 63 95
43 64 40
43 65 97
43 66 45
43 67 44
43 68 61
43 69 48
43 70 77
43 71 6
43 72 89
43 73 94
43 74 82
43 75 17
43 76 2
43 77 31
43 78 6
43 79 29
43 80 98
43 81 79
43 82 0
43 83 16
43 84 60
43 85 28
43 86 28
43 87 16
43 88 68
43 89 63
43 90 85
43 91 0
44 45 89
44 46 68
44 47 2
44 48 83
44 49 39
44 50 6
44 51 79
44 52 83
44 53 79
44 54 84
44 55 11
44 56 52
44 57 32
44 58 33
44 59 66
44 60 16
44 61 66
44 62 3
44 63 56
44 64 83
44 65 27
44 66 70
44 67 32
44 68 94
44 69 14
44 70 98
44 71 100
44 72 67
44 73 39
44 74 60
44 75 76
44 76 38
44 77 53
44 78 45
44 79 90
44 80 4
44 81 10
44 82 97
44 83 74
44 84 41
44 85 68
44 86 30
44 87 82
44 88 14
44 89 10
44 90 28
44 91 100
45 46 59
45 47 61
45 48 90
45 49 21
45 50 39
45 51 94
45 52 52
45 53 95
45 54 83
45 55 74
45 56 34
45 57 68
45 58 5
45 59 84
45 60 78
45 61 98
45 62 77
45 63 2
45 64 43
45 65 4
45 66 47
45 67 88
45 68 14
45 69 99
45 70 40
45 71 100
45 72 12
45 73 66
45 74 57
45 75 87
45 76 53
45 77 11
45 78 60
45 79 98
45 80 90
45 81 33
45 82 98
45 83 87
45 84 64
45 85 58
45 86 2
45 87 40
45 88 41
45 89 18
45 90 46
45 91 23
46 47 28
46 48 77
46 49 72
46 50 47
46 51 88
46 52 6
46 53 40
46 54 68
46 55 85
46 56 41
46 57 57
46 58 44
46 59 13
46 60 66
46 61 59
46 62 48
46 63 0
46 64 57
46 65 67
46 66 35
46 67 67
46 68 68
46 69 92
46 70 100
46 71 30
46 72 6
46 73 46
46 74 75
46 75 9
46 76 10
46 77 98
46 78 8
46 79 16
46 80 80
46 81 20
46 82 52
46 83 98
46 84 75
46 85 48
46 86 87
46 87 39
46 88 10
46 89 90
46 90 71
46 91 82
47 48 2
47 49 47
47 50 20
47 51 6
47 52 35
47 53 30
47 54 44
47 55 6
47 56 33
47 57 44
47 58 53
47 59 15
47 60 75
47 61 30
47 62 91
47 63 67
47 64 71
47 65 72
47 66 61
47 67 35
47 68 74
47 69 73
47 70 37
47 71 56
47 72 36
47 73 97
47 74 22
47 75 16
47 76 95
47 77 96
47 78 80
47 79 83
47 80 73
47 81 38
47 82 30
47 83 4
47 84 89
47 85 83
47 86 61
47 87 74
47 88 25
47 89 87
47 90 48
47 91 52
48 49 5
48 50 6
48 51 30
48 52 50
48 53 73
48 54 27
48 55 1
48 56 15
48 57 32
48 58 23
48 59 86
48 60 41
48 61 2
48 62 69
48 63 87
48 64 58
48 65 30
48 66 83
48 67 63
48 68 76
48 69 6
48 70 19
48 71 77
48 72 46
48 73 89
48 74 5
48 75 54
48 76 72
48 77 24
48 78 19
48 79 69
48 80 51
48 81 4
48 82 24
48 83 13
48 84 90
48 85 71
48 86 39
48 87 3
48 88 43
48 89 38
48 90 90
48 91 74
49 50 50
49 51 51
49 52 98
49 53 42
49 54 90
49 55 19
49 56 73
49 57 9
49 58 40
49 59 7
49 60 75
49 61 60
49 62 37
49 63 60
49 64 23
49 65 29
49 66 85
49 67 94
49 68 46
49 69 17
49 70 32
49 71 98
49 72 55
49 73 95
49 74 96
49 75 19
49 76 30
49 77 44
49 78 61
49 79 93
49 80 51
49 81 1
49 82 97
49 83 42
49 84 89
49 85 92
49 86 32
49 87 55
49 88 26
49 89 35
49 90 72
49 91 15
50 51 11
50 52 29
50 53 77
50 54 41
50 55 78
50 56 37
50 57 84
50 58 80
50 59 36
50 60 24
50 61 2
50 62 92
50 63 29
50 64 77
50 65 44
50 66 2
50 67 99
50 68 25
50 69 47
50 70 91
50 71 98
50 72 31
50 73 8
50 74 24
50 75 91
50 76 47
50 77 49
50 78 91
50 79 60
50 80 39
50 81 54
50 82 29
50 83 26
50 84 2
50 85 45
50 86 39
50 87 30
50 88 35
50 89 100
50 90 56
50 91 18
51 52 82
51 53 65
51 54 45
51 55 0
51 56 83
51 57 95
51 58 2
51 59 80
51 60 89
51 61 62
51 62 29
51 63 13
51 64 6
51 65 53
51 66 64
51 67 82
51 68 69
51 69 28
51 70 98
51 71 13
51 72 50
51 73 3
51 74 13
51 75 77
51 76 67
51 77 19
51 78 80
51 79 47
51 80 50
51 81 96
51 82 46
51 83 29
51 84 30
51 85 17
51 86 47
51 87 37
51 88 34
51 89 12
51 90 97
51 91 16
52 53 18
52 54 14
52 55 38
52 56 89
52 57 33
52 58 87
52 59 17
52 60 21
52 61 79
52 62 9
52 63 68
52 64 70
52 65 25
52 66 76
52 67 16
52 68 77
52 69 43
52 70 3
52 71 83
52 72 25
52 73 8
52 74 73
52 75 81
52 76 95
52 77 18
52 78 23
52 79 12
52 80 64
52 81 32
52 82 91
52 83 4
52 84 4
52 85 55
52 86 31
52 87 39
52 88 23
52 89 63
52 90 7
52 91 64
53 54 3
53 55 56
53 56 68
53 57 54
53 58 32
53 59 79
53 60 23
53 61 84
53 62 18
53 63 37
53 64 69
53 65 93
53 66 33
53 67 66
53 68 48
53 69 58
53 70 91
53 71 27
53 72 48
53 73 79
53 74 2
53 75 63
53 76 3
53 77 38
53 78 24
53 79 71
53 80 83
53 81 100
53 82 5
53 83 99
53 84 0
53 85 90
53 86 68
53 87 37
53 88 39
53 89 42
53 90 90
53 91 0
54 55 61
54 56 97
54 57 51
54 58 92
54 59 89
54 60 84
54 61 98
54 62 63
54 63 54
54 64 74
54 65 86
54 66 46
54 67 47
54 68 61
54 69 5
54 70 9
54 71 51
54 72 6
54 73 3
54 74 69
54 75 70
54 76 70
54 77 39
54 78 80
54 79 23
54 80 10
54 81 12
54 82 75
54 83 19
54 84 84
54 85 47
54 86 20
54 87 56
54 88 57
54 89 80
54 90 43
54 91 47
55 56 28
55 57 69
55 58 20
55 59 86
55 60 98
55 61 89
55 62 70
55 63 100
55 64 97
55 65 48
55 66 61
55 67 72
55 68 52
55 69 97
55 70 17
55 71 83
55 72 7
55 73 34
55 74 79
55 75 7
55 76 9
55 77 1
55 78 55
55 79 50
55 80 66
55 81 79
55 82 9
55 83 77
55 84 11
55 85 65
55 86 2
55 87 62
55 88 78
55 89 14
55 90 70
55 91 34
56 57 49
56 58 1
56 59 49
56 60 13
56 61 78
56 62 72
56 63 85
56 64 25
56 65 20
56 66 88
56 67 76
56 68 92
56 69 70
56 70 38
56 71 72
56 72 64
56 73 92
56 74 100
56 75 61
56 76 34
56 77 3
56 78 67
56 79 65
56 80 87
56 81 51
56 82 5
56 83 73
56 84 83
56 85 83
56 86 48
56 87 81
56 88 16
56 89 0
56 90 62
56 91 96
57 58 98
57 59 1
57 60 31
57 61 55
57 62 19
57 63 90
57 64 45
57 65 77
57 66 41
57 67 60
57 68 32
57 69 20
57 70 50
57 71 97
57 72 83
57 73 22
57 74 20
57 75 75
57 76 32
57 77 14
57 78 13
57 79 18
57 80 86
57 81 39
57 82 34
57 83 55
57 84 95
57 85 44
57 86 15
57 87 13
57 88 74
57 89 55
57 90 42
57 91 37
58 59 22
58 60 74
58 61 17
58 62 49
58 63 2
58 64 83
58 65 7
58 66 75
58 67 71
58 68 18
58 69 44
58 70 1
58 71 33
58 72 69
58 73 22
58 74 83
58 75 10
58 76 55
58 77 41
58 78 31
58 79 10
58 80 23
58 81 56
58 82 70
58 83 78
58 84 50
58 85 21
58 86 76
58 87 37
58 88 15
58 89 1
58 90 2
58 91 100
59 60 17
59 61 83
59 62 93
59 63 73
59 64 82
59 65 87
59 66 24
59 67 37
59 68 49
59 69 31
59 70 77
59 71 86
59 72 70
59 73 8
59 74 73
59 75 63
59 76 11
59 77 72
59 78 39
59 79 46
59 80 57
59 81 35
59 82 14
59 83 88
59 84 4
59 85 24
59 86 58
59 87 9
59 88 68
59 89 10
59 90 97
59 91 25
60 61 24
60 62 82
60 63 37
60 64 0
60 65 92
60 66 11
60 67 43
60 68 69
60 69 80
60 70 87
60 71 63
60 72 63
60 73 62
60 74 87
60 75 34
60 76 85
60 77 55
60 78 47
60 79 85
60 80 87
60 81 36
60 82 28
60 83 76
60 84 35
60 85 34
60 86 45
60 87 81
60 88 73
60 89 80
60 90 68
60 91 91
61 62 72
61 63 82
61 64 71
61 65 96
61 66 82
61 67 33
61 68 62
61 69 77
61 70 42
61 71 100
61 72 26
61 73 31
61 74 17
61 75 15
61 76 92
61 77 79
61 78 17
61 79 0
61 80 31
61 81 33
61 82 30
61 83 49
61 84 8
61 85 95
61 86 15
61 87 52
61 88 87
61 89 5
61 90 68
61 91 58
62 63 49
62 64 100
62 65 28
62 66 80
62 67 1
62 68 12
62 69 39
62 70 80
62 71 91
62 72 84
62 73 84
62 74 84
62 75 19
62 76 81
62 77 66
62 78 19
62 79 14
62 80 21
62 81 14
62 82 54
62 83 6
62 84 92
62 85 93
62 86 48
62 87 81
62 88 92
62 89 78
62 90 2
62 91 31
63 64 50
63 65 75
63 66 23
63 67 72
63 68 68
63 69 51
63 70 76
63 71 23
63 72 32
63 73 69
63 74 53
63 75 22
63 76 70
63 77 72
63 78 13
63 79 18
63 80 5
63 81 26
63 82 82
63 83 24
63 84 26
63 85 92
63 86 35
63 87 21
63 88 63
63 89 35
63 90 42
63 91 64
64 65 71
64 66 96
64 67 98
64 68 12
64 69 61
64 70 72
64 71 26
64 72 35
64 73 63
64 74 39
64 75 86
64 76 18
64 77 36
64 78 17
64 79 35
64 80 59
64 81 9
64 82 85
64 83 75
64 84 5
64 85 96
64 86 36
64 87 59
64 88 42
64 89 95
64 90 64
64 91 58
65 66 44
65 67 96
65 68 82
65 69 90
65 70 84
65 71 46
65 72 2
65 73 20
65 74 1
65 75 40
65 76 14
65 77 100
65 78 10
65 79 69
65 80 63
65 81 71
65 82 6
65 83 86
65 84 77
65 85 90
65 86 35
65 87 47
65 88 98
65 89 83
65 90 94
65 91 4
66 67 79
66 68 10
66 69 30
66 70 51
66 71 30
66 72 8
66 73 32
66 74 41
66 75 20
66 76 90
66 77 0
66 78 12
66 79 59
66 80 1
66 81 98
66 82 49
66 83 62
66 84 88
66 85 100
66 86 54
66 87 0
66 88 100
66 89 36
66 90 78
66 91 63
67 68 42
67 69 92
67 70 6
67 71 81
67 72 49
67 73 32
67 74 11
67 75 5
67 76 52
67 77 81
67 78 29
67 79 15
67 80 81
67 81 56
67 82 3
67 83 17
67 84 2
67 85 20
67 86 84
67 87 68
67 88 43
67 89 42
67 90 99
67 91 2
68 69 23
68 70 86
68 71 95
68 72 32
68 73 1
68 74 8
68 75 55
68 76 46
68 77 43
68 78 17
68 79 51
68 80 35
68 81 77
68 82 6
68 83 41
68 84 8
68 85 3
68 86 88
68 87 64
68 88 0
68 89 31
68 90 22
68 91 80
69 70 40
69 71 46
69 72 97
69 73 68
69 74 98
69 75 72
69 76 15
69 77 42
69 78 5
69 79 30
69 80 63
69 81 66
69 82 11
69 83 30
69 84 5
69 85 77
69 86 86
69 87 27
69 88 71
69 89 75
69 90 23
69 91 47
70 71 69
70 72 57
70 73 9
70 74 38
70 75 33
70 76 0
70 77 9
70 78 39
70 79 69
70 80 65
70 81 19
70 82 82
70 83 41
70 84 96
70 85 42
70 86 80
70 87 53
70 88 32
70 89 20
70 90 96
70 91 60
71 72 23
71 73 79
71 74 37
71 75 90
71 76 92
71 77 58
71 78 40
71 79 11
71 80 34
71 81 94
71 82 82
71 83 36
71 84 59
71 85 20
71 86 84
71 87 31
71 88 83
71 89 23
71 90 57
71 91 1
72 73 59
72 74 21
72 75 31
72 76 97
72 77 59
72 78 9
72 79 38
72 80 93
72 81 38
72 82 20
72 83 13
72 84 25
72 85 16
72 86 84
72 87 72
72 88 33
72 89 91
72 90 67
72 91 82
73 74 80
73 75 52
73 76 19
73 77 20
73 78 51
73 79 78
73 80 13
73 81 94
73 82 54
73 83 27
73 84 83
73 85 50
73 86 23
73 87 72
73 88 55
73 89 37
73 90 59
73 91 76
74 75 57
74 76 56
74 77 79
74 78 18
74 79 74
74 80 60
74 81 80
74 82 96
74 83 62
74 84 75
74 85 55
74 86 48
74 87 30
74 88 38
74 89 23
74 90 95
74 91 61
75 76 73
75 77 88
75 78 81
75 79 39
75 80 57
75 81 91
75 82 56
75 83 46
75 84 98
75 85 45
75 86 100
75 87 43
75 88 28
75 89 18
75 90 49
75 91 8
76 77 64
76 78 34
76 79 26
76 80 30
76 81 43
76 82 94
76 83 51
76 84 53
76 85 53
76 86 2
76 87 35
76 88 47
76 89 71
76 90 84
76 91 87
77 78 19
77 79 33
77 80 50
77 81 83
77 82 57
77 83 13
77 84 20
77 85 76
77 86 32
77 87 20
77 88 59
77 89 44
77 90 32
77 91 67
78 79 7
78 80 60
78 81 60
78 82 48
78 83 62
78 84 44
78 85 80
78 86 84
78 87 34
78 88 7
78 89 19
78 90 35
78 91 76
79 80 18
79 81 4
79 82 97
79 83 77
79 84 88
79 85 69
79 86 42
79 87 50
79 88 100
79 89 94
79 90 8
79 91 59
80 81 11
80 82 3
80 83 94
80 84 23
80 85 53
80 86 44
80 87 12
80 88 77
80 89 32
80 90 20
80 91 17
81 82 32
81 83 72
81 84 10
81 85 74
81 86 70
81 87 77
81 88 72
81 89 37
81 90 73
81 91 88
82 83 63
82 84 16
82 85 66
82 86 33
82 87 37
82 88 66
82 89 20
82 90 23
82 91 97
83 84 74
83 85 33
83 86 4
83 87 54
83 88 81
83 89 41
83 90 84
83 91 72
84 85 73
84 86 29
84 87 52
84 88 85
84 89 98
84 90 29
84 91 86
85 86 42
85 87 18
85 88 97
85 89 33
85 90 16
85 91 16
86 87 0
86 88 0
86 89 82
86 90 50
86 91 68
87 88 29
87 89 63
87 90 2
87 91 53
88 89 76
88 90 29
88 91 77
89 90 72
89 91 33
90 91 36
