88 44
0 1 62
0 2 64
0 3 71
0 4 4
0 5 1
0 6 36
0 7 16
0 8 51
0 9 39
0 10 86
0 11 94
0 12 98
0 13 85
0 14 76
0 15 93
0 16 25
0 17 56
0 18 59
0 19 58
0 20 73
0 21 87
0 22 4
0 23 9
0 24 63
0 25 1
0 26 52
0 27 40
0 28 72
0 29 95
0 30 6
0 31 96
0 32 43
0 33 68
0 34 80
0 35 39
0 36 28
0 37 36
0 38 49
0 39 11
0 40 36
0 41 100
0 42 38
0 43 65
0 44 8
0 45 19
0 46 40
0 47 64
0 48 6
0 49 96
0 50 46
0 51 78
0 52 94
0 53 85
0 54 25
0 55 93
0 56 55
0 57 56
0 58 74
0 59 3
0 60 14
0 61 17
0 62 45
0 63 82
0 64 36
0 65 20
0 66 17
0 67 68
0 68 91
0 69 62
0 70 31
0 71 90
0 72 99
0 73 29
0 74 56
0 75 50
0 76 82
0 77 3
0 78 96
0 79 3
0 80 59
0 81 51
0 82 79
0 83 76
0 84 43
0 85 19
0 86 32
0 87 5
1 2 55
1 3 90
1 4 30
1 5 96
1 6 10
1 7 59
1 8 30
1 9 34
1 10 26
1 11 53
1 12 8
1 13 61
1 14 10
1 15 45
1 16 85
1 17 7
1 18 25
1 19 34
1 20 61
1 21 65
1 22 31
1 23 52
1 24 61
1 25 10
1 26 74
1 27 86
1 28 22
1 29 40
1 30 86
1 31 94
1 32 78
1 33 58
1 34 85
1 35 52
1 36 92
1 37 9
1 38 79
1 39 42
1 40 93
1 41 85
1 42 64
1 43 50
1 44 82
1 45 60
1 46 42
1 47 84
1 48 84
1 49 75
1 50 23
1 51 67
1 52 93
1 53 53
1 54 62
1 55 5
1 56 11
1 57 28
1 58 7
1 59 86
1 60 66
1 61 17
1 62 66
1 63 11
1 64 38
1 65 3
1 66 27
1 67 16
1 68 28
1 69 6
1 70 64
1 71 81
1 72 95
1 73 12
1 74 56
1 75 65
1 76 71
1 77 49
1 78 51
1 79 99
1 80 40
1 81 9
1 82 39
1 83 42
1 84 58
1 85 62
1 86 49
1 87 80
2 3 92
2 4 16
2 5 7
2 6 64
2 7 24
2 8 18
2 9 43
2 10 26
2 11 62
2 12 60
2 13 46
2 14 58
2 15 62
2 16 7
2 17 60
2 18 48
2 19 2
2 20 46
2 21 48
2 22 47
2 23 57
2 24 58
2 25 84
2 26 50
2 27 33
2 28 90
2 29 56
2 30 78
2 31 7
2 32 46
2 33 44
2 34 35
2 35 85
2 36 81
2 37 9
2 38 37
2 39 35
2 40 61
2 41 60
2 42 12
2 43 78
2 44 48
2 45 1
2 46 97
2 47 90
2 48 24
2 49 92
2 50 51
2 51 12
2 52 40
2 53 30
2 54 64
2 55 79
2 56 89
2 57 74
2 58 96
2 59 91
2 60 10
2 61 34
2 62 70
2 63 27
2 64 16
2 65 49
2 66 8
2 67 38
2 68 42
2 69 100
2 70 73
2 71 94
2 72 70
2 73 96
2 74 78
2 75 99
2 76 36
2 77 25
2 78 52
2 79 78
2 80 67
2 81 6
2 82 96
2 83 28
2 84 99
2 85 37
2 86 9
2 87 22
3 4 22
3 5 83
3 6 6
3 7 90
3 8 81
3 9 100
3 10 5
3 11 23
3 12 24
3 13 77
3 14 86
3 15 19
3 16 18
3 17 85
3 18 82
3 19 99
3 20 82
3 21 17
3 22 50
3 23 70
3 24 9
3 25 50
3 26 51
3 27 71
3 28 74
3 29 14
3 30 70
3 31 22
3 32 41
3 33 15
3 34 9
3 35 26
3 36 95
3 37 87
3 38 96
3 39 73
3 40 10
3 41 38
3 42 14
3 43 20
3 44 37
3 45 57
3 46 19
3 47 90
3 48 29
3 49 74
3 50 81
3 51 71
3 52 12
3 53 45
3 54 6
3 55 31
3 56 94
3 57 67
3 58 86
3 59 26
3 60 28
3 61 7
3 62 90
3 63 59
3 64 30
3 65 85
3 66 77
3 67 27
3 68 63
3 69 3
3 70 16
3 71 31
3 72 51
3 73 59
3 74 46
3 75 43
3 76 99
3 77 13
3 78 4
3 79 45
3 80 0
3 81 68
3 82 10
3 83 0
3 84 83
3 85 25
3 86 5
3 87 91
4 5 37
4 6 8
4 7 41
4 8 78
4 9 29
4 10 30
4 11 56
4 12 3
4 13 82
4 14 53
4 15 98
4 16 98
4 17 13
4 18 19
4 19 11
4 20 22
4 21 30
4 22 18
4 23 37
4 24 33
4 25 26
4 26 30
4 27 37
4 28 52
4 29 83
4 30 48
4 31 75
4 32 15
4 33 57
4 34 9
4 35 6
4 36 82
4 37 25
4 38 34
4 39 17
4 40 91
4 41 6
4 42 35
4 43 74
4 44 96
4 45 38
4 46 57
4 47 87
4 48 8
4 49 88
4 50 25
4 51 94
4 52 9
4 53 41
4 54 76
4 55 39
4 56 31
4 57 6
4 58 85
4 59 59
4 60 43
4 61 79
4 62 49
4 63 3
4 64 26
4 65 5
4 66 66
4 67 81
4 68 85
4 69 58
4 70 55
4 71 16
4 72 40
4 73 27
4 74 42
4 75 22
4 76 78
4 77 84
4 78 70
4 79 73
4 80 78
4 81 57
4 82 70
4 83 30
4 84 58
4 85 45
4 86 42
4 87 11
5 6 50
5 7 97
5 8 47
5 9 29
5 10 71
5 11 4
5 12 39
5 13 37
5 14 3
5 15 65
5 16 32
5 17 70
5 18 71
5 19 60
5 20 70
5 21 37
5 22 54
5 23 90
5 24 89
5 25 93
5 26 93
5 27 45
5 28 69
5 29 0
5 30 61
5 31 11
5 32 66
5 33 47
5 34 99
5 35 93
5 36 5
5 37 22
5 38 42
5 39 8
5 40 49
5 41 20
5 42 42
5 43 24
5 44 56
5 45 60
5 46 22
5 47 67
5 48 55
5 49 65
5 50 11
5 51 86
5 52 56
5 53 70
5 54 29
5 55 79
5 56 96
5 57 11
5 58 85
5 59 18
5 60 16
5 61 3
5 62 90
5 63 45
5 64 90
5 65 39
5 66 86
5 67 2
5 68 14
5 69 99
5 70 7
5 71 84
5 72 34
5 73 48
5 74 39
5 75 14
5 76 50
5 77 56
5 78 83
5 79 29
5 80 90
5 81 54
5 82 80
5 83 50
5 84 2
5 85 97
5 86 57
5 87 48
6 7 22
6 8 50
6 9 87
6 10 33
6 11 45
6 12 27
6 13 74
6 14 45
6 15 100
6 16 47
6 17 34
6 18 58
6 19 60
6 20 91
6 21 24
6 22 99
6 23 41
6 24 26
6 25 28
6 26 54
6 27 76
6 28 78
6 29 28
6 30 33
6 31 4
6 32 100
6 33 50
6 34 0
6 35 54
6 36 35
6 37 6
6 38 87
6 39 6
6 40 9
6 41 59
6 42 57
6 43 13
6 44 82
6 45 38
6 46 47
6 47 70
6 48 91
6 49 26
6 50 71
6 51 71
6 52 97
6 53 97
6 54 41
6 55 95
6 56 93
6 57 8
6 58 32
6 59 33
6 60 83
6 61 21
6 62 61
6 63 85
6 64 37
6 65 40
6 66 52
6 67 56
6 68 78
6 69 89
6 70 32
6 71 98
6 72 47
6 73 56
6 74 75
6 75 100
6 76 4
6 77 5
6 78 46
6 79 27
6 80 91
6 81 82
6 82 98
6 83 13
6 84 0
6 85 78
6 86 62
6 87 34
7 8 31
7 9 15
7 10 48
7 11 87
7 12 71
7 13 43
7 14 90
7 15 70
7 16 86
7 17 17
7 18 35
7 19 100
7 20 92
7 21 98
7 22 28
7 23 93
7 24 28
7 25 74
7 26 96
7 27 85
7 28 73
7 29 94
7 30 50
7 31 96
7 32 36
7 33 99
7 34 76
7 35 31
7 36 70
7 37 70
7 38 37
7 39 54
7 40 85
7 41 0
7 42 28
7 43 73
7 44 83
7 45 56
7 46 6
7 47 6
7 48 33
7 49 78
7 50 81
7 51 97
7 52 29
7 53 63
7 54 21
7 55 64
7 56 59
7 57 95
7 58 74
7 59 95
7 60 97
7 61 23
7 62 20
7 63 46
7 64 51
7 65 13
7 66 51
7 67 18
7 68 94
7 69 64
7 70 27
7 71 92
7 72 33
7 73 17
7 74 73
7 75 100
7 76 37
7 77 48
7 78 53
7 79 96
7 80 60
7 81 1
7 82 14
7 83 84
7 84 50
7 85 56
7 86 49
7 87 90
8 9 26
8 10 76
8 11 25
8 12 44
8 13 61
8 14 96
8 15 67
8 16 38
8 17 91
8 18 13
8 19 30
8 20 64
8 21 80
8 22 68
8 23 71
8 24 58
8 25 89
8 26 12
8 27 5
8 28 66
8 29 56
8 30 52
8 31 35
8 32 73
8 33 3
8 34 61
8 35 73
8 36 17
8 37 11
8 38 45
8 39 61
8 40 51
8 41 32
8 42 91
8 43 59
8 44 95
8 45 48
8 46 30
8 47 68
8 48 4
8 49 28
8 50 24
8 51 100
8 52 30
8 53 37
8 54 70
8 55 69
8 56 8
8 57 75
8 58 100
8 59 13
8 60 95
8 61 3
8 62 2
8 63 4
8 64 37
8 65 55
8 66 8
8 67 41
8 68 81
8 69 65
8 70 32
8 71 10
8 72 56
8 73 88
8 74 24
8 75 44
8 76 73
8 77 37
8 78 66
8 79 79
8 80 20
8 81 6
8 82 7
8 83 0
8 84 13
8 85 6
8 86 90
8 87 74
9 10 58
9 11 73
9 12 29
9 13 53
9 14 37
9 15 0
9 16 21
9 17 66
9 18 51
9 19 63
9 20 54
9 21 43
9 22 20
9 23 68
9 24 39
9 25 21
9 26 94
9 27 84
9 28 49
9 29 84
9 30 74
9 31 8
9 32 26
9 33 53
9 34 38
9 35 33
9 36 5
9 37 51
9 38 94
9 39 98
9 40 17
9 41 73
9 42 94
9 43 50
9 44 12
9 45 37
9 46 58
9 47 64
9 48 61
9 49 72
9 50 98
9 51 62
9 52 83
9 53 88
9 54 40
9 55 78
9 56 28
9 57 60
9 58 69
9 59 64
9 60 1
9 61 73
9 62 53
9 63 97
9 64 74
9 65 17
9 66 89
9 67 4
9 68 72
9 69 37
9 70 96
9 71 76
9 72 32
9 73 100
9 74 5
9 75 73
9 76 37
9 77 78
9 78 37
9 79 7
9 80 12
9 81 56
9 82 83
9 83 40
9 84 85
9 85 49
9 86 68
9 87 77
10 11 40
10 12 26
10 13 82
10 14 61
10 15 42
10 16 87
10 17 22
10 18 36
10 19 91
10 20 2
10 21 66
10 22 55
10 23 19
10 24 47
10 25 26
10 26 25
10 27 22
10 28 10
10 29 10
10 30 37
10 31 76
10 32 6
10 33 64
10 34 67
10 35 98
10 36 97
10 37 12
10 38 17
10 39 79
10 40 44
10 41 23
10 42 85
10 43 80
10 44 9
10 45 44
10 46 39
10 47 93
10 48 20
10 49 38
10 50 17
10 51 11
10 52 78
10 53 59
10 54 12
10 55 87
10 56 67
10 57 62
10 58 34
10 59 87
10 60 51
10 61 77
10 62 54
10 63 45
10 64 64
10 65 49
10 66 79
10 67 80
10 68 47
10 69 50
10 70 36
10 71 56
10 72 69
10 73 41
10 74 29
10 75 98
10 76 98
10 77 9
10 78 13
10 79 58
10 80 21
10 81 11
10 82 24
10 83 57
10 84 7
10 85 10
10 86 32
10 87 55
11 12 99
11 13 73
11 14 3
11 15 13
11 16 62
11 17 26
11 18 61
11 19 60
11 20 47
11 21 29
11 22 11
11 23 29
11 24 93
11 25 79
11 26 14
11 27 81
11 28 99
11 29 67
11 30 99
11 31 100
11 32 87
11 33 99
11 34 74
11 35 19
11 36 25
11 37 94
11 38 99
11 39 25
11 40 97
11 41 12
11 42 59
11 43 50
11 44 84
11 45 72
11 46 31
11 47 6
11 48 99
11 49 12
11 50 50
11 51 60
11 52 16
11 53 22
11 54 74
11 55 25
11 56 58
11 57 20
11 58 77
11 59 28
11 60 21
11 61 2
11 62 4
11 63 18
11 64 78
11 65 25
11 66 76
11 67 34
11 68 33
11 69 22
11 70 57
11 71 84
11 72 29
11 73 37
11 74 21
11 75 70
11 76 100
11 77 9
11 78 76
11 79 36
11 80 38
11 81 51
11 82 36
11 83 75
11 84 76
11 85 71
11 86 94
11 87 69
12 13 9
12 14 31
12 15 44
12 16 88
12 17 76
12 18 39
12 19 93
12 20 56
12 21 100
12 22 67
12 23 36
12 24 83
12 25 88
12 26 51
12 27 16
12 28 39
12 29 92
12 30 63
12 31 85
12 32 38
12 33 77
12 34 33
12 35 97
12 36 53
12 37 56
12 38 94
12 39 33
12 40 3
12 41 82
12 42 14
12 43 14
12 44 46
12 45 46
12 46 73
12 47 35
12 48 43
12 49 17
12 50 29
12 51 18
12 52 77
12 53 30
12 54 29
12 55 86
12 56 27
12 57 6
12 58 88
12 59 100
12 60 81
12 61 58
12 62 28
12 63 54
12 64 79
12 65 62
12 66 53
12 67 27
12 68 21
12 69 34
12 70 6
12 71 37
12 72 15
12 73 74
12 74 4
12 75 85
12 76 54
12 77 91
12 78 69
12 79 99
12 80 36
12 81 75
12 82 12
12 83 1
12 84 47
12 85 60
12 86 90
12 87 35
13 14 95
13 15 53
13 16 57
13 17 38
13 18 75
13 19 31
13 20 62
13 21 14
13 22 24
13 23 45
13 24 15
13 25 53
13 26 77
13 27 50
13 28 37
13 29 78
13 30 26
13 31 77
13 32 54
13 33 98
13 34 20
13 35 65
13 36 77
13 37 87
13 38 54
13 39 55
13 40 77
13 41 60
13 42 93
13 43 4
13 44 67
13 45 70
13 46 83
13 47 39
13 48 72
13 49 40
13 50 51
13 51 17
13 52 4
13 53 35
13 54 14
13 55 66
13 56 42
13 57 63
13 58 68
13 59 25
13 60 89
13 61 72
13 62 20
13 63 92
13 64 88
13 65 91
13 66 3
13 67 87
13 68 91
13 69 86
13 70 88
13 71 96
13 72 11
13 73 56
13 74 13
13 75 55
13 76 8
13 77 46
13 78 59
13 79 13
13 80 23
13 81 20
13 82 87
13 83 59
13 84 69
13 85 39
13 86 92
13 87 100
14 15 50
14 16 99
14 17 14
14 18 44
14 19 3
14 20 88
14 21 49
14 22 37
14 23 77
14 24 68
14 25 59
14 26 37
14 27 85
14 28 39
14 29 7
14 30 46
14 31 22
14 32 98
14 33 28
14 34 45
14 35 20
14 36 15
14 37 57
14 38 26
14 39 91
14 40 59
14 41 6
14 42 83
14 43 19
14 44 72
14 45 68
14 46 75
14 47 46
14 48 19
14 49 9
14 50 97
14 51 26
14 52 44
14 53 52
14 54 72
14 55 69
14 56 97
14 57 30
14 58 94
14 59 75
14 60 1
14 61 12
14 62 65
14 63 1
14 64 66
14 65 26
14 66 50
14 67 68
14 68 86
14 69 9
14 70 78
14 71 29
14 72 12
14 73 36
14 74 83
14 75 11
14 76 43
14 77 11
14 78 44
14 79 39
14 80 5
14 81 3
14 82 47
14 83 94
14 84 78
14 85 22
14 86 32
14 87 29
15 16 50
15 17 1
15 18 20
15 19 87
15 20 40
15 21 53
15 22 18
15 23 53
15 24 85
15 25 57
15 26 7
15 27 32
15 28 29
15 29 90
15 30 96
15 31 45
15 32 85
15 33 51
15 34 42
15 35 73
15 36 96
15 37 96
15 38 95
15 39 57
15 40 82
15 41 0
15 42 87
15 43 94
15 44 16
15 45 94
15 46 2
15 47 60
15 48 49
15 49 5
15 50 77
15 51 95
15 52 14
15 53 95
15 54 92
15 55 39
15 56 97
15 57 64
15 58 45
15 59 53
15 60 70
15 61 42
15 62 79
15 63 94
15 64 30
15 65 71
15 66 7
15 67 82
15 68 32
15 69 59
15 70 41
15 71 28
15 72 17
15 73 35
15 74 36
15 75 27
15 76 49
15 77 31
15 78 52
15 79 8
15 80 26
15 81 60
15 82 49
15 83 38
15 84 10
15 85 16
15 86 76
15 87 54
16 17 17
16 18 45
16 19 48
16 20 73
16 21 65
16 22 22
16 23 97
16 24 50
16 25 55
16 26 58
16 27 100
16 28 43
16 29 21
16 30 63
16 31 87
16 32 29
16 33 93
16 34 82
16 35 45
16 36 97
16 37 9
16 38 7
16 39 60
16 40 4
16 41 63
16 42 14
16 43 80
16 44 63
16 45 62
16 46 33
16 47 70
16 48 97
16 49 1
16 50 23
16 51 22
16 52 85
16 53 79
16 54 1
16 55 61
16 56 81
16 57 13
16 58 62
16 59 87
16 60 68
16 61 36
16 62 72
16 63 89
16 64 41
16 65 9
16 66 36
16 67 30
16 68 3
16 69 22
16 70 91
16 71 0
16 72 67
16 73 74
16 74 87
16 75 19
16 76 64
16 77 15
16 78 99
16 79 4
16 80 96
16 81 40
16 82 42
16 83 70
16 84 2
16 85 71
16 86 86
16 87 51
17 18 41
17 19 71
17 20 41
17 21 59
17 22 46
17 23 10
17 24 27
17 25 58
17 26 52
17 27 90
17 28 25
17 29 54
17 30 25
17 31 17
17 32 2
17 33 22
17 34 8
17 35 25
17 36 26
17 37 31
17 38 5
17 39 100
17 40 52
17 41 74
17 42 68
17 43 81
17 44 60
17 45 100
17 46 95
17 47 14
17 48 52
17 49 19
17 50 34
17 51 52
17 52 91
17 53 78
17 54 97
17 55 29
17 56 36
17 57 57
17 58 87
17 59 3
17 60 32
17 61 62
17 62 54
17 63 26
17 64 65
17 65 92
17 66 71
17 67 40
17 68 11
17 69 26
17 70 40
17 71 97
17 72 33
17 73 81
17 74 91
17 75 92
17 76 84
17 77 33
17 78 75
17 79 5
17 80 67
17 81 46
17 82 47
17 83 5
17 84 83
17 85 50
17 86 26
17 87 50
18 19 97
18 20 84
18 21 37
18 22 12
18 23 98
18 24 47
18 25 34
18 26 24
18 27 83
18 28 77
18 29 47
18 30 85
18 31 18
18 32 47
18 33 11
18 34 98
18 35 4
18 36 72
18 37 16
18 38 54
18 39 50
18 40 15
18 41 100
18 42 4
18 43 40
18 44 84
18 45 7
18 46 88
18 47 32
18 48 78
18 49 52
18 50 94
18 51 14
18 52 37
18 53 86
18 54 34
18 55 49
18 56 35
18 57 25
18 58 57
18 59 46
18 60 91
18 61 42
18 62 17
18 63 2
18 64 28
18 65 29
18 66 72
18 67 100
18 68 48
18 69 4
18 70 95
18 71 82
18 72 39
18 73 6
18 74 94
18 75 98
18 76 64
18 77 85
18 78 60
18 79 70
18 80 62
18 81 99
18 82 10
18 83 7
18 84 90
18 85 51
18 86 97
18 87 33
19 20 26
19 21 50
19 22 92
19 23 94
19 24 44
19 25 24
19 26 34
19 27 73
19 28 93
19 29 73
19 30 13
19 31 13
19 32 26
19 33 93
19 34 23
19 35 62
19 36 11
19 37 76
19 38 98
19 39 89
19 40 4
19 41 62
19 42 48
19 43 52
19 44 42
19 45 72
19 46 17
19 47 20
19 48 77
19 49 78
19 50 67
19 51 73
19 52 23
19 53 69
19 54 71
19 55 51
19 56 8
19 57 32
19 58 26
19 59 59
19 60 2
19 61 65
19 62 7
19 63 74
19 64 54
19 65 13
19 66 45
19 67 62
19 68 14
19 69 75
19 70 64
19 71 85
19 72 38
19 73 61
19 74 68
19 75 32
19 76 59
19 77 36
19 78 99
19 79 98
19 80 20
19 81 57
19 82 13
19 83 65
19 84 4
19 85 42
19 86 59
19 87 43
20 21 25
20 22 62
20 23 10
20 24 91
20 25 49
20 26 81
20 27 23
20 28 5
20 29 18
20 30 74
20 31 50
20 32 40
20 33 36
20 34 28
20 35 57
20 36 79
20 37 63
20 38 41
20 39 31
20 40 96
20 41 48
20 42 23
20 43 34
20 44 35
20 45 40
20 46 38
20 47 81
20 48 59
20 49 13
20 50 55
20 51 73
20 52 45
20 53 19
20 54 16
20 55 9
20 56 80
20 57 40
20 58 79
20 59 0
20 60 82
20 61 28
20 62 96
20 63 22
20 64 66
20 65 99
20 66 55
20 67 6
20 68 77
20 69 88
20 70 77
20 71 99
20 72 1
20 73 46
20 74 92
20 75 75
20 76 74
20 77 73
20 78 86
20 79 86
20 80 14
20 81 60
20 82 53
20 83 45
20 84 39
20 85 90
20 86 62
20 87 14
21 22 43
21 23 78
21 24 93
21 25 85
21 26 96
21 27 51
21 28 34
21 29 5
21 30 87
21 31 18
21 32 65
21 33 15
21 34 90
21 35 56
21 36 61
21 37 92
21 38 30
21 39 21
21 40 85
21 41 36
21 42 74
21 43 38
21 44 61
21 45 65
21 46 83
21 47 57
21 48 61
21 49 46
21 50 4
21 51 42
21 52 46
21 53 78
21 54 24
21 55 81
21 56 69
21 57 51
21 58 54
21 59 40
21 60 9
21 61 48
21 62 15
21 63 30
21 64 27
21 65 66
21 66 61
21 67 55
21 68 57
21 69 31
21 70 46
21 71 47
21 72 64
21 73 24
21 74 89
21 75 100
21 76 61
21 77 79
21 78 20
21 79 5
21 80 88
21 81 36
21 82 0
21 83 39
21 84 17
21 85 49
21 86 44
21 87 51
22 23 28
22 24 1
22 25 39
22 26 50
22 27 43
22 28 48
22 29 89
22 30 38
22 31 73
22 32 30
22 33 59
22 34 53
22 35 100
22 36 76
22 37 74
22 38 61
22 39 89
22 40 45
22 41 65
22 42 0
22 43 12
22 44 89
22 45 51
22 46 69
22 47 77
22 48 59
22 49 51
22 50 45
22 51 44
22 52 0
22 53 59
22 54 29
22 55 93
22 56 75
22 57 90
22 58 94
22 59 86
22 60 4
22 61 4
22 62 50
22 63 96
22 64 89
22 65 27
22 66 63
22 67 30
22 68 88
22 69 21
22 70 89
22 71 76
22 72 66
22 73 86
22 74 56
22 75 65
22 76 28
22 77 36
22 78 44
22 79 36
22 80 59
22 81 86
22 82 25
22 83 60
22 84 8
22 85 82
22 86 43
22 87 42
23 24 35
23 25 16
23 26 2
23 27 1
23 28 37
23 29 63
23 30 12
23 31 6
23 32 58
23 33 71
23 34 33
23 35 14
23 36 43
23 37 30
23 38 46
23 39 58
23 40 88
23 41 100
23 42 94
23 43 36
23 44 24
23 45 93
23 46 67
23 47 72
23 48 24
23 49 66
23 50 71
23 51 72
23 52 22
23 53 79
23 54 87
23 55 58
23 56 18
23 57 7
23 58 83
23 59 13
23 60 55
23 61 98
23 62 59
23 63 93
23 64 73
23 65 84
23 66 8
23 67 31
23 68 4
23 69 2
23 70 81
23 71 23
23 72 12
23 73 79
23 74 80
23 75 76
23 76 42
23 77 44
23 78 57
23 79 76
23 80 45
23 81 9
23 82 5
23 83 19
23 84 95
23 85 23
23 86 95
23 87 66
24 25 82
24 26 7
24 27 93
24 28 82
24 29 12
24 30 71
24 31 37
24 32 63
24 33 65
24 34 74
24 35 43
24 36 49
24 37 89
24 38 39
24 39 54
24 40 49
24 41 34
24 42 75
24 43 69
24 44 10
24 45 22
24 46 10
24 47 27
24 48 71
24 49 71
24 50 3
24 51 69
24 52 18
24 53 96
24 54 65
24 55 98
24 56 84
24 57 75
24 58 52
24 59 66
24 60 32
24 61 90
24 62 46
24 63 11
24 64 37
24 65 21
24 66 51
24 67 45
24 68 30
24 69 57
24 70 37
24 71 38
24 72 22
24 73 73
24 74 95
24 75 62
24 76 28
24 77 25
24 78 100
24 79 78
24 80 94
24 81 5
24 82 40
24 83 10
24 84 22
24 85 6
24 86 93
24 87 42
25 26 35
25 27 97
25 28 97
25 29 75
25 30 93
25 31 5
25 32 94
25 33 87
25 34 62
25 35 37
25 36 30
25 37 10
25 38 71
25 39 85
25 40 96
25 41 80
25 42 81
25 43 96
25 44 91
25 45 75
25 46 61
25 47 68
25 48 83
25 49 65
25 50 67
25 51 65
25 52 56
25 53 86
25 54 62
25 55 98
25 56 10
25 57 1
25 58 64
25 59 81
25 60 51
25 61 71
25 62 91
25 63 37
25 64 81
25 65 65
25 66 45
25 67 9
25 68 49
25 69 67
25 70 70
25 71 13
25 72 26
25 73 98
25 74 89
25 75 37
25 76 78
25 77 75
25 78 33
25 79 46
25 80 57
25 81 60
25 82 28
25 83 11
25 84 77
25 85 100
25 86 56
25 87 22
26 27 93
26 28 20
26 29 47
26 30 45
26 31 83
26 32 20
26 33 32
26 34 8
26 35 13
26 36 86
26 37 21
26 38 73
26 39 14
26 40 13
26 41 55
26 42 81
26 43 22
26 44 40
26 45 12
26 46 24
26 47 65
26 48 64
26 49 54
26 50 5
26 51 95
26 52 17
26 53 22
26 54 34
26 55 83
26 56 8
26 57 85
26 58 74
26 59 46
26 60 22
26 61 43
26 62 74
26 63 10
26 64 30
26 65 89
26 66 6
26 67 93
26 68 92
26 69 86
26 70 77
26 71 51
26 72 44
26 73 16
26 74 34
26 75 6
26 76 89
26 77 91
26 78 56
26 79 4
26 80 100
26 81 49
26 82 96
26 83 29
26 84 16
26 85 90
26 86 16
26 87 57
27 28 84
27 29 95
27 30 34
27 31 43
27 32 51
27 33 84
27 34 20
27 35 3
27 36 48
27 37 43
27 38 22
27 39 71
27 40 21
27 41 37
27 42 13
27 43 55
27 44 89
27 45 32
27 46 33
27 47 40
27 48 64
27 49 16
27 50 89
27 51 77
27 52 57
27 53 13
27 54 57
27 55 88
27 56 15
27 57 96
27 58 8
27 59 36
27 60 87
27 61 59
27 62 10
27 63 38
27 64 41
27 65 72
27 66 42
27 67 19
27 68 62
27 69 2
27 70 81
27 71 67
27 72 52
27 73 99
27 74 68
27 75 98
27 76 91
27 77 86
27 78 97
27 79 51
27 80 28
27 81 16
27 82 64
27 83 98
27 84 47
27 85 64
27 86 26
27 87 57
28 29 70
28 30 23
28 31 16
28 32 71
28 33 76
28 34 29
28 35 21
28 36 74
28 37 66
28 38 67
28 39 59
28 40 43
28 41 5
28 42 2
28 43 50
28 44 61
28 45 24
28 46 86
28 47 46
28 48 0
28 49 72
28 50 51
28 51 68
28 52 73
28 53 7
28 54 48
28 55 28
28 56 68
28 57 80
28 58 21
28 59 49
28 60 41
28 61 3
28 62 75
28 63 13
28 64 17
28 65 32
28 66 3
28 67 47
28 68 21
28 69 85
28 70 47
28 71 75
28 72 78
28 73 49
28 74 22
28 75 44
28 76 70
28 77 49
28 78 61
28 79 5
28 80 3
28 81 42
28 82 1
28 83 0
28 84 35
28 85 90
28 86 99
28 87 13
29 30 42
29 31 82
29 32 45
29 33 6
29 34 44
29 35 90
29 36 62
29 37 23
29 38 9
29 39 67
29 40 99
29 41 59
29 42 69
29 43 78
29 44 81
29 45 98
29 46 56
29 47 22
29 48 87
29 49 63
29 50 50
29 51 67
29 52 30
29 53 19
29 54 74
29 55 42
29 56 58
29 57 53
29 58 48
29 59 27
29 60 61
29 61 32
29 62 5
29 63 96
29 64 23
29 65 31
29 66 43
29 67 86
29 68 38
29 69 17
29 70 66
29 71 19
29 72 75
29 73 73
29 74 20
29 75 100
29 76 0
29 77 77
29 78 22
29 79 55
29 80 19
29 81 98
29 82 89
29 83 27
29 84 28
29 85 99
29 86 78
29 87 61
30 31 1
30 32 96
30 33 20
30 34 55
30 35 32
30 36 56
30 37 11
30 38 39
30 39 65
30 40 7
30 41 93
30 42 97
30 43 55
30 44 21
30 45 34
30 46 59
30 47 20
30 48 76
30 49 82
30 50 22
30 51 75
30 52 95
30 53 36
30 54 31
30 55 26
30 56 94
30 57 7
30 58 72
30 59 40
30 60 68
30 61 44
30 62 93
30 63 4
30 64 59
30 65 13
30 66 48
30 67 84
30 68 28
30 69 3
30 70 34
30 71 4
30 72 78
30 73 17
30 74 48
30 75 100
30 76 57
30 77 57
30 78 74
30 79 9
30 80 3
30 81 65
30 82 19
30 83 51
30 84 71
30 85 24
30 86 37
30 87 19
31 32 55
31 33 11
31 34 43
31 35 12
31 36 17
31 37 32
31 38 6
31 39 67
31 40 73
31 41 55
31 42 54
31 43 45
31 44 48
31 45 73
31 46 96
31 47 85
31 48 52
31 49 82
31 50 78
31 51 38
31 52 15
31 53 56
31 54 47
31 55 87
31 56 79
31 57 80
31 58 82
31 59 42
31 60 73
31 61 23
31 62 18
31 63 86
31 64 72
31 65 58
31 66 13
31 67 86
31 68 95
31 69 99
31 70 49
31 71 44
31 72 46
31 73 37
31 74 18
31 75 65
31 76 91
31 77 15
31 78 7
31 79 50
31 80 27
31 81 95
31 82 15
31 83 62
31 84 32
31 85 96
31 86 47
31 87 48
32 33 38
32 34 72
32 35 68
32 36 61
32 37 98
32 38 92
32 39 13
32 40 94
32 41 63
32 42 98
32 43 17
32 44 21
32 45 85
32 46 50
32 47 82
32 48 29
32 49 48
32 50 54
32 51 26
32 52 38
32 53 33
32 54 31
32 55 21
32 56 25
32 57 29
32 58 69
32 59 80
32 60 26
32 61 54
32 62 22
32 63 78
32 64 64
32 65 63
32 66 10
32 67 57
32 68 50
32 69 6
32 70 64
32 71 80
32 72 33
32 73 34
32 74 89
32 75 87
32 76 31
32 77 0
32 78 55
32 79 66
32 80 96
32 81 81
32 82 15
32 83 20
32 84 74
32 85 39
32 86 89
32 87 80
33 34 97
33 35 71
33 36 43
33 37 9
33 38 59
33 39 38
33 40 85
33 41 12
33 42 53
33 43 73
33 44 35
33 45 23
33 46 69
33 47 63
33 48 74
33 49 31
33 50 5
33 51 53
33 52 90
33 53 36
33 54 2
33 55 67
33 56 78
33 57 52
33 58 9
33 59 82
33 60 3
33 61 19
33 62 37
33 63 47
33 64 24
33 65 52
33 66 72
33 67 94
33 68 97
33 69 37
33 70 35
33 71 85
33 72 96
33 73 49
33 74 22
33 75 6
33 76 19
33 77 66
33 78 90
33 79 98
33 80 5
33 81 99
33 82 76
33 83 38
33 84 3
33 85 70
33 86 64
33 87 83
34 35 74
34 36 43
34 37 71
34 38 93
34 39 89
34 40 38
34 41 98
34 42 62
34 43 60
34 44 95
34 45 35
34 46 35
34 47 60
34 48 41
34 49 65
34 50 41
34 51 2
34 52 44
34 53 43
34 54 42
34 55 60
34 56 44
34 57 24
34 58 52
34 59 19
34 60 54
34 61 15
34 62 88
34 63 0
34 64 97
34 65 7
34 66 98
34 67 57
34 68 83
34 69 98
34 70 63
34 71 47
34 72 66
34 73 23
34 74 62
34 75 35
34 76 44
34 77 29
34 78 73
34 79 38
34 80 48
34 81 97
34 82 32
34 83 41
34 84 63
34 85 15
34 86 84
34 87 9
35 36 81
35 37 18
35 38 66
35 39 56
35 40 13
35 41 4
35 42 20
35 43 91
35 44 54
35 45 42
35 46 45
35 47 78
35 48 16
35 49 32
35 50 75
35 51 97
35 52 97
35 53 30
35 54 53
35 55 52
35 56 96
35 57 9
35 58 4
35 59 0
35 60 25
35 61 76
35 62 62
35 63 45
35 64 40
35 65 79
35 66 84
35 67 46
35 68 55
35 69 77
35 70 98
35 71 25
35 72 46
35 73 31
35 74 48
35 75 84
35 76 70
35 77 14
35 78 49
35 79 7
35 80 45
35 81 66
35 82 43
35 83 87
35 84 91
35 85 23
35 86 48
35 87 21
36 37 34
36 38 47
36 39 27
36 40 92
36 41 37
36 42 67
36 43 33
36 44 28
36 45 91
36 46 48
36 47 33
36 48 65
36 49 95
36 50 52
36 51 33
36 52 39
36 53 36
36 54 98
36 55 71
36 56 6
36 57 83
36 58 39
36 59 37
36 60 95
36 61 37
36 62 6
36 63 40
36 64 24
36 65 56
36 66 88
36 67 31
36 68 23
36 69 85
36 70 60
36 71 84
36 72 70
36 73 72
36 74 35
36 75 67
36 76 51
36 77 16
36 78 40
36 79 23
36 80 38
36 81 35
36 82 67
36 83 68
36 84 82
36 85 11
36 86 47
36 87 54
37 38 80
37 39 80
37 40 4
37 41 79
37 42 72
37 43 36
37 44 84
37 45 100
37 46 51
37 47 6
37 48 31
37 49 11
37 50 55
37 51 73
37 52 50
37 53 97
37 54 6
37 55 25
37 56 10
37 57 5
37 58 89
37 59 97
37 60 37
37 61 64
37 62 32
37 63 60
37 64 91
37 65 58
37 66 30
37 67 20
37 68 21
37 69 83
37 70 15
37 71 2
37 72 33
37 73 84
37 74 48
37 75 72
37 76 98
37 77 4
37 78 3
37 79 40
37 80 2
37 81 86
37 82 30
37 83 83
37 84 41
37 85 28
37 86 20
37 87 7
38 39 42
38 40 91
38 41 44
38 42 15
38 43 66
38 44 60
38 45 93
38 46 99
38 47 93
38 48 26
38 49 24
38 50 79
38 51 68
38 52 71
38 53 0
38 54 8
38 55 51
38 56 93
38 57 10
38 58 85
38 59 56
38 60 78
38 61 57
38 62 70
38 63 8
38 64 93
38 65 63
38 66 77
38 67 39
38 68 52
38 69 87
38 70 52
38 71 12
38 72 52
38 73 18
38 74 30
38 75 70
38 76 96
38 77 5
38 78 99
38 79 93
38 80 56
38 81 7
38 82 42
38 83 2
38 84 56
38 85 56
38 86 89
38 87 60
39 40 10
39 41 50
39 42 44
39 43 60
39 44 73
39 45 85
39 46 85
39 47 80
39 48 36
39 49 65
39 50 39
39 51 12
39 52 40
39 53 11
39 54 37
39 55 88
39 56 14
39 57 64
39 58 79
39 59 20
39 60 47
39 61 53
39 62 94
39 63 82
39 64 10
39 65 94
39 66 83
39 67 98
39 68 90
39 69 89
39 70 13
39 71 77
39 72 51
39 73 40
39 74 62
39 75 49
39 76 43
39 77 79
39 78 47
39 79 44
39 80 29
39 81 9
39 82 39
39 83 12
39 84 67
39 85 21
39 86 26
39 87 61
40 41 90
40 42 48
40 43 34
40 44 79
40 45 94
40 46 50
40 47 71
40 48 48
40 49 32
40 50 67
40 51 65
40 52 65
40 53 62
40 54 13
40 55 57
40 56 51
40 57 14
40 58 90
40 59 94
40 60 53
40 61 93
40 62 23
40 63 26
40 64 55
40 65 20
40 66 20
40 67 72
40 68 88
40 69 23
40 70 36
40 71 32
40 72 31
40 73 81
40 74 65
40 75 79
40 76 43
40 77 49
40 78 3
40 79 83
40 80 8
40 81 63
40 82 80
40 83 91
40 84 8
40 85 31
40 86 92
40 87 58
41 42 86
41 43 79
41 44 7
41 45 3
41 46 1
41 47 91
41 48 85
41 49 96
41 50 9
41 51 98
41 52 21
41 53 40
41 54 42
41 55 8
41 56 25
41 57 30
41 58 6
41 59 56
41 60 4
41 61 81
41 62 98
41 63 90
41 64 19
41 65 64
41 66 7
41 67 53
41 68 95
41 69 48
41 70 81
41 71 3
41 72 49
41 73 78
41 74 43
41 75 95
41 76 10
41 77 87
41 78 31
41 79 38
41 80 1
41 81 46
41 82 9
41 83 81
41 84 5
41 85 86
41 86 14
41 87 28
42 43 50
42 44 15
42 45 89
42 46 49
42 47 58
42 48 98
42 49 45
42 50 96
42 51 59
42 52 48
42 53 33
42 54 48
42 55 93
42 56 25
42 57 76
42 58 27
42 59 86
42 60 46
42 61 58
42 62 92
42 63 53
42 64 0
42 65 49
42 66 69
42 67 23
42 68 11
42 69 21
42 70 54
42 71 37
42 72 45
42 73 0
42 74 79
42 75 13
42 76 92
42 77 87
42 78 31
42 79 17
42 80 86
42 81 91
42 82 100
42 83 7
42 84 28
42 85 96
42 86 55
42 87 53
43 44 25
43 45 92
43 46 11
43 47 33
43 48 57
43 49 95
43 50 73
43 51 2
43 52 39
43 53 76
43 54 56
43 55 26
43 56 1
43 57 7
43 58 75
43 59 75
43 60 91
43 61 92
43 62 6
43 63 62
43 64 9
43 65 47
43 66 67
43 67 74
43 68 18
43 69 13
43 70 99
43 71 58
43 72 100
43 73 27
43 74 53
43 75 49
43 76 59
43 77 19
43 78 45
43 79 68
43 80 28
43 81 10
43 82 57
43 83 53
43 84 93
43 85 19
43 86 75
43 87 94
44 45 81
44 46 21
44 47 79
44 48 73
44 49 31
44 50 57
44 51 71
44 52 1
44 53 22
44 54 4
44 55 15
44 56 72
44 57 29
44 58 63
44 59 50
44 60 90
44 61 5
44 62 11
44 63 79
44 64 46
44 65 59
44 66 32
44 67 59
44 68 44
44 69 1
44 70 10
44 71 28
44 72 75
44 73 67
44 74 26
44 75 87
44 76 2
44 77 22
44 78 0
44 79 95
44 80 12
44 81 49
44 82 30
44 83 55
44 84 63
44 85 61
44 86 47
44 87 36
45 46 21
45 47 19
45 48 75
45 49 24
45 50 38
45 51 51
45 52 64
45 53 8
45 54 5
45 55 87
45 56 95
45 57 89
45 58 88
45 59 27
45 60 77
45 61 98
45 62 27
45 63 83
45 64 89
45 65 48
45 66 87
45 67 45
45 68 25
45 69 38
45 70 6
45 71 29
45 72 73
45 73 6
45 74 23
45 75 97
45 76 49
45 77 25
45 78 11
45 79 67
45 80 45
45 81 22
45 82 80
45 83 77
45 84 75
45 85 20
45 86 50
45 87 51
46 47 71
46 48 15
46 49 26
46 50 39
46 51 63
46 52 27
46 53 82
46 54 77
46 55 39
46 56 6
46 57 6
46 58 28
46 59 99
46 60 96
46 61 20
46 62 83
46 63 76
46 64 12
46 65 79
46 66 45
46 67 30
46 68 17
46 69 92
46 70 29
46 71 67
46 72 16
46 73 34
46 74 73
46 75 15
46 76 45
46 77 26
46 78 56
46 79 3
46 80 80
46 81 24
46 82 4
46 83 40
46 84 60
46 85 93
46 86 49
46 87 31
47 48 36
47 49 29
47 50 30
47 51 58
47 52 5
47 53 98
47 54 64
47 55 93
47 56 14
47 57 47
47 58 50
47 59 17
47 60 91
47 61 77
47 62 9
47 63 74
47 64 41
47 65 87
47 66 68
47 67 72
47 68 43
47 69 74
47 70 72
47 71 62
47 72 10
47 73 9
47 74 10
47 75 40
47 76 16
47 77 0
47 78 23
47 79 78
47 80 32
47 81 87
47 82 100
47 83 87
47 84 95
47 85 26
47 86 88
47 87 79
48 49 94
48 50 49
48 51 63
48 52 0
48 53 31
48 54 12
48 55 24
48 56 3
48 57 32
48 58 32
48 59 0
48 60 100
48 61 69
48 62 16
48 63 15
48 64 88
48 65 80
48 66 34
48 67 87
48 68 15
48 69 72
48 70 64
48 71 50
48 72 50
48 73 85
48 74 94
48 75 0
48 76 95
48 77 68
48 78 7
48 79 29
48 80 95
48 81 4
48 82 62
48 83 75
48 84 90
48 85 97
48 86 72
48 87 40
49 50 11
49 51 54
49 52 28
49 53 55
49 54 34
49 55 28
49 56 88
49 57 61
49 58 50
49 59 15
49 60 74
49 61 98
49 62 63
49 63 38
49 64 6
49 65 39
49 66 87
49 67 94
49 68 8
49 69 27
49 70 82
49 71 18
49 72 45
49 73 93
49 74 2
49 75 27
49 76 37
49 77 21
49 78 95
49 79 34
49 80 82
49 81 79
49 82 16
49 83 93
49 84 66
49 85 88
49 86 74
49 87 93
50 51 65
50 52 49
50 53 32
50 54 4
50 55 80
50 56 42
50 57 3
50 58 2
50 59 1
50 60 81
50 61 81
50 62 71
50 63 72
50 64 50
50 65 61
50 66 24
50 67 68
50 68 44
50 69 48
50 70 36
50 71 67
50 72 51
50 73 72
50 74 68
50 75 88
50 76 88
50 77 38
50 78 14
50 79 3
50 80 89
50 81 75
50 82 89
50 83 50
50 84 51
50 85 32
50 86 96
50 87 98
51 52 44
51 53 60
51 54 81
51 55 30
51 56 40
51 57 38
51 58 3
51 59 66
51 60 1
51 61 1
51 62 48
51 63 99
51 64 10
51 65 16
51 66 28
51 67 98
51 68 73
51 69 53
51 70 5
51 71 28
51 72 6
51 73 96
51 74 99
51 75 54
51 76 15
51 77 79
51 78 87
51 79 78
51 80 19
51 81 88
51 82 76
51 83 30
51 84 13
51 85 4
51 86 100
51 87 36
52 53 84
52 54 33
52 55 9
52 56 74
52 57 59
52 58 100
52 59 80
52 60 24
52 61 7
52 62 40
52 63 72
52 64 57
52 65 96
52 66 87
52 67 29
52 68 25
52 69 13
52 70 54
52 71 27
52 72 75
52 73 76
52 74 53
52 75 60
52 76 97
52 77 68
52 78 87
52 79 2
52 80 61
52 81 40
52 82 65
52 83 85
52 84 11
52 85 20
52 86 75
52 87 82
53 54 13
53 55 23
53 56 90
53 57 39
53 58 6
53 59 74
53 60 71
53 61 96
53 62 10
53 63 6
53 64 45
53 65 70
53 66 86
53 67 13
53 68 1
53 69 39
53 70 70
53 71 76
53 72 98
53 73 1
53 74 8
53 75 21
53 76 46
53 77 79
53 78 2
53 79 26
53 80 36
53 81 16
53 82 19
53 83 26
53 84 88
53 85 74
53 86 4
53 87 100
54 55 100
54 56 99
54 57 13
54 58 52
54 59 27
54 60 2
54 61 43
54 62 27
54 63 75
54 64 57
54 65 49
54 66 3
54 67 60
54 68 72
54 69 64
54 70 75
54 71 94
54 72 70
54 73 93
54 74 56
54 75 43
54 76 51
54 77 45
54 78 83
54 79 53
54 80 60
54 81 7
54 82 7
54 83 45
54 84 46
54 85 67
54 86 34
54 87 60
55 56 88
55 57 9
55 58 9
55 59 47
55 60 81
55 61 43
55 62 30
55 63 51
55 64 11
55 65 23
55 66 1
55 67 7
55 68 0
55 69 37
55 70 8
55 71 14
55 72 13
55 73 99
55 74 6
55 75 74
55 76 36
55 77 5
55 78 72
55 79 87
55 80 75
55 81 15
55 82 35
55 83 10
55 84 78
55 85 61
55 86 33
55 87 73
56 57 60
56 58 89
56 59 65
56 60 31
56 61 39
56 62 7
56 63 57
56 64 42
56 65 20
56 66 51
56 67 79
56 68 11
56 69 4
56 70 77
56 71 25
56 72 34
56 73 31
56 74 89
56 75 96
56 76 80
56 77 25
56 78 76
56 79 83
56 80 41
56 81 88
56 82 47
56 83 100
56 84 34
56 85 15
56 86 35
56 87 54
57 58 89
57 59 38
57 60 5
57 61 29
57 62 26
57 63 25
57 64 75
57 65 99
57 66 52
57 67 28
57 68 38
57 69 9
57 70 51
57 71 93
57 72 50
57 73 5
57 74 16
57 75 26
57 76 71
57 77 4
57 78 87
57 79 93
57 80 54
57 81 88
57 82 71
57 83 32
57 84 36
57 85 39
57 86 72
57 87 83
58 59 74
58 60 47
58 61 87
58 62 28
58 63 39
58 64 11
58 65 5
58 66 84
58 67 10
58 68 62
58 69 85
58 70 47
58 71 34
58 72 59
58 73 64
58 74 72
58 75 82
58 76 35
58 77 43
58 78 70
58 79 37
58 80 38
58 81 11
58 82 41
58 83 80
58 84 51
58 85 79
58 86 95
58 87 16
59 60 38
59 61 89
59 62 40
59 63 23
59 64 97
59 65 49
59 66 28
59 67 66
59 68 3
59 69 66
59 70 7
59 71 6
59 72 92
59 73 70
59 74 80
59 75 15
59 76 82
59 77 4
59 78 99
59 79 91
59 80 34
59 81 71
59 82 95
59 83 26
59 84 28
59 85 28
59 86 3
59 87 11
60 61 9
60 62 41
60 63 77
60 64 52
60 65 62
60 66 22
60 67 24
60 68 4
60 69 11
60 70 39
60 71 100
60 72 41
60 73 24
60 74 97
60 75 44
60 76 62
60 77 5
60 78 6
60 79 17
60 80 100
60 81 9
60 82 75
60 83 30
60 84 99
60 85 24
60 86 68
60 87 20
61 62 80
61 63 72
61 64 94
61 65 56
61 66 16
61 67 77
61 68 66
61 69 29
61 70 46
61 71 91
61 72 15
61 73 97
61 74 77
61 75 43
61 76 81
61 77 28
61 78 0
61 79 19
61 80 76
61 81 62
61 82 30
61 83 36
61 84 70
61 85 53
61 86 59
61 87 37
62 63 67
62 64 81
62 65 61
62 66 62
62 67 69
62 68 96
62 69 91
62 70 64
62 71 43
62 72 83
62 73 19
62 74 14
62 75 27
62 76 24
62 77 70
62 78 13
62 79 27
62 80 8
62 81 43
62 82 84
62 83 75
62 84 98
62 85 54
62 86 1
62 87 8
63 64 35
63 65 66
63 66 80
63 67 21
63 68 29
63 69 29
63 70 31
63 71 99
63 72 40
63 73 61
63 74 97
63 75 11
63 76 23
63 77 43
63 78 97
63 79 33
63 80 99
63 81 31
63 82 2
63 83 71
63 84 85
63 85 95
63 86 72
63 87 61
64 65 81
64 66 36
64 67 50
64 68 91
64 69 68
64 70 63
64 71 52
64 72 29
64 73 55
64 74 67
64 75 96
64 76 51
64 77 42
64 78 51
64 79 95
64 80 67
64 81 40
64 82 62
64 83 85
64 84 38
64 85 79
64 86 37
64 87 29
65 66 38
65 67 14
65 68 2
65 69 95
65 70 95
65 71 44
65 72 49
65 73 56
65 74 99
65 75 69
65 76 19
65 77 65
65 78 97
65 79 77
65 80 69
65 81 92
65 82 94
65 83 59
65 84 50
65 85 13
65 86 4
65 87 65
66 67 49
66 68 90
66 69 38
66 70 91
66 71 10
66 72 92
66 73 61
66 74 9
66 75 63
66 76 63
66 77 79
66 78 94
66 79 26
66 80 68
66 81 31
66 82 86
66 83 47
66 84 21
66 85 63
66 86 80
66 87 92
67 68 69
67 69 2
67 70 37
67 71 12
67 72 96
67 73 71
67 74 60
67 75 25
67 76 29
67 77 57
67 78 37
67 79 43
67 80 92
67 81 30
67 82 62
67 83 95
67 84 5
67 85 83
67 86 45
67 87 85
68 69 34
68 70 4
68 71 4
68 72 94
68 73 55
68 74 41
68 75 6
68 76 71
68 77 43
68 78 95
68 79 57
68 80 49
68 81 45
68 82 56
68 83 61
68 84 30
68 85 77
68 86 82
68 87 48
69 70 91
69 71 31
69 72 92
69 73 10
69 74 5
69 75 36
69 76 62
69 77 87
69 78 88
69 79 13
69 80 100
69 81 81
69 82 3
69 83 1
69 84 73
69 85 76
69 86 5
69 87 63
70 71 41
70 72 35
70 73 2
70 74 0
70 75 50
70 76 81
70 77 74
70 78 98
70 79 74
70 80 22
70 81 25
70 82 56
70 83 75
70 84 96
70 85 63
70 86 88
70 87 34
71 72 24
71 73 61
71 74 88
71 75 9
71 76 70
71 77 81
71 78 84
71 79 48
71 80 99
71 81 33
71 82 84
71 83 37
71 84 62
71 85 37
71 86 64
71 87 7
72 73 73
72 74 57
72 75 1
72 76 50
72 77 27
72 78 38
72 79 46
72 80 28
72 81 90
72 82 45
72 83 24
72 84 4
72 85 91
72 86 24
72 87 72
73 74 41
73 75 70
73 76 27
73 77 67
73 78 65
73 79 27
73 80 98
73 81 2
73 82 79
73 83 98
73 84 20
73 85 66
73 86 86
73 87 8
74 75 49
74 76 68
74 77 78
74 78 91
74 79 50
74 80 52
74 81 85
74 82 99
74 83 58
74 84 73
74 85 39
74 86 77
74 87 1
75 76 6
75 77 35
75 78 81
75 79 50
75 80 51
75 81 90
75 82 15
75 83 92
75 84 89
75 85 93
75 86 61
75 87 37
76 77 82
76 78 94
76 79 11
76 80 55
76 81 21
76 82 11
76 83 4
76 84 13
76 85 53
76 86 19
76 87 43
77 78 93
77 79 32
77 80 35
77 81 18
77 82 84
77 83 1
77 84 71
77 85 41
77 86 26
77 87 66
78 79 8
78 80 83
78 81 29
78 82 71
78 83 6
78 84 50
78 85 28
78 86 47
78 87 94
79 80 72
79 81 48
79 82 38
79 83 36
79 84 92
79 85 37
79 86 32
79 87 31
80 81 81
80 82 35
80 83 37
80 84 89
80 85 67
80 86 12
80 87 51
81 82 1
81 83 15
81 84 50
81 85 37
81 86 6
81 87 23
82 83 67
82 84 5
82 85 4
82 86 32
82 87 89
83 84 63
83 85 41
83 86 82
83 87 73
84 85 80
84 86 2
84 87 2
85 86 32
85 87 39
86 87 91
