50 25
0 1 53
0 2 81
0 3 22
0 4 30
0 5 27
0 6 75
0 7 33
0 8 76
0 9 98
0 10 37
0 11 97
0 12 13
0 13 29
0 14 1
0 15 90
0 16 8
0 17 98
0 18 13
0 19 43
0 20 31
0 21 36
0 22 43
0 23 1
0 24 83
0 25 49
0 26 33
0 27 20
0 28 59
0 29 63
0 30 67
0 31 54
0 32 39
0 33 14
0 34 36
0 35 59
0 36 12
0 37 3
0 38 42
0 39 53
0 40 52
0 41 33
0 42 86
0 43 6
0 44 81
0 45 34
0 46 13
0 47 19
0 48 88
0 49 16
1 2 46
1 3 39
1 4 10
1 5 56
1 6 35
1 7 10
1 8 48
1 9 90
1 10 88
1 11 35
1 12 84
1 13 79
1 14 44
1 15 93
1 16 94
1 17 77
1 18 3
1 19 47
1 20 86
1 21 89
1 22 39
1 23 20
1 24 7
1 25 78
1 26 6
1 27 89
1 28 20
1 29 88
1 30 13
1 31 76
1 32 81
1 33 19
1 34 11
1 35 68
1 36 7
1 37 95
1 38 83
1 39 71
1 40 96
1 41 89
1 42 81
1 43 2
1 44 68
1 45 27
1 46 28
1 47 38
1 48 15
1 49 11
2 3 35
2 4 40
2 5 61
2 6 63
2 7 92
2 8 90
2 9 46
2 10 42
2 11 90
2 12 28
2 13 100
2 14 35
2 15 41
2 16 97
2 17 40
2 18 73
2 19 11
2 20 34
2 21 60
2 22 10
2 23 60
2 24 51
2 25 2
2 26 91
2 27 93
2 28 86
2 29 40
2 30 4
2 31 16
2 32 34
2 33 40
2 34 40
2 35 43
2 36 1
2 37 48
2 38 7
2 39 50
2 40 28
2 41 20
2 42 89
2 43 46
2 44 98
2 45 51
2 46 81
2 47 93
2 48 89
2 49 33
3 4 94
3 5 6
3 6 32
3 7 16
3 8 95
3 9 33
3 10 53
3 11 15
3 12 32
3 13 75
3 14 36
3 15 95
3 16 14
3 17 52
3 18 39
3 19 31
3 20 51
3 21 90
3 22 97
3 23 63
3 24 53
3 25 42
3 26 45
3 27 12
3 28 94
3 29 20
3 30 94
3 31 18
3 32 58
3 33 12
3 34 44
3 35 44
3 36 64
3 37 1
3 38 76
3 39 7
3 40 50
3 41 67
3 42 40
3 43 37
3 44 70
3 45 49
3 46 49
3 47 18
3 48 76
3 49 97
4 5 19
4 6 41
4 7 85
4 8 71
4 9 66
4 10 57
4 11 18
4 12 98
4 13 46
4 14 20
4 15 34
4 16 17
4 17 11
4 18 60
4 19 46
4 20 83
4 21 25
4 22 77
4 23 21
4 24 80
4 25 21
4 26 76
4 27 90
4 28 20
4 29 96
4 30 29
4 31 34
4 32 91
4 33 15
4 34 14
4 35 4
4 36 28
4 37 37
4 38 60
4 39 42
4 40 5
4 41 91
4 42 76
4 43 87
4 44 28
4 45 49
4 46 6
4 47 53
4 48 24
4 49 74
5 6 98
5 7 94
5 8 35
5 9 29
5 10 44
5 11 31
5 12 86
5 13 21
5 14 26
5 15 27
5 16 52
5 17 97
5 18 87
5 19 27
5 20 46
5 21 22
5 22 13
5 23 24
5 24 54
5 25 89
5 26 16
5 27 11
5 28 3
5 29 27
5 30 12
5 31 77
5 32 42
5 33 83
5 34 24
5 35 100
5 36 56
5 37 45
5 38 53
5 39 61
5 40 80
5 41 37
5 42 23
5 43 65
5 44 45
5 45 36
5 46 81
5 47 27
5 48 58
5 49 23
6 7 70
6 8 77
6 9 12
6 10 30
6 11 48
6 12 100
6 13 80
6 14 90
6 15 7
6 16 64
6 17 33
6 18 64
6 19 17
6 20 42
6 21 72
6 22 2
6 23 70
6 24 47
6 25 38
6 26 96
6 27 2
6 28 50
6 29 100
6 30 57
6 31 70
6 32 16
6 33 90
6 34 28
6 35 3
6 36 94
6 37 47
6 38 53
6 39 40
6 40 60
6 41 74
6 42 40
6 43 53
6 44 87
6 45 85
6 46 12
6 47 66
6 48 81
6 49 36
7 8 37
7 9 70
7 10 96
7 11 76
7 12 29
7 13 8
7 14 25
7 15 88
7 16 82
7 17 50
7 18 41
7 19 33
7 20 1
7 21 85
7 22 44
7 23 2
7 24 68
7 25 22
7 26 25
7 27 27
7 28 1
7 29 20
7 30 88
7 31 8
7 32 89
7 33 12
7 34 83
7 35 100
7 36 33
7 37 20
7 38 51
7 39 29
7 40 54
7 41 3
7 42 12
7 43 26
7 44 60
7 45 19
7 46 79
7 47 28
7 48 91
7 49 37
8 9 31
8 10 36
8 11 85
8 12 15
8 13 58
8 14 75
8 15 71
8 16 55
8 17 86
8 18 75
8 19 9
8 20 98
8 21 1
8 22 55
8 23 81
8 24 18
8 25 14
8 26 30
8 27 91
8 28 1
8 29 85
8 30 14
8 31 71
8 32 93
8 33 60
8 34 71
8 35 5
8 36 55
8 37 16
8 38 27
8 39 60
8 40 51
8 41 25
8 42 73
8 43 79
8 44 7
8 45 72
8 46 7
8 47 93
8 48 51
8 49 77
9 10 32
9 11 55
9 12 44
9 13 22
9 14 35
9 15 91
9 16 46
9 17 68
9 18 29
9 19 66
9 20 67
9 21 50
9 22 34
9 23 67
9 24 78
9 25 47
9 26 15
9 27 12
9 28 30
9 29 71
9 30 27
9 31 14
9 32 36
9 33 31
9 34 60
9 35 73
9 36 75
9 37 77
9 38 25
9 39 3
9 40 85
9 41 95
9 42 17
9 43 1
9 44 66
9 45 4
9 46 82
9 47 93
9 48 20
9 49 84
10 11 49
10 12 33
10 13 95
10 14 7
10 15 22
10 16 9
10 17 46
10 18 84
10 19 71
10 20 55
10 21 6
10 22 47
10 23 97
10 24 31
10 25 13
10 26 16
10 27 72
10 28 43
10 29 59
10 30 74
10 31 33
10 32 84
10 33 99
10 34 51
10 35 31
10 36 85
10 37 50
10 38 8
10 39 85
10 40 83
10 41 51
10 42 36
10 43 60
10 44 93
10 45 35
10 46 10
10 47 19
10 48 48
10 49 50
11 12 57
11 13 72
11 14 20
11 15 47
11 16 53
11 17 92
11 18 56
11 19 77
11 20 85
11 21 21
11 22 49
11 23 59
11 24 32
11 25 72
11 26 68
11 27 51
11 28 90
11 29 26
11 30 14
11 31 1
11 32 50
11 33 94
11 34 1
11 35 65
11 36 89
11 37 56
11 38 92
11 39 13
11 40 80
11 41 54
11 42 58
11 43 63
11 44 13
11 45 54
11 46 77
11 47 64
11 48 76
11 49 21
12 13 14
12 14 3
12 15 73
12 16 50
12 17 14
12 18 79
12 19 56
12 20 60
12 21 57
12 22 55
12 23 11
12 24 61
12 25 35
12 26 46
12 27 95
12 28 4
12 29 45
12 30 47
12 31 30
12 32 77
12 33 100
12 34 69
12 35 7
12 36 84
12 37 14
12 38 71
12 39 98
12 40 41
12 41 43
12 42 1
12 43 14
12 44 93
12 45 72
12 46 12
12 47 52
12 48 68
12 49 53
13 14 86
13 15 91
13 16 7
13 17 28
13 18 5
13 19 87
13 20 69
13 21 30
13 22 32
13 23 77
13 24 6
13 25 97
13 26 5
13 27 66
13 28 93
13 29 55
13 30 76
13 31 74
13 32 63
13 33 93
13 34 51
13 35 21
13 36 100
13 37 53
13 38 48
13 39 46
13 40 98
13 41 26
13 42 3
13 43 80
13 44 86
13 45 46
13 46 57
13 47 49
13 48 90
13 49 4
14 15 43
14 16 34
14 17 76
14 18 85
14 19 60
14 20 13
14 21 5
14 22 95
14 23 54
14 24 43
14 25 77
14 26 52
14 27 57
14 28 93
14 29 47
14 30 88
14 31 67
14 32 50
14 33 24
14 34 67
14 35 4
14 36 49
14 37 43
14 38 68
14 39 84
14 40 31
14 41 36
14 42 96
14 43 15
14 44 31
14 45 2
14 46 64
14 47 66
14 48 66
14 49 37
15 16 34
15 17 61
15 18 12
15 19 43
15 20 91
15 21 83
15 22 91
15 23 71
15 24 39
15 25 65
15 26 9
15 27 46
15 28 63
15 29 8
15 30 55
15 31 11
15 32 78
15 33 80
15 34 72
15 35 94
15 36 2
15 37 44
15 38 37
15 39 1
15 40 78
15 41 90
15 42 28
15 43 85
15 44 5
15 45 22
15 46 61
15 47 95
15 48 10
15 49 55
16 17 78
16 18 22
16 19 74
16 20 91
16 21 42
16 22 71
16 23 75
16 24 62
16 25 26
16 26 9
16 27 35
16 28 49
16 29 35
16 30 98
16 31 73
16 32 34
16 33 15
16 34 46
16 35 36
16 36 22
16 37 71
16 38 25
16 39 51
16 40 9
16 41 58
16 42 37
16 43 4
16 44 36
16 45 78
16 46 59
16 47 28
16 48 90
16 49 8
17 18 58
17 19 28
17 20 64
17 21 8
17 22 94
17 23 53
17 24 21
17 25 83
17 26 50
17 27 51
17 28 83
17 29 65
17 30 16
17 31 15
17 32 16
17 33 80
17 34 85
17 35 44
17 36 32
17 37 62
17 38 45
17 39 19
17 40 78
17 41 44
17 42 91
17 43 44
17 44 4
17 45 51
17 46 60
17 47 96
17 48 65
17 49 9
18 19 98
18 20 87
18 21 29
18 22 87
18 23 53
18 24 40
18 25 86
18 26 25
18 27 21
18 28 54
18 29 49
18 30 10
18 31 64
18 32 90
18 33 97
18 34 98
18 35 79
18 36 88
18 37 12
18 38 30
18 39 83
18 40 77
18 41 59
18 42 60
18 43 6
18 44 18
18 45 92
18 46 9
18 47 19
18 48 49
18 49 56
19 20 69
19 21 9
19 22 54
19 23 95
19 24 7
19 25 61
19 26 58
19 27 36
19 28 29
19 29 83
19 30 72
19 31 33
19 32 78
19 33 19
19 34 96
19 35 91
19 36 25
19 37 2
19 38 38
19 39 3
19 40 99
19 41 72
19 42 48
19 43 69
19 44 45
19 45 75
19 46 16
19 47 82
19 48 34
19 49 7
20 21 83
20 22 98
20 23 24
20 24 79
20 25 55
20 26 51
20 27 61
20 28 56
20 29 85
20 30 14
20 31 24
20 32 41
20 33 77
20 34 95
20 35 88
20 36 6
20 37 36
20 38 30
20 39 83
20 40 82
20 41 94
20 42 38
20 43 16
20 44 49
20 45 19
20 46 77
20 47 54
20 48 58
20 49 63
21 22 69
21 23 32
21 24 57
21 25 91
21 26 93
21 27 16
21 28 41
21 29 72
21 30 100
21 31 100
21 32 69
21 33 63
21 34 8
21 35 51
21 36 13
21 37 23
21 38 20
21 39 32
21 40 76
21 41 78
21 42 60
21 43 71
21 44 58
21 45 24
21 46 96
21 47 6
21 48 47
21 49 73
22 23 73
22 24 15
22 25 67
22 26 71
22 27 71
22 28 69
22 29 93
22 30 31
22 31 73
22 32 81
22 33 97
22 34 3
22 35 70
22 36 31
22 37 82
22 38 68
22 39 15
22 40 54
22 41 89
22 42 14
22 43 84
22 44 11
22 45 19
22 46 56
22 47 26
22 48 74
22 49 87
23 24 39
23 25 23
23 26 43
23 27 14
23 28 15
23 29 1
23 30 36
23 31 66
23 32 36
23 33 94
23 34 75
23 35 30
23 36 71
23 37 93
23 38 70
23 39 5
23 40 1
23 41 22
23 42 69
23 43 68
23 44 1
23 45 84
23 46 19
23 47 21
23 48 100
23 49 52
24 25 87
24 26 69
24 27 77
24 28 71
24 29 57
24 30 45
24 31 51
24 32 79
24 33 15
24 34 98
24 35 31
24 36 4
24 37 74
24 38 98
24 39 80
24 40 3
24 41 68
24 42 56
24 43 56
24 44 51
24 45 80
24 46 69
24 47 29
24 48 43
24 49 19
25 26 97
25 27 85
25 28 4
25 29 100
25 30 41
25 31 27
25 32 63
25 33 3
25 34 45
25 35 77
25 36 98
25 37 73
25 38 79
25 39 11
25 40 42
25 41 59
25 42 46
25 43 19
25 44 74
25 45 15
25 46 86
25 47 19
25 48 40
25 49 85
26 27 71
26 28 12
26 29 29
26 30 89
26 31 63
26 32 72
26 33 89
26 34 8
26 35 57
26 36 42
26 37 77
26 38 90
26 39 57
26 40 87
26 41 50
26 42 2
26 43 87
26 44 35
26 45 97
26 46 68
26 47 62
26 48 63
26 49 57
27 28 53
27 29 86
27 30 83
27 31 73
27 32 6
27 33 83
27 34 37
27 35 84
27 36 84
27 37 90
27 38 51
27 39 32
27 40 73
27 41 49
27 42 10
27 43 82
27 44 53
27 45 6
27 46 67
27 47 17
27 48 30
27 49 78
28 29 53
28 30 58
28 31 91
28 32 96
28 33 83
28 34 85
28 35 34
28 36 32
28 37 18
28 38 46
28 39 83
28 40 44
28 41 98
28 42 42
28 43 33
28 44 99
28 45 59
28 46 33
28 47 51
28 48 83
28 49 78
29 30 2
29 31 67
29 32 28
29 33 5
29 34 1
29 35 70
29 36 94
29 37 91
29 38 1
29 39 22
29 40 94
29 41 14
29 42 61
29 43 29
29 44 81
29 45 63
29 46 42
29 47 29
29 48 28
29 49 81
30 31 38
30 32 93
30 33 63
30 34 75
30 35 82
30 36 51
30 37 42
30 38 57
30 39 91
30 40 35
30 41 1
30 42 63
30 43 8
30 44 41
30 45 74
30 46 89
30 47 30
30 48 38
30 49 93
31 32 8
31 33 11
31 34 40
31 35 48
31 36 32
31 37 45
31 38 63
31 39 1
31 40 99
31 41 61
31 42 74
31 43 70
31 44 77
31 45 2
31 46 44
31 47 59
31 48 87
31 49 63
32 33 58
32 34 7
32 35 54
32 36 66
32 37 86
32 38 28
32 39 27
32 40 82
32 41 38
32 42 4
32 43 49
32 44 30
32 45 86
32 46 92
32 47 98
32 48 90
32 49 85
33 34 70
33 35 80
33 36 85
33 37 65
33 38 42
33 39 67
33 40 31
33 41 4
33 42 33
33 43 11
33 44 29
33 45 72
33 46 33
33 47 35
33 48 81
33 49 67
34 35 9
34 36 81
34 37 78
34 38 21
34 39 26
34 40 99
34 41 29
34 42 42
34 43 26
34 44 11
34 45 27
34 46 65
34 47 67
34 48 67
34 49 74
35 36 51
35 37 56
35 38 25
35 39 14
35 40 40
35 41 63
35 42 23
35 43 28
35 44 81
35 45 26
35 46 97
35 47 70
35 48 17
35 49 70
36 37 87
36 38 70
36 39 26
36 40 40
36 41 51
36 42 66
36 43 87
36 44 48
36 45 19
36 46 26
36 47 81
36 48 36
36 49 63
37 38 65
37 39 83
37 40 27
37 41 47
37 42 12
37 43 60
37 44 30
37 45 1
37 46 40
37 47 29
37 48 38
37 49 8
38 39 73
38 40 50
38 41 94
38 42 71
38 43 8
38 44 71
38 45 74
38 46 44
38 47 62
38 48 90
38 49 35
39 40 22
39 41 62
39 42 81
39 43 100
39 44 43
39 45 27
39 46 82
39 47 67
39 48 94
39 49 30
40 41 5
40 42 95
40 43 37
40 44 9
40 45 6
40 46 83
40 47 16
40 48 25
40 49 48
41 42 62
41 43 2
41 44 62
41 45 31
41 46 4
41 47 85
41 48 68
41 49 96
42 43 7
42 44 79
42 45 22
42 46 7
42 47 29
42 48 75
42 49 31
43 44 43
43 45 93
43 46 52
43 47 20
43 48 26
43 49 30
44 45 12
44 46 82
44 47 85
44 48 3
44 49 43
45 46 86
45 47 63
45 48 22
45 49 89
46 47 21
46 48 95
46 49 69
47 48 47
47 49 5
48 49 43
