50 25
0 1 49
0 2 25
0 3 56
0 4 48
0 5 7
0 6 11
0 7 96
0 8 43
0 9 25
0 10 22
0 11 66
0 12 13
0 13 17
0 14 13
0 15 75
0 16 58
0 17 87
0 18 10
0 19 95
0 20 40
0 21 40
0 22 67
0 23 44
0 24 76
0 25 12
0 26 23
0 27 78
0 28 96
0 29 83
0 30 52
0 31 54
0 32 33
0 33 58
0 34 2
0 35 82
0 36 12
0 37 36
0 38 75
0 39 52
0 40 40
0 41 40
0 42 44
0 43 36
0 44 46
0 45 50
0 46 13
0 47 99
0 48 96
0 49 65
1 2 12
1 3 30
1 4 67
1 5 20
1 6 74
1 7 80
1 8 69
1 9 88
1 10 62
1 11 82
1 12 45
1 13 54
1 14 16
1 15 18
1 16 75
1 17 30
1 18 56
1 19 45
1 20 80
1 21 85
1 22 72
1 23 49
1 24 59
1 25 100
1 26 39
1 27 3
1 28 86
1 29 65
1 30 99
1 31 11
1 32 76
1 33 54
1 34 63
1 35 73
1 36 84
1 37 41
1 38 33
1 39 18
1 40 57
1 41 18
1 42 73
1 43 58
1 44 41
1 45 42
1 46 82
1 47 67
1 48 46
1 49 72
2 3 7
2 4 87
2 5 65
2 6 32
2 7 79
2 8 100
2 9 6
2 10 11
2 11 26
2 12 7
2 13 15
2 14 68
2 15 68
2 16 50
2 17 40
2 18 99
2 19 53
2 20 71
2 21 93
2 22 7
2 23 17
2 24 85
2 25 38
2 26 75
2 27 31
2 28 99
2 29 9
2 30 87
2 31 10
2 32 6
2 33 53
2 34 18
2 35 18
2 36 60
2 37 31
2 38 17
2 39 100
2 40 18
2 41 35
2 42 42
2 43 94
2 44 16
2 45 83
2 46 28
2 47 54
2 48 73
2 49 41
3 4 14
3 5 69
3 6 100
3 7 93
3 8 30
3 9 24
3 10 46
3 11 61
3 12 89
3 13 76
3 14 50
3 15 12
3 16 92
3 17 95
3 18 32
3 19 38
3 20 54
3 21 91
3 22 38
3 23 89
3 24 99
3 25 40
3 26 71
3 27 91
3 28 49
3 29 71
3 30 49
3 31 15
3 32 66
3 33 39
3 34 87
3 35 41
3 36 59
3 37 85
3 38 6
3 39 17
3 40 39
3 41 72
3 42 18
3 43 28
3 44 93
3 45 99
3 46 88
3 47 49
3 48 49
3 49 28
4 5 88
4 6 91
4 7 56
4 8 72
4 9 48
4 10 45
4 11 50
4 12 4
4 13 100
4 14 8
4 15 38
4 16 99
4 17 1
4 18 38
4 19 3
4 20 36
4 21 49
4 22 11
4 23 97
4 24 91
4 25 49
4 26 84
4 27 56
4 28 81
4 29 56
4 30 56
4 31 87
4 32 85
4 33 70
4 34 85
4 35 6
4 36 20
4 37 16
4 38 87
4 39 11
4 40 89
4 41 87
4 42 33
4 43 45
4 44 99
4 45 14
4 46 90
4 47 44
4 48 79
4 49 41
5 6 82
5 7 69
5 8 28
5 9 84
5 10 34
5 11 71
5 12 29
5 13 23
5 14 58
5 15 74
5 16 74
5 17 55
5 18 48
5 19 78
5 20 81
5 21 98
5 22 98
5 23 24
5 24 32
5 25 62
5 26 36
5 27 37
5 28 86
5 29 91
5 30 5
5 31 2
5 32 56
5 33 56
5 34 72
5 35 10
5 36 21
5 37 5
5 38 97
5 39 19
5 40 75
5 41 52
5 42 1
5 43 7
5 44 33
5 45 68
5 46 14
5 47 85
5 48 40
5 49 7
6 7 72
6 8 73
6 9 8
6 10 29
6 11 94
6 12 17
6 13 86
6 14 54
6 15 58
6 16 33
6 17 77
6 18 96
6 19 60
6 20 50
6 21 28
6 22 97
6 23 2
6 24 94
6 25 15
6 26 91
6 27 9
6 28 68
6 29 99
6 30 16
6 31 29
6 32 99
6 33 73
6 34 29
6 35 93
6 36 27
6 37 89
6 38 19
6 39 26
6 40 75
6 41 8
6 42 28
6 43 52
6 44 72
6 45 94
6 46 49
6 47 96
6 48 30
6 49 13
7 8 89
7 9 46
7 10 62
7 11 47
7 12 88
7 13 12
7 14 9
7 15 52
7 16 76
7 17 99
7 18 1
7 19 93
7 20 95
7 21 84
7 22 82
7 23 47
7 24 97
7 25 6
7 26 2
7 27 33
7 28 14
7 29 19
7 30 15
7 31 90
7 32 61
7 33 26
7 34 46
7 35 83
7 36 78
7 37 77
7 38 23
7 39 3
7 40 36
7 41 90
7 42 49
7 43 21
7 44 95
7 45 97
7 46 3
7 47 25
7 48 86
7 49 45
8 9 91
8 10 85
8 11 29
8 12 19
8 13 79
8 14 64
8 15 4
8 16 20
8 17 52
8 18 58
8 19 83
8 20 72
8 21 21
8 22 65
8 23 81
8 24 77
8 25 37
8 26 21
8 27 16
8 28 40
8 29 10
8 30 76
8 31 55
8 32 55
8 33 71
8 34 97
8 35 82
8 36 7
8 37 70
8 38 56
8 39 30
8 40 66
8 41 41
8 42 78
8 43 87
8 44 31
8 45 48
8 46 74
8 47 46
8 48 5
8 49 49
9 10 14
9 11 24
9 12 78
9 13 44
9 14 61
9 15 3
9 16 81
9 17 51
9 18 30
9 19 73
9 20 28
9 21 20
9 22 29
9 23 64
9 24 34
9 25 89
9 26 99
9 27 66
9 28 84
9 29 2
9 30 31
9 31 4
9 32 80
9 33 6
9 34 17
9 35 58
9 36 35
9 37 35
9 38 42
9 39 69
9 40 77
9 41 75
9 42 60
9 43 52
9 44 98
9 45 70
9 46 39
9 47 60
9 48 33
9 49 22
10 11 63
10 12 30
10 13 22
10 14 17
10 15 73
10 16 46
10 17 15
10 18 89
10 19 78
10 20 7
10 21 12
10 22 67
10 23 13
10 24 87
10 25 92
10 26 89
10 27 12
10 28 95
10 29 55
10 30 4
10 31 46
10 32 14
10 33 54
10 34 69
10 35 53
10 36 86
10 37 36
10 38 19
10 39 31
10 40 58
10 41 80
10 42 15
10 43 39
10 44 55
10 45 23
10 46 14
10 47 72
10 48 43
10 49 51
11 12 61
11 13 16
11 14 18
11 15 65
11 16 37
11 17 92
11 18 57
11 19 19
11 20 95
11 21 96
11 22 83
11 23 87
11 24 62
11 25 73
11 26 47
11 27 50
11 28 36
11 29 50
11 30 87
11 31 36
11 32 75
11 33 65
11 34 26
11 35 26
11 36 42
11 37 53
11 38 51
11 39 27
11 40 60
11 41 47
11 42 52
11 43 62
11 44 91
11 45 80
11 46 88
11 47 97
11 48 71
11 49 43
12 13 38
12 14 55
12 15 36
12 16 90
12 17 33
12 18 53
12 19 18
12 20 2
12 21 93
12 22 85
12 23 83
12 24 52
12 25 25
12 26 14
12 27 87
12 28 59
12 29 55
12 30 35
12 31 26
12 32 10
12 33 92
12 34 14
12 35 57
12 36 42
12 37 88
12 38 65
12 39 36
12 40 100
12 41 96
12 42 10
12 43 88
12 44 9
12 45 73
12 46 95
12 47 24
12 48 76
12 49 5
13 14 18
13 15 92
13 16 84
13 17 9
13 18 100
13 19 74
13 20 31
13 21 50
13 22 59
13 23 33
13 24 29
13 25 47
13 26 70
13 27 18
13 28 35
13 29 44
13 30 36
13 31 12
13 32 54
13 33 15
13 34 38
13 35 23
13 36 21
13 37 54
13 38 41
13 39 76
13 40 31
13 41 29
13 42 24
13 43 78
13 44 45
13 45 88
13 46 50
13 47 13
13 48 71
13 49 39
14 15 83
14 16 20
14 17 72
14 18 38
14 19 66
14 20 3
14 21 13
14 22 66
14 23 100
14 24 85
14 25 43
14 26 14
14 27 69
14 28 59
14 29 82
14 30 56
14 31 7
14 32 87
14 33 28
14 34 73
14 35 37
14 36 25
14 37 7
14 38 88
14 39 8
14 40 88
14 41 66
14 42 23
14 43 3
14 44 45
14 45 62
14 46 55
14 47 47
14 48 9
14 49 43
15 16 64
15 17 93
15 18 16
15 19 28
15 20 99
15 21 38
15 22 7
15 23 61
15 24 93
15 25 28
15 26 42
15 27 66
15 28 2
15 29 93
15 30 13
15 31 44
15 32 20
15 33 48
15 34 33
15 35 21
15 36 9
15 37 67
15 38 34
15 39 52
15 40 19
15 41 47
15 42 100
15 43 47
15 44 86
15 45 60
15 46 23
15 47 92
15 48 69
15 49 72
16 17 69
16 18 33
16 19 83
16 20 15
16 21 74
16 22 65
16 23 11
16 24 1
16 25 26
16 26 16
16 27 4
16 28 7
16 29 63
16 30 21
16 31 33
16 32 66
16 33 98
16 34 2
16 35 32
16 36 34
16 37 51
16 38 1
16 39 21
16 40 80
16 41 70
16 42 19
16 43 71
16 44 58
16 45 78
16 46 63
16 47 55
16 48 9
16 49 48
17 18 71
17 19 40
17 20 85
17 21 87
17 22 26
17 23 52
17 24 93
17 25 51
17 26 65
17 27 18
17 28 38
17 29 68
17 30 41
17 31 25
17 32 28
17 33 36
17 34 55
17 35 81
17 36 7
17 37 37
17 38 94
17 39 37
17 40 54
17 41 5
17 42 66
17 43 98
17 44 9
17 45 81
17 46 65
17 47 78
17 48 6
17 49 18
18 19 25
18 20 8
18 21 3
18 22 17
18 23 2
18 24 97
18 25 99
18 26 92
18 27 56
18 28 58
18 29 61
18 30 17
18 31 34
18 32 62
18 33 50
18 34 46
18 35 47
18 36 50
18 37 43
18 38 92
18 39 26
18 40 52
18 41 99
18 42 96
18 43 15
18 44 94
18 45 4
18 46 90
18 47 50
18 48 17
18 49 79
19 20 38
19 21 65
19 22 19
19 23 47
19 24 36
19 25 26
19 26 24
19 27 32
19 28 8
19 29 57
19 30 34
19 31 77
19 32 10
19 33 62
19 34 86
19 35 8
19 36 98
19 37 45
19 38 79
19 39 67
19 40 100
19 41 100
19 42 53
19 43 18
19 44 5
19 45 39
19 46 41
19 47 49
19 48 7
19 49 100
20 21 79
20 22 53
20 23 48
20 24 87
20 25 3
20 26 52
20 27 39
20 28 90
20 29 10
20 30 91
20 31 67
20 32 91
20 33 83
20 34 59
20 35 55
20 36 58
20 37 17
20 38 90
20 39 73
20 40 53
20 41 91
20 42 49
20 43 35
20 44 67
20 45 15
20 46 6
20 47 1
20 48 53
20 49 32
21 22 29
21 23 32
21 24 85
21 25 48
21 26 14
21 27 5
21 28 81
21 29 73
21 30 52
21 31 2
21 32 17
21 33 9
21 34 73
21 35 80
21 36 30
21 37 81
21 38 34
21 39 39
21 40 71
21 41 12
21 42 97
21 43 33
21 44 22
21 45 74
21 46 25
21 47 5
21 48 46
21 49 1
22 23 52
22 24 5
22 25 25
22 26 23
22 27 72
22 28 79
22 29 77
22 30 96
22 31 12
22 32 19
22 33 23
22 34 16
22 35 31
22 36 25
22 37 9
22 38 13
22 39 43
22 40 10
22 41 77
22 42 72
22 43 35
22 44 46
22 45 80
22 46 38
22 47 36
22 48 12
22 49 46
23 24 17
23 25 40
23 26 13
23 27 42
23 28 81
23 29 41
23 30 56
23 31 89
23 32 24
23 33 49
23 34 82
23 35 82
23 36 9
23 37 1
23 38 100
23 39 8
23 40 55
23 41 66
23 42 31
23 43 88
23 44 6
23 45 9
23 46 66
23 47 68
23 48 28
23 49 21
24 25 39
24 26 23
24 27 90
24 28 6
24 29 20
24 30 1
24 31 10
24 32 38
24 33 25
24 34 7
24 35 56
24 36 95
24 37 93
24 38 7
24 39 32
24 40 98
24 41 20
24 42 1
24 43 94
24 44 40
24 45 32
24 46 70
24 47 61
24 48 18
24 49 44
25 26 36
25 27 97
25 28 74
25 29 86
25 30 36
25 31 33
25 32 21
25 33 30
25 34 52
25 35 59
25 36 20
25 37 19
25 38 38
25 39 34
25 40 4
25 41 53
25 42 12
25 43 91
25 44 97
25 45 70
25 46 35
25 47 60
25 48 19
25 49 6
26 27 18
26 28 51
26 29 64
26 30 39
26 31 24
26 32 78
26 33 62
26 34 94
26 35 58
26 36 94
26 37 34
26 38 75
26 39 35
26 40 92
26 41 74
26 42 49
26 43 39
26 44 59
26 45 87
26 46 44
26 47 58
26 48 6
26 49 48
27 28 27
27 29 26
27 30 41
27 31 40
27 32 91
27 33 32
27 34 92
27 35 8
27 36 40
27 37 55
27 38 7
27 39 72
27 40 27
27 41 69
27 42 33
27 43 17
27 44 71
27 45 59
27 46 92
27 47 49
27 48 80
27 49 59
28 29 69
28 30 36
28 31 66
28 32 91
28 33 36
28 34 40
28 35 99
28 36 23
28 37 76
28 38 12
28 39 78
28 40 11
28 41 83
28 42 2
28 43 67
28 44 39
28 45 10
28 46 73
28 47 93
28 48 52
28 49 84
29 30 65
29 31 99
29 32 96
29 33 81
29 34 2
29 35 76
29 36 53
29 37 56
29 38 39
29 39 13
29 40 55
29 41 56
29 42 58
29 43 100
29 44 57
29 45 72
29 46 21
29 47 18
29 48 39
29 49 32
30 31 45
30 32 53
30 33 10
30 34 29
30 35 20
30 36 70
30 37 98
30 38 23
30 39 35
30 40 38
30 41 47
30 42 4
30 43 41
30 44 32
30 45 7
30 46 96
30 47 81
30 48 98
30 49 90
31 32 8
31 33 98
31 34 14
31 35 66
31 36 31
31 37 53
31 38 99
31 39 33
31 40 5
31 41 89
31 42 33
31 43 91
31 44 34
31 45 43
31 46 48
31 47 92
31 48 83
31 49 15
32 33 45
32 34 89
32 35 65
32 36 37
32 37 98
32 38 58
32 39 16
32 40 1
32 41 66
32 42 85
32 43 40
32 44 27
32 45 19
32 46 3
32 47 62
32 48 90
32 49 12
33 34 68
33 35 67
33 36 80
33 37 35
33 38 20
33 39 49
33 40 9
33 41 20
33 42 51
33 43 39
33 44 5
33 45 11
33 46 99
33 47 24
33 48 53
33 49 43
34 35 15
34 36 83
34 37 29
34 38 74
34 39 17
34 40 83
34 41 84
34 42 12
34 43 42
34 44 18
34 45 73
34 46 46
34 47 28
34 48 3
34 49 82
35 36 26
35 37 59
35 38 60
35 39 54
35 40 33
35 41 2
35 42 79
35 43 46
35 44 6
35 45 45
35 46 15
35 47 42
35 48 78
35 49 59
36 37 78
36 38 87
36 39 7
36 40 71
36 41 53
36 42 51
36 43 94
36 44 28
36 45 69
36 46 6
36 47 58
36 48 23
36 49 94
37 38 19
37 39 29
37 40 24
37 41 66
37 42 39
37 43 100
37 44 68
37 45 70
37 46 78
37 47 100
37 48 35
37 49 76
38 39 80
38 40 63
38 41 42
38 42 94
38 43 6
38 44 6
38 45 43
38 46 88
38 47 71
38 48 77
38 49 20
39 40 52
39 41 70
39 42 34
39 43 27
39 44 36
39 45 7
39 46 5
39 47 65
39 48 39
39 49 93
40 41 80
40 42 93
40 43 24
40 44 68
40 45 18
40 46 96
40 47 70
40 48 100
40 49 88
41 42 30
41 43 59
41 44 74
41 45 96
41 46 31
41 47 35
41 48 50
41 49 40
42 43 97
42 44 48
42 45 41
42 46 18
42 47 55
42 48 97
42 49 44
43 44 49
43 45 90
43 46 86
43 47 84
43 48 3
43 49 45
44 45 41
44 46 78
44 47 26
44 48 63
44 49 86
45 46 78
45 47 67
45 48 69
45 49 15
46 47 27
46 48 96
46 49 23
47 48 7
47 49 70
48 49 86
