32 16
0 1 18
0 2 48
0 3 38
0 4 83
0 5 13
0 6 45
0 7 22
0 8 14
0 9 64
0 10 72
0 11 38
0 12 31
0 13 69
0 14 54
0 15 85
0 16 48
0 17 76
0 18 47
0 19 74
0 20 93
0 21 50
0 22 25
0 23 98
0 24 6
0 25 92
0 26 48
0 27 35
0 28 52
0 29 63
0 30 27
0 31 49
1 2 30
1 3 98
1 4 79
1 5 69
1 6 16
1 7 15
1 8 100
1 9 96
1 10 94
1 11 95
1 12 83
1 13 42
1 14 0
1 15 33
1 16 71
1 17 8
1 18 55
1 19 55
1 20 92
1 21 92
1 22 50
1 23 44
1 24 75
1 25 43
1 26 70
1 27 100
1 28 2
1 29 24
1 30 5
1 31 67
2 3 87
2 4 2
2 5 37
2 6 2
2 7 8
2 8 8
2 9 21
2 10 63
2 11 78
2 12 68
2 13 90
2 14 15
2 15 72
2 16 64
2 17 92
2 18 13
2 19 83
2 20 85
2 21 26
2 22 81
2 23 5
2 24 7
2 25 62
2 26 23
2 27 89
2 28 13
2 29 61
2 30 11
2 31 78
3 4 96
3 5 64
3 6 32
3 7 51
3 8 48
3 9 61
3 10 80
3 11 65
3 12 23
3 13 44
3 14 56
3 15 45
3 16 35
3 17 14
3 18 71
3 19 68
3 20 82
3 21 31
3 22 92
3 23 42
3 24 88
3 25 26
3 26 2
3 27 66
3 28 41
3 29 37
3 30 16
3 31 63
4 5 29
4 6 22
4 7 48
4 8 45
4 9 100
4 10 3
4 11 74
4 12 9
4 13 29
4 14 4
4 15 69
4 16 75
4 17 42
4 18 25
4 19 91
4 20 88
4 21 95
4 22 30
4 23 50
4 24 37
4 25 58
4 26 17
4 27 4
4 28 24
4 29 31
4 30 90
4 31 69
5 6 16
5 7 1
5 8 31
5 9 46
5 10 88
5 11 100
5 12 71
5 13 49
5 14 49
5 15 88
5 16 93
5 17 34
5 18 43
5 19 66
5 20 70
5 21 24
5 22 93
5 23 37
5 24 20
5 25 33
5 26 53
5 27 81
5 28 23
5 29 22
5 30 22
5 31 83
6 7 76
6 8 23
6 9 97
6 10 8
6 11 65
6 12 21
6 13 85
6 14 70
6 15 49
6 16 6
6 17 4
6 18 33
6 19 51
6 20 76
6 21 37
6 22 25
6 23 68
6 24 53
6 25 83
6 26 4
6 27 79
6 28 0
6 29 4
6 30 71
6 31 4
7 8 44
7 9 31
7 10 84
7 11 98
7 12 70
7 13 99
7 14 54
7 15 69
7 16 4
7 17 53
7 18 26
7 19 43
7 20 45
7 21 86
7 22 3
7 23 23
7 24 50
7 25 62
7 26 50
7 27 31
7 28 74
7 29 46
7 30 70
7 31 57
8 9 73
8 10 26
8 11 51
8 12 95
8 13 6
8 14 78
8 15 85
8 16 5
8 17 96
8 18 74
8 19 97
8 20 32
8 21 30
8 22 90
8 23 80
8 24 1
8 25 21
8 26 2
8 27 45
8 28 35
8 29 75
8 30 8
8 31 1
9 10 86
9 11 56
9 12 6
9 13 99
9 14 95
9 15 93
9 16 44
9 17 58
9 18 28
9 19 95
9 20 99
9 21 17
9 22 30
9 23 45
9 24 66
9 25 33
9 26 90
9 27 10
9 28 80
9 29 9
9 30 34
9 31 4
10 11 78
10 12 42
10 13 70
10 14 58
10 15 49
10 16 24
10 17 25
10 18 94
10 19 88
10 20 95
10 21 48
10 22 47
10 23 7
10 24 1
10 25 13
10 26 62
10 27 18
10 28 59
10 29 97
10 30 91
10 31 78
11 12 60
11 13 56
11 14 74
11 15 87
11 16 29
11 17 17
11 18 45
11 19 4
11 20 7
11 21 68
11 22 100
11 23 89
11 24 22
11 25 49
11 26 69
11 27 47
11 28 54
11 29 77
11 30 10
11 31 51
12 13 8
12 14 55
12 15 71
12 16 38
12 17 20
12 18 91
12 19 88
12 20 43
12 21 77
12 22 47
12 23 100
12 24 86
12 25 19
12 26 57
12 27 73
12 28 46
12 29 81
12 30 49
12 31 61
13 14 10
13 15 5
13 16 44
13 17 37
13 18 92
13 19 99
13 20 45
13 21 0
13 22 38
13 23 51
13 24 6
13 25 49
13 26 63
13 27 34
13 28 20
13 29 39
13 30 25
13 31 87
14 15 52
14 16 45
14 17 68
14 18 68
14 19 52
14 20 18
14 21 64
14 22 74
14 23 82
14 24 29
14 25 37
14 26 51
14 27 67
14 28 50
14 29 70
14 30 55
14 31 4
15 16 26
15 17 98
15 18 22
15 19 82
15 20 8
15 21 8
15 22 88
15 23 6
15 24 11
15 25 12
15 26 57
15 27 31
15 28 92
15 29 78
15 30 94
15 31 22
16 17 45
16 18 48
16 19 44
16 20 8
16 21 92
16 22 7
16 23 13
16 24 55
16 25 70
16 26 75
16 27 85
16 28 57
16 29 58
16 30 58
16 31 41
17 18 99
17 19 97
17 20 68
17 21 27
17 22 49
17 23 30
17 24 15
17 25 26
17 26 2
17 27 28
17 28 51
17 29 57
17 30 50
17 31 6
18 19 9
18 20 89
18 21 77
18 22 43
18 23 15
18 24 22
18 25 47
18 26 52
18 27 25
18 28 44
18 29 47
18 30 3
18 31 30
19 20 53
19 21 11
19 22 46
19 23 57
19 24 97
19 25 43
19 26 43
19 27 27
19 28 54
19 29 52
19 30 6
19 31 29
20 21 69
20 22 65
20 23 67
20 24 68
20 25 83
20 26 73
20 27 48
20 28 43
20 29 89
20 30 5
20 31 22
21 22 9
21 23 12
21 24 10
21 25 38
21 26 76
21 27 85
21 28 92
21 29 87
21 30 94
21 31 17
22 23 17
22 24 12
22 25 77
22 26 44
22 27 25
22 28 85
22 29 63
22 30 98
22 31 18
23 24 47
23 25 96
23 26 90
23 27 31
23 28 66
23 29 72
23 30 15
23 31 62
24 25 3
24 26 71
24 27 42
24 28 99
24 29 61
24 30 3
24 31 21
25 26 46
25 27 17
25 28 28
25 29 83
25 30 36
25 31 37
26 27 80
26 28 52
26 29 6
26 30 33
26 31 51
27 28 13
27 29 52
27 30 26
27 31 91
28 29 21
28 30 56
28 31 28
29 30 33
29 31 74
30 31 97
