50 25
0 1 51
0 2 60
0 3 86
0 4 34
0 5 54
0 6 81
0 7 66
0 8 3
0 9 39
0 10 61
0 11 49
0 12 80
0 13 38
0 14 16
0 15 33
0 16 2
0 17 92
0 18 14
0 19 23
0 20 5
0 21 54
0 22 80
0 23 14
0 24 79
0 25 14
0 26 2
0 27 16
0 28 64
0 29 21
0 30 53
0 31 26
0 32 44
0 33 100
0 34 10
0 35 1
0 36 61
0 37 93
0 38 84
0 39 66
0 40 37
0 41 98
0 42 0
0 43 50
0 44 25
0 45 85
0 46 95
0 47 80
0 48 34
0 49 49
1 2 87
1 3 62
1 4 27
1 5 90
1 6 7
1 7 56
1 8 26
1 9 11
1 10 45
1 11 44
1 12 21
1 13 48
1 14 34
1 15 43
1 16 50
1 17 85
1 18 64
1 19 63
1 20 94
1 21 68
1 22 27
1 23 20
1 24 48
1 25 44
1 26 77
1 27 53
1 28 70
1 29 74
1 30 77
1 31 86
1 32 63
1 33 80
1 34 69
1 35 73
1 36 63
1 37 70
1 38 43
1 39 22
1 40 38
1 41 16
1 42 20
1 43 82
1 44 88
1 45 11
1 46 71
1 47 42
1 48 95
1 49 44
2 3 17
2 4 10
2 5 26
2 6 75
2 7 73
2 8 24
2 9 20
2 10 51
2 11 26
2 12 7
2 13 91
2 14 15
2 15 93
2 16 49
2 17 91
2 18 97
2 19 67
2 20 12
2 21 19
2 22 65
2 23 61
2 24 57
2 25 22
2 26 22
2 27 95
2 28 92
2 29 10
2 30 46
2 31 38
2 32 30
2 33 34
2 34 24
2 35 62
2 36 49
2 37 83
2 38 1
2 39 32
2 40 16
2 41 67
2 42 87
2 43 6
2 44 66
2 45 51
2 46 18
2 47 43
2 48 94
2 49 72
3 4 64
3 5 44
3 6 13
3 7 2
3 8 52
3 9 29
3 10 8
3 11 42
3 12 2
3 13 64
3 14 33
3 15 83
3 16 12
3 17 22
3 18 98
3 19 8
3 20 76
3 21 10
3 22 92
3 23 69
3 24 30
3 25 49
3 26 26
3 27 47
3 28 38
3 29 41
3 30 80
3 31 7
3 32 32
3 33 52
3 34 90
3 35 89
3 36 79
3 37 43
3 38 77
3 39 24
3 40 59
3 41 53
3 42 28
3 43 51
3 44 58
3 45 93
3 46 38
3 47 78
3 48 78
3 49 38
4 5 2
4 6 72
4 7 45
4 8 88
4 9 87
4 10 48
4 11 57
4 12 36
4 13 29
4 14 37
4 15 54
4 16 100
4 17 72
4 18 46
4 19 55
4 20 18
4 21 38
4 22 4
4 23 22
4 24 43
4 25 11
4 26 25
4 27 44
4 28 18
4 29 17
4 30 42
4 31 29
4 32 6
4 33 98
4 34 88
4 35 28
4 36 99
4 37 54
4 38 33
4 39 46
4 40 14
4 41 87
4 42 28
4 43 33
4 44 57
4 45 72
4 46 89
4 47 6
4 48 73
4 49 66
5 6 24
5 7 30
5 8 68
5 9 47
5 10 37
5 11 15
5 12 24
5 13 83
5 14 54
5 15 42
5 16 64
5 17 41
5 18 80
5 19 89
5 20 33
5 21 51
5 22 8
5 23 27
5 24 68
5 25 7
5 26 91
5 27 36
5 28 58
5 29 14
5 30 70
5 31 67
5 32 23
5 33 3
5 34 19
5 35 62
5 36 9
5 37 7
5 38 38
5 39 17
5 40 100
5 41 11
5 42 62
5 43 18
5 44 41
5 45 95
5 46 67
5 47 59
5 48 85
5 49 72
6 7 50
6 8 45
6 9 16
6 10 41
6 11 12
6 12 25
6 13 81
6 14 43
6 15 54
6 16 81
6 17 85
6 18 30
6 19 44
6 20 86
6 21 41
6 22 86
6 23 55
6 24 28
6 25 86
6 26 54
6 27 5
6 28 62
6 29 89
6 30 62
6 31 95
6 32 23
6 33 99
6 34 83
6 35 80
6 36 26
6 37 5
6 38 91
6 39 75
6 40 24
6 41 3
6 42 74
6 43 79
6 44 52
6 45 85
6 46 17
6 47 60
6 48 81
6 49 24
7 8 12
7 9 48
7 10 81
7 11 30
7 12 8
7 13 31
7 14 42
7 15 50
7 16 1
7 17 78
7 18 53
7 19 20
7 20 77
7 21 44
7 22 60
7 23 46
7 24 68
7 25 79
7 26 94
7 27 69
7 28 3
7 29 80
7 30 53
7 31 89
7 32 59
7 33 100
7 34 7
7 35 54
7 36 7
7 37 6
7 38 55
7 39 74
7 40 18
7 41 71
7 42 99
7 43 57
7 44 41
7 45 78
7 46 57
7 47 86
7 48 60
7 49 77
8 9 35
8 10 81
8 11 59
8 12 3
8 13 41
8 14 62
8 15 95
8 16 82
8 17 72
8 18 12
8 19 69
8 20 46
8 21 47
8 22 29
8 23 98
8 24 31
8 25 35
8 26 77
8 27 28
8 28 79
8 29 83
8 30 59
8 31 23
8 32 15
8 33 80
8 34 76
8 35 19
8 36 30
8 37 19
8 38 61
8 39 49
8 40 8
8 41 96
8 42 83
8 43 5
8 44 1
8 45 69
8 46 73
8 47 22
8 48 53
8 49 32
9 10 45
9 11 88
9 12 46
9 13 51
9 14 62
9 15 67
9 16 98
9 17 87
9 18 29
9 19 64
9 20 5
9 21 97
9 22 20
9 23 34
9 24 46
9 25 32
9 26 94
9 27 91
9 28 11
9 29 8
9 30 76
9 31 100
9 32 30
9 33 86
9 34 37
9 35 60
9 36 32
9 37 6
9 38 9
9 39 49
9 40 41
9 41 52
9 42 88
9 43 49
9 44 50
9 45 90
9 46 72
9 47 70
9 48 96
9 49 18
10 11 2
10 12 77
10 13 29
10 14 29
10 15 2
10 16 75
10 17 31
10 18 40
10 19 9
10 20 88
10 21 44
10 22 76
10 23 94
10 24 67
10 25 44
10 26 16
10 27 69
10 28 65
10 29 49
10 30 30
10 31 6
10 32 75
10 33 0
10 34 1
10 35 17
10 36 84
10 37 67
10 38 37
10 39 59
10 40 39
10 41 24
10 42 12
10 43 2
10 44 39
10 45 78
10 46 11
10 47 64
10 48 15
10 49 56
11 12 1
11 13 62
11 14 10
11 15 27
11 16 76
11 17 73
11 18 40
11 19 20
11 20 100
11 21 18
11 22 91
11 23 9
11 24 93
11 25 29
11 26 15
11 27 38
11 28 53
11 29 18
11 30 31
11 31 87
11 32 29
11 33 48
11 34 98
11 35 56
11 36 61
11 37 100
11 38 51
11 39 68
11 40 81
11 41 57
11 42 83
11 43 47
11 44 47
11 45 100
11 46 45
11 47 40
11 48 1
11 49 3
12 13 2
12 14 60
12 15 92
12 16 40
12 17 93
12 18 73
12 19 34
12 20 80
12 21 13
12 22 87
12 23 67
12 24 10
12 25 23
12 26 1
12 27 37
12 28 63
12 29 50
12 30 47
12 31 32
12 32 39
12 33 28
12 34 77
12 35 39
12 36 74
12 37 12
12 38 79
12 39 4
12 40 35
12 41 54
12 42 21
12 43 31
12 44 34
12 45 4
12 46 30
12 47 32
12 48 68
12 49 57
13 14 20
13 15 30
13 16 18
13 17 87
13 18 67
13 19 37
13 20 57
13 21 43
13 22 84
13 23 33
13 24 53
13 25 77
13 26 53
13 27 54
13 28 76
13 29 93
13 30 82
13 31 62
13 32 67
13 33 58
13 34 30
13 35 59
13 36 56
13 37 31
13 38 86
13 39 48
13 40 83
13 41 37
13 42 96
13 43 10
13 44 84
13 45 16
13 46 26
13 47 46
13 48 37
13 49 57
14 15 94
14 16 87
14 17 20
14 18 41
14 19 51
14 20 9
14 21 28
14 22 59
14 23 90
14 24 98
14 25 36
14 26 96
14 27 23
14 28 7
14 29 93
14 30 94
14 31 40
14 32 40
14 33 7
14 34 86
14 35 64
14 36 9
14 37 10
14 38 84
14 39 13
14 40 87
14 41 89
14 42 45
14 43 51
14 44 60
14 45 65
14 46 2
14 47 25
14 48 81
14 49 79
15 16 78
15 17 98
15 18 100
15 19 60
15 20 71
15 21 91
15 22 31
15 23 66
15 24 23
15 25 60
15 26 33
15 27 3
15 28 64
15 29 54
15 30 75
15 31 48
15 32 59
15 33 38
15 34 61
15 35 83
15 36 70
15 37 74
15 38 69
15 39 40
15 40 30
15 41 71
15 42 34
15 43 62
15 44 31
15 45 6
15 46 38
15 47 61
15 48 60
15 49 24
16 17 4
16 18 25
16 19 23
16 20 73
16 21 1
16 22 33
16 23 54
16 24 99
16 25 2
16 26 63
16 27 11
16 28 68
16 29 98
16 30 34
16 31 81
16 32 74
16 33 19
16 34 47
16 35 50
16 36 48
16 37 90
16 38 98
16 39 44
16 40 100
16 41 88
16 42 49
16 43 87
16 44 75
16 45 88
16 46 54
16 47 35
16 48 14
16 49 39
17 18 67
17 19 10
17 20 61
17 21 61
17 22 55
17 23 55
17 24 2
17 25 47
17 26 63
17 27 48
17 28 78
17 29 62
17 30 70
17 31 51
17 32 79
17 33 6
17 34 61
17 35 10
17 36 74
17 37 77
17 38 66
17 39 3
17 40 21
17 41 79
17 42 58
17 43 45
17 44 68
17 45 68
17 46 49
17 47 91
17 48 3
17 49 81
18 19 57
18 20 58
18 21 82
18 22 62
18 23 58
18 24 52
18 25 76
18 26 18
18 27 53
18 28 13
18 29 84
18 30 89
18 31 98
18 32 98
18 33 18
18 34 43
18 35 85
18 36 29
18 37 20
18 38 87
18 39 55
18 40 72
18 41 58
18 42 30
18 43 88
18 44 78
18 45 79
18 46 95
18 47 0
18 48 79
18 49 5
19 20 28
19 21 45
19 22 64
19 23 85
19 24 74
19 25 53
19 26 85
19 27 8
19 28 66
19 29 32
19 30 73
19 31 57
19 32 25
19 33 88
19 34 28
19 35 53
19 36 29
19 37 26
19 38 5
19 39 53
19 40 48
19 41 27
19 42 58
19 43 36
19 44 26
19 45 61
19 46 19
19 47 42
19 48 86
19 49 74
20 21 79
20 22 14
20 23 24
20 24 10
20 25 87
20 26 3
20 27 25
20 28 78
20 29 71
20 30 16
20 31 92
20 32 48
20 33 49
20 34 54
20 35 100
20 36 63
20 37 76
20 38 78
20 39 79
20 40 96
20 41 72
20 42 14
20 43 2
20 44 87
20 45 4
20 46 10
20 47 2
20 48 74
20 49 86
21 22 97
21 23 37
21 24 30
21 25 99
21 26 18
21 27 7
21 28 80
21 29 3
21 30 62
21 31 21
21 32 54
21 33 6
21 34 12
21 35 30
21 36 57
21 37 3
21 38 37
21 39 19
21 40 82
21 41 65
21 42 23
21 43 33
21 44 28
21 45 40
21 46 84
21 47 32
21 48 43
21 49 34
22 23 2
22 24 50
22 25 13
22 26 53
22 27 28
22 28 98
22 29 63
22 30 81
22 31 89
22 32 95
22 33 56
22 34 74
22 35 8
22 36 72
22 37 35
22 38 20
22 39 86
22 40 98
22 41 54
22 42 4
22 43 31
22 44 11
22 45 18
22 46 22
22 47 95
22 48 23
22 49 44
23 24 74
23 25 18
23 26 49
23 27 42
23 28 62
23 29 90
23 30 5
23 31 73
23 32 55
23 33 28
23 34 26
23 35 98
23 36 87
23 37 67
23 38 84
23 39 7
23 40 4
23 41 97
23 42 14
23 43 52
23 44 11
23 45 11
23 46 56
23 47 65
23 48 28
23 49 96
24 25 74
24 26 42
24 27 96
24 28 79
24 29 43
24 30 6
24 31 45
24 32 41
24 33 54
24 34 72
24 35 75
24 36 21
24 37 27
24 38 69
24 39 79
24 40 10
24 41 84
24 42 67
24 43 33
24 44 91
24 45 100
24 46 27
24 47 33
24 48 74
24 49 70
25 26 92
25 27 61
25 28 92
25 29 44
25 30 96
25 31 39
25 32 6
25 33 84
25 34 42
25 35 91
25 36 93
25 37 31
25 38 60
25 39 25
25 40 4
25 41 5
25 42 90
25 43 83
25 44 40
25 45 23
25 46 47
25 47 4
25 48 39
25 49 3
26 27 35
26 28 74
26 29 33
26 30 86
26 31 68
26 32 82
26 33 74
26 34 36
26 35 56
26 36 94
26 37 68
26 38 49
26 39 62
26 40 75
26 41 62
26 42 67
26 43 28
26 44 0
26 45 63
26 46 80
26 47 76
26 48 42
26 49 99
27 28 5
27 29 4
27 30 49
27 31 12
27 32 43
27 33 3
27 34 86
27 35 19
27 36 63
27 37 91
27 38 48
27 39 76
27 40 70
27 41 90
27 42 36
27 43 92
27 44 78
27 45 66
27 46 25
27 47 96
27 48 2
27 49 14
28 29 98
28 30 89
28 31 27
28 32 43
28 33 84
28 34 31
28 35 100
28 36 21
28 37 62
28 38 78
28 39 100
28 40 47
28 41 29
28 42 41
28 43 42
28 44 11
28 45 15
28 46 62
28 47 85
28 48 39
28 49 8
29 30 2
29 31 56
29 32 35
29 33 30
29 34 54
29 35 16
29 36 82
29 37 49
29 38 39
29 39 48
29 40 16
29 41 36
29 42 22
29 43 17
29 44 45
29 45 3
29 46 16
29 47 43
29 48 80
29 49 15
30 31 53
30 32 46
30 33 82
30 34 67
30 35 89
30 36 94
30 37 67
30 38 16
30 39 11
30 40 52
30 41 0
30 42 19
30 43 16
30 44 7
30 45 91
30 46 8
30 47 80
30 48 34
30 49 31
31 32 42
31 33 100
31 34 25
31 35 14
31 36 22
31 37 85
31 38 65
31 39 84
31 40 88
31 41 93
31 42 50
31 43 97
31 44 32
31 45 76
31 46 67
31 47 5
31 48 40
31 49 75
32 33 20
32 34 38
32 35 6
32 36 64
32 37 94
32 38 34
32 39 68
32 40 87
32 41 79
32 42 71
32 43 94
32 44 77
32 45 8
32 46 62
32 47 71
32 48 20
32 49 81
33 34 94
33 35 51
33 36 15
33 37 16
33 38 44
33 39 31
33 40 8
33 41 73
33 42 80
33 43 16
33 44 28
33 45 61
33 46 72
33 47 63
33 48 63
33 49 70
34 35 6
34 36 54
34 37 54
34 38 6
34 39 1
34 40 15
34 41 89
34 42 16
34 43 94
34 44 99
34 45 44
34 46 93
34 47 10
34 48 57
34 49 84
35 36 46
35 37 52
35 38 68
35 39 83
35 40 72
35 41 68
35 42 63
35 43 75
35 44 48
35 45 44
35 46 37
35 47 56
35 48 37
35 49 4
36 37 78
36 38 23
36 39 77
36 40 42
36 41 83
36 42 93
36 43 19
36 44 7
36 45 1
36 46 64
36 47 10
36 48 98
36 49 20
37 38 77
37 39 47
37 40 5
37 41 27
37 42 34
37 43 98
37 44 42
37 45 41
37 46 67
37 47 88
37 48 79
37 49 44
38 39 71
38 40 47
38 41 84
38 42 49
38 43 6
38 44 41
38 45 26
38 46 87
38 47 92
38 48 83
38 49 1
39 40 16
39 41 97
39 42 59
39 43 25
39 44 91
39 45 9
39 46 47
39 47 12
39 48 21
39 49 65
40 41 29
40 42 25
40 43 71
40 44 53
40 45 12
40 46 92
40 47 77
40 48 68
40 49 92
41 42 49
41 43 66
41 44 0
41 45 91
41 46 76
41 47 89
41 48 88
41 49 33
42 43 36
42 44 89
42 45 27
42 46 8
42 47 11
42 48 50
42 49 98
43 44 20
43 45 97
43 46 4
43 47 15
43 48 73
43 49 18
44 45 93
44 46 56
44 47 49
44 48 42
44 49 20
45 46 32
45 47 56
45 48 83
45 49 18
46 47 80
46 48 100
46 49 9
47 48 25
47 49 92
48 49 29
