99 49
0 1 46
0 2 40
0 3 11
0 4 66
0 5 45
0 6 69
0 7 7
0 8 50
0 9 28
0 10 18
0 11 77
0 12 18
0 13 73
0 14 51
0 15 45
0 16 27
0 17 89
0 18 85
0 19 28
0 20 24
0 21 69
0 22 60
0 23 11
0 24 4
0 25 18
0 26 61
0 27 20
0 28 35
0 29 7
0 30 14
0 31 46
0 32 15
0 33 63
0 34 88
0 35 48
0 36 81
0 37 86
0 38 39
0 39 30
0 40 61
0 41 17
0 42 86
0 43 43
0 44 9
0 45 6
0 46 27
0 47 12
0 48 67
0 49 0
0 50 76
0 51 37
0 52 53
0 53 98
0 54 58
0 55 84
0 56 31
0 57 38
0 58 78
0 59 27
0 60 11
0 61 25
0 62 69
0 63 0
0 64 28
0 65 37
0 66 12
0 67 72
0 68 15
0 69 57
0 70 28
0 71 87
0 72 28
0 73 68
0 74 43
0 75 63
0 76 41
0 77 49
0 78 67
0 79 6
0 80 2
0 81 6
0 82 5
0 83 53
0 84 49
0 85 26
0 86 45
0 87 14
0 88 96
0 89 86
0 90 62
0 91 0
0 92 18
0 93 55
0 94 81
0 95 76
0 96 93
0 97 96
0 98 62
1 2 1
1 3 33
1 4 39
1 5 63
1 6 56
1 7 77
1 8 72
1 9 80
1 10 27
1 11 51
1 12 3
1 13 2
1 14 41
1 15 72
1 16 11
1 17 35
1 18 100
1 19 82
1 20 46
1 21 29
1 22 3
1 23 58
1 24 57
1 25 19
1 26 48
1 27 49
1 28 2
1 29 85
1 30 13
1 31 89
1 32 51
1 33 91
1 34 53
1 35 32
1 36 65
1 37 88
1 38 76
1 39 16
1 40 69
1 41 74
1 42 28
1 43 37
1 44 15
1 45 1
1 46 99
1 47 74
1 48 29
1 49 91
1 50 83
1 51 34
1 52 90
1 53 0
1 54 56
1 55 10
1 56 46
1 57 56
1 58 65
1 59 93
1 60 99
1 61 7
1 62 49
1 63 61
1 64 73
1 65 41
1 66 21
1 67 1
1 68 21
1 69 55
1 70 64
1 71 86
1 72 8
1 73 15
1 74 71
1 75 68
1 76 38
1 77 93
1 78 55
1 79 46
1 80 11
1 81 39
1 82 96
1 83 28
1 84 49
1 85 98
1 86 26
1 87 85
1 88 72
1 89 1
1 90 12
1 91 96
1 92 97
1 93 33
1 94 3
1 95 79
1 96 87
1 97 40
1 98 52
2 3 19
2 4 2
2 5 52
2 6 94
2 7 62
2 8 68
2 9 47
2 10 100
2 11 2
2 12 24
2 13 81
2 14 61
2 15 52
2 16 27
2 17 16
2 18 26
2 19 98
2 20 4
2 21 83
2 22 77
2 23 20
2 24 57
2 25 22
2 26 36
2 27 40
2 28 43
2 29 79
2 30 12
2 31 73
2 32 1
2 33 75
2 34 95
2 35 95
2 36 49
2 37 30
2 38 43
2 39 56
2 40 99
2 41 10
2 42 99
2 43 38
2 44 81
2 45 88
2 46 55
2 47 100
2 48 57
2 49 52
2 50 51
2 51 57
2 52 32
2 53 100
2 54 20
2 55 73
2 56 53
2 57 0
2 58 45
2 59 1
2 60 18
2 61 81
2 62 12
2 63 53
2 64 56
2 65 13
2 66 13
2 67 16
2 68 20
2 69 15
2 70 39
2 71 75
2 72 36
2 73 29
2 74 40
2 75 99
2 76 19
2 77 94
2 78 38
2 79 73
2 80 3
2 81 18
2 82 83
2 83 94
2 84 43
2 85 99
2 86 67
2 87 13
2 88 80
2 89 20
2 90 19
2 91 9
2 92 54
2 93 26
2 94 47
2 95 7
2 96 56
2 97 7
2 98 5
3 4 43
3 5 3
3 6 24
3 7 96
3 8 55
3 9 41
3 10 6
3 11 42
3 12 15
3 13 90
3 14 80
3 15 66
3 16 71
3 17 10
3 18 5
3 19 11
3 20 80
3 21 78
3 22 9
3 23 81
3 24 26
3 25 41
3 26 13
3 27 61
3 28 99
3 29 27
3 30 76
3 31 18
3 32 83
3 33 64
3 34 39
3 35 52
3 36 55
3 37 33
3 38 5
3 39 66
3 40 31
3 41 30
3 42 39
3 43 76
3 44 0
3 45 31
3 46 60
3 47 76
3 48 40
3 49 89
3 50 94
3 51 68
3 52 100
3 53 82
3 54 21
3 55 69
3 56 54
3 57 39
3 58 65
3 59 17
3 60 0
3 61 55
3 62 98
3 63 47
3 64 33
3 65 79
3 66 65
3 67 27
3 68 3
3 69 72
3 70 15
3 71 92
3 72 6
3 73 15
3 74 5
3 75 14
3 76 18
3 77 47
3 78 79
3 79 0
3 80 8
3 81 46
3 82 69
3 83 67
3 84 49
3 85 36
3 86 78
3 87 37
3 88 94
3 89 74
3 90 28
3 91 52
3 92 69
3 93 94
3 94 5
3 95 3
3 96 23
3 97 62
3 98 98
4 5 40
4 6 5
4 7 37
4 8 30
4 9 37
4 10 4
4 11 23
4 12 90
4 13 41
4 14 26
4 15 2
4 16 30
4 17 95
4 18 57
4 19 19
4 20 18
4 21 76
4 22 6
4 23 46
4 24 97
4 25 94
4 26 46
4 27 42
4 28 46
4 29 20
4 30 62
4 31 72
4 32 80
4 33 0
4 34 18
4 35 3
4 36 58
4 37 69
4 38 39
4 39 0
4 40 64
4 41 63
4 42 39
4 43 6
4 44 94
4 45 24
4 46 10
4 47 73
4 48 12
4 49 59
4 50 60
4 51 80
4 52 79
4 53 44
4 54 99
4 55 64
4 56 78
4 57 99
4 58 36
4 59 59
4 60 52
4 61 10
4 62 49
4 63 83
4 64 55
4 65 93
4 66 72
4 67 15
4 68 65
4 69 74
4 70 48
4 71 96
4 72 46
4 73 86
4 74 4
4 75 39
4 76 58
4 77 1
4 78 85
4 79 57
4 80 98
4 81 42
4 82 61
4 83 48
4 84 3
4 85 93
4 86 88
4 87 22
4 88 68
4 89 97
4 90 55
4 91 82
4 92 49
4 93 77
4 94 8
4 95 26
4 96 24
4 97 21
4 98 41
5 6 78
5 7 57
5 8 28
5 9 3
5 10 62
5 11 58
5 12 29
5 13 32
5 14 49
5 15 35
5 16 100
5 17 92
5 18 36
5 19 3
5 20 87
5 21 60
5 22 36
5 23 90
5 24 71
5 25 46
5 26 68
5 27 84
5 28 80
5 29 74
5 30 79
5 31 80
5 32 60
5 33 49
5 34 20
5 35 37
5 36 4
5 37 22
5 38 97
5 39 6
5 40 39
5 41 92
5 42 52
5 43 46
5 44 95
5 45 8
5 46 74
5 47 86
5 48 40
5 49 53
5 50 99
5 51 25
5 52 75
5 53 64
5 54 67
5 55 68
5 56 83
5 57 36
5 58 92
5 59 67
5 60 80
5 61 55
5 62 69
5 63 93
5 64 84
5 65 79
5 66 91
5 67 81
5 68 88
5 69 18
5 70 85
5 71 22
5 72 46
5 73 75
5 74 58
5 75 67
5 76 52
5 77 16
5 78 89
5 79 11
5 80 98
5 81 77
5 82 7
5 83 5
5 84 67
5 85 63
5 86 87
5 87 44
5 88 46
5 89 42
5 90 10
5 91 64
5 92 25
5 93 46
5 94 89
5 95 29
5 96 10
5 97 71
5 98 11
6 7 53
6 8 5
6 9 76
6 10 23
6 11 12
6 12 44
6 13 51
6 14 36
6 15 46
6 16 43
6 17 61
6 18 21
6 19 59
6 20 21
6 21 37
6 22 43
6 23 12
6 24 5
6 25 60
6 26 88
6 27 82
6 28 24
6 29 94
6 30 80
6 31 35
6 32 55
6 33 3
6 34 43
6 35 86
6 36 29
6 37 92
6 38 87
6 39 6
6 40 8
6 41 16
6 42 10
6 43 91
6 44 14
6 45 95
6 46 20
6 47 92
6 48 14
6 49 62
6 50 96
6 51 46
6 52 55
6 53 7
6 54 60
6 55 96
6 56 22
6 57 90
6 58 66
6 59 56
6 60 22
6 61 97
6 62 47
6 63 94
6 64 42
6 65 17
6 66 16
6 67 9
6 68 94
6 69 29
6 70 98
6 71 80
6 72 17
6 73 84
6 74 84
6 75 65
6 76 41
6 77 61
6 78 40
6 79 82
6 80 88
6 81 57
6 82 7
6 83 42
6 84 26
6 85 84
6 86 15
6 87 39
6 88 33
6 89 48
6 90 88
6 91 1
6 92 18
6 93 84
6 94 67
6 95 32
6 96 31
6 97 19
6 98 90
7 8 62
7 9 24
7 10 72
7 11 3
7 12 2
7 13 27
7 14 11
7 15 99
7 16 48
7 17 4
7 18 76
7 19 53
7 20 75
7 21 52
7 22 9
7 23 49
7 24 41
7 25 71
7 26 59
7 27 85
7 28 4
7 29 45
7 30 33
7 31 29
7 32 17
7 33 62
7 34 78
7 35 40
7 36 57
7 37 56
7 38 3
7 39 80
7 40 25
7 41 13
7 42 65
7 43 43
7 44 70
7 45 8
7 46 72
7 47 77
7 48 25
7 49 72
7 50 58
7 51 79
7 52 9
7 53 13
7 54 95
7 55 13
7 56 61
7 57 56
7 58 83
7 59 68
7 60 68
7 61 75
7 62 51
7 63 23
7 64 43
7 65 45
7 66 65
7 67 30
7 68 25
7 69 96
7 70 64
7 71 67
7 72 82
7 73 74
7 74 73
7 75 19
7 76 75
7 77 24
7 78 51
7 79 73
7 80 47
7 81 5
7 82 77
7 83 19
7 84 25
7 85 13
7 86 14
7 87 93
7 88 52
7 89 2
7 90 41
7 91 67
7 92 76
7 93 22
7 94 65
7 95 87
7 96 63
7 97 100
7 98 6
8 9 94
8 10 80
8 11 43
8 12 56
8 13 69
8 14 77
8 15 92
8 16 57
8 17 21
8 18 16
8 19 56
8 20 29
8 21 16
8 22 57
8 23 72
8 24 30
8 25 47
8 26 61
8 27 39
8 28 9
8 29 8
8 30 40
8 31 2
8 32 79
8 33 36
8 34 10
8 35 67
8 36 90
8 37 48
8 38 57
8 39 100
8 40 14
8 41 60
8 42 69
8 43 61
8 44 56
8 45 30
8 46 22
8 47 55
8 48 26
8 49 76
8 50 82
8 51 44
8 52 64
8 53 28
8 54 98
8 55 34
8 56 55
8 57 70
8 58 37
8 59 5
8 60 62
8 61 71
8 62 24
8 63 30
8 64 29
8 65 87
8 66 22
8 67 24
8 68 31
8 69 51
8 70 33
8 71 39
8 72 6
8 73 93
8 74 28
8 75 17
8 76 31
8 77 93
8 78 90
8 79 54
8 80 79
8 81 35
8 82 18
8 83 61
8 84 36
8 85 21
8 86 97
8 87 60
8 88 45
8 89 45
8 90 32
8 91 100
8 92 89
8 93 8
8 94 87
8 95 27
8 96 4
8 97 85
8 98 32
9 10 100
9 11 96
9 12 40
9 13 72
9 14 54
9 15 19
9 16 27
9 17 53
9 18 72
9 19 12
9 20 25
9 21 27
9 22 87
9 23 46
9 24 39
9 25 29
9 26 75
9 27 92
9 28 25
9 29 65
9 30 1
9 31 91
9 32 60
9 33 46
9 34 92
9 35 86
9 36 34
9 37 98
9 38 40
9 39 41
9 40 21
9 41 46
9 42 45
9 43 25
9 44 15
9 45 70
9 46 63
9 47 41
9 48 47
9 49 91
9 50 26
9 51 88
9 52 57
9 53 59
9 54 84
9 55 13
9 56 72
9 57 69
9 58 82
9 59 72
9 60 44
9 61 83
9 62 56
9 63 45
9 64 86
9 65 37
9 66 16
9 67 45
9 68 19
9 69 3
9 70 52
9 71 90
9 72 52
9 73 41
9 74 99
9 75 91
9 76 98
9 77 83
9 78 98
9 79 79
9 80 75
9 81 78
9 82 56
9 83 56
9 84 58
9 85 80
9 86 98
9 87 12
9 88 20
9 89 86
9 90 44
9 91 92
9 92 6
9 93 31
9 94 59
9 95 17
9 96 49
9 97 77
9 98 28
10 11 65
10 12 23
10 13 87
10 14 95
10 15 54
10 16 14
10 17 22
10 18 95
10 19 63
10 20 68
10 21 3
10 22 63
10 23 49
10 24 99
10 25 22
10 26 36
10 27 89
10 28 78
10 29 35
10 30 64
10 31 10
10 32 58
10 33 12
10 34 37
10 35 72
10 36 0
10 37 16
10 38 67
10 39 97
10 40 15
10 41 37
10 42 31
10 43 40
10 44 27
10 45 65
10 46 14
10 47 79
10 48 92
10 49 50
10 50 10
10 51 46
10 52 37
10 53 99
10 54 29
10 55 50
10 56 9
10 57 71
10 58 96
10 59 22
10 60 7
10 61 40
10 62 99
10 63 47
10 64 74
10 65 36
10 66 1
10 67 3
10 68 24
10 69 86
10 70 75
10 71 9
10 72 35
10 73 17
10 74 83
10 75 55
10 76 81
10 77 33
10 78 41
10 79 30
10 80 67
10 81 40
10 82 40
10 83 35
10 84 76
10 85 43
10 86 30
10 87 19
10 88 84
10 89 35
10 90 79
10 91 82
10 92 51
10 93 95
10 94 5
10 95 83
10 96 9
10 97 56
10 98 15
11 12 32
11 13 66
11 14 6
11 15 90
11 16 6
11 17 44
11 18 33
11 19 18
11 20 41
11 21 82
11 22 83
11 23 11
11 24 58
11 25 80
11 26 81
11 27 93
11 28 30
11 29 85
11 30 24
11 31 92
11 32 51
11 33 24
11 34 61
11 35 84
11 36 96
11 37 14
11 38 68
11 39 41
11 40 31
11 41 95
11 42 67
11 43 53
11 44 45
11 45 75
11 46 83
11 47 75
11 48 33
11 49 91
11 50 79
11 51 3
11 52 56
11 53 56
11 54 72
11 55 75
11 56 23
11 57 8
11 58 23
11 59 85
11 60 63
11 61 76
11 62 17
11 63 29
11 64 31
11 65 5
11 66 96
11 67 98
11 68 13
11 69 18
11 70 18
11 71 10
11 72 89
11 73 26
11 74 43
11 75 71
11 76 53
11 77 24
11 78 42
11 79 14
11 80 66
11 81 35
11 82 62
11 83 65
11 84 71
11 85 61
11 86 78
11 87 89
11 88 47
11 89 40
11 90 65
11 91 69
11 92 60
11 93 90
11 94 12
11 95 55
11 96 79
11 97 13
11 98 9
12 13 23
12 14 52
12 15 48
12 16 44
12 17 56
12 18 93
12 19 16
12 20 78
12 21 4
12 22 44
12 23 29
12 24 40
12 25 4
12 26 19
12 27 17
12 28 19
12 29 68
12 30 85
12 31 43
12 32 24
12 33 68
12 34 93
12 35 14
12 36 48
12 37 85
12 38 6
12 39 90
12 40 95
12 41 28
12 42 42
12 43 17
12 44 74
12 45 43
12 46 90
12 47 44
12 48 35
12 49 69
12 50 2
12 51 86
12 52 32
12 53 17
12 54 56
12 55 93
12 56 84
12 57 17
12 58 45
12 59 92
12 60 26
12 61 43
12 62 76
12 63 59
12 64 73
12 65 18
12 66 77
12 67 3
12 68 73
12 69 18
12 70 23
12 71 19
12 72 71
12 73 27
12 74 12
12 75 94
12 76 54
12 77 73
12 78 4
12 79 60
12 80 87
12 81 8
12 82 70
12 83 2
12 84 0
12 85 41
12 86 70
12 87 57
12 88 6
12 89 44
12 90 12
12 91 91
12 92 36
12 93 100
12 94 73
12 95 8
12 96 83
12 97 74
12 98 93
13 14 39
13 15 94
13 16 31
13 17 75
13 18 50
13 19 52
13 20 66
13 21 33
13 22 18
13 23 93
13 24 52
13 25 41
13 26 35
13 27 39
13 28 45
13 29 59
13 30 86
13 31 48
13 32 96
13 33 60
13 34 35
13 35 70
13 36 9
13 37 82
13 38 62
13 39 33
13 40 7
13 41 6
13 42 94
13 43 35
13 44 70
13 45 26
13 46 86
13 47 31
13 48 81
13 49 5
13 50 27
13 51 36
13 52 76
13 53 44
13 54 34
13 55 6
13 56 79
13 57 24
13 58 30
13 59 59
13 60 9
13 61 16
13 62 17
13 63 73
13 64 93
13 65 40
13 66 15
13 67 33
13 68 75
13 69 8
13 70 77
13 71 87
13 72 7
13 73 36
13 74 18
13 75 58
13 76 33
13 77 96
13 78 33
13 79 70
13 80 82
13 81 42
13 82 66
13 83 37
13 84 24
13 85 64
13 86 55
13 87 68
13 88 13
13 89 42
13 90 49
13 91 75
13 92 27
13 93 35
13 94 6
13 95 82
13 96 93
13 97 28
13 98 36
14 15 42
14 16 47
14 17 82
14 18 53
14 19 0
14 20 32
14 21 2
14 22 49
14 23 0
14 24 90
14 25 45
14 26 78
14 27 69
14 28 32
14 29 27
14 30 77
14 31 69
14 32 49
14 33 35
14 34 58
14 35 12
14 36 77
14 37 1
14 38 14
14 39 20
14 40 38
14 41 51
14 42 28
14 43 78
14 44 97
14 45 95
14 46 98
14 47 15
14 48 87
14 49 74
14 50 35
14 51 45
14 52 39
14 53 86
14 54 48
14 55 23
14 56 21
14 57 29
14 58 82
14 59 81
14 60 28
14 61 100
14 62 52
14 63 96
14 64 23
14 65 46
14 66 50
14 67 48
14 68 74
14 69 94
14 70 96
14 71 42
14 72 60
14 73 38
14 74 56
14 75 38
14 76 83
14 77 63
14 78 89
14 79 96
14 80 73
14 81 52
14 82 44
14 83 0
14 84 74
14 85 98
14 86 79
14 87 58
14 88 74
14 89 45
14 90 92
14 91 31
14 92 85
14 93 5
14 94 16
14 95 23
14 96 93
14 97 6
14 98 26
15 16 30
15 17 91
15 18 58
15 19 100
15 20 40
15 21 18
15 22 33
15 23 1
15 24 43
15 25 94
15 26 37
15 27 91
15 28 6
15 29 9
15 30 60
15 31 68
15 32 22
15 33 3
15 34 29
15 35 12
15 36 12
15 37 84
15 38 77
15 39 46
15 40 84
15 41 91
15 42 43
15 43 67
15 44 17
15 45 89
15 46 55
15 47 21
15 48 34
15 49 25
15 50 79
15 51 3
15 52 13
15 53 47
15 54 11
15 55 74
15 56 42
15 57 10
15 58 47
15 59 75
15 60 62
15 61 1
15 62 3
15 63 29
15 64 87
15 65 72
15 66 79
15 67 46
15 68 76
15 69 84
15 70 26
15 71 5
15 72 11
15 73 72
15 74 76
15 75 100
15 76 95
15 77 0
15 78 12
15 79 27
15 80 99
15 81 2
15 82 29
15 83 92
15 84 91
15 85 64
15 86 22
15 87 91
15 88 87
15 89 83
15 90 56
15 91 21
15 92 31
15 93 51
15 94 72
15 95 84
15 96 11
15 97 98
15 98 52
16 17 79
16 18 33
16 19 48
16 20 66
16 21 75
16 22 36
16 23 80
16 24 21
16 25 20
16 26 52
16 27 57
16 28 89
16 29 32
16 30 96
16 31 100
16 32 49
16 33 67
16 34 42
16 35 11
16 36 22
16 37 81
16 38 44
16 39 23
16 40 15
16 41 0
16 42 26
16 43 36
16 44 27
16 45 36
16 46 84
16 47 77
16 48 69
16 49 44
16 50 79
16 51 7
16 52 65
16 53 38
16 54 71
16 55 100
16 56 0
16 57 75
16 58 16
16 59 60
16 60 25
16 61 52
16 62 99
16 63 23
16 64 77
16 65 13
16 66 92
16 67 60
16 68 62
16 69 29
16 70 5
16 71 57
16 72 26
16 73 10
16 74 30
16 75 89
16 76 4
16 77 23
16 78 41
16 79 23
16 80 38
16 81 59
16 82 8
16 83 81
16 84 79
16 85 6
16 86 14
16 87 58
16 88 58
16 89 2
16 90 26
16 91 13
16 92 42
16 93 84
16 94 16
16 95 12
16 96 62
16 97 77
16 98 56
17 18 44
17 19 75
17 20 17
17 21 36
17 22 64
17 23 47
17 24 29
17 25 3
17 26 55
17 27 8
17 28 11
17 29 24
17 30 7
17 31 43
17 32 32
17 33 36
17 34 49
17 35 57
17 36 53
17 37 42
17 38 57
17 39 52
17 40 67
17 41 87
17 42 38
17 43 38
17 44 39
17 45 68
17 46 18
17 47 33
17 48 50
17 49 77
17 50 50
17 51 5
17 52 77
17 53 45
17 54 62
17 55 46
17 56 100
17 57 24
17 58 9
17 59 29
17 60 90
17 61 36
17 62 50
17 63 7
17 64 73
17 65 26
17 66 17
17 67 68
17 68 9
17 69 72
17 70 77
17 71 80
17 72 74
17 73 68
17 74 20
17 75 54
17 76 52
17 77 17
17 78 52
17 79 98
17 80 86
17 81 37
17 82 99
17 83 19
17 84 42
17 85 85
17 86 2
17 87 33
17 88 65
17 89 75
17 90 15
17 91 24
17 92 16
17 93 75
17 94 41
17 95 38
17 96 98
17 97 57
17 98 9
18 19 99
18 20 63
18 21 59
18 22 61
18 23 70
18 24 0
18 25 13
18 26 77
18 27 58
18 28 76
18 29 38
18 30 64
18 31 13
18 32 40
18 33 42
18 34 46
18 35 56
18 36 94
18 37 62
18 38 26
18 39 20
18 40 9
18 41 59
18 42 33
18 43 26
18 44 73
18 45 83
18 46 97
18 47 87
18 48 36
18 49 62
18 50 59
18 51 93
18 52 18
18 53 93
18 54 12
18 55 7
18 56 89
18 57 93
18 58 82
18 59 69
18 60 29
18 61 75
18 62 46
18 63 57
18 64 94
18 65 32
18 66 58
18 67 36
18 68 95
18 69 58
18 70 29
18 71 44
18 72 74
18 73 98
18 74 49
18 75 91
18 76 91
18 77 1
18 78 12
18 79 48
18 80 32
18 81 54
18 82 1
18 83 32
18 84 85
18 85 38
18 86 51
18 87 29
18 88 58
18 89 0
18 90 53
18 91 66
18 92 92
18 93 16
18 94 2
18 95 100
18 96 12
18 97 100
18 98 44
19 20 8
19 21 44
19 22 62
19 23 70
19 24 89
19 25 16
19 26 29
19 27 53
19 28 51
19 29 72
19 30 24
19 31 67
19 32 2
19 33 51
19 34 26
19 35 99
19 36 35
19 37 99
19 38 52
19 39 50
19 40 5
19 41 15
19 42 53
19 43 30
19 44 6
19 45 86
19 46 85
19 47 81
19 48 36
19 49 51
19 50 23
19 51 74
19 52 67
19 53 63
19 54 41
19 55 78
19 56 24
19 57 20
19 58 78
19 59 40
19 60 18
19 61 0
19 62 78
19 63 53
19 64 91
19 65 86
19 66 30
19 67 48
19 68 8
19 69 77
19 70 99
19 71 18
19 72 78
19 73 95
19 74 85
19 75 95
19 76 82
19 77 26
19 78 79
19 79 16
19 80 36
19 81 94
19 82 0
19 83 66
19 84 27
19 85 62
19 86 15
19 87 14
19 88 6
19 89 21
19 90 25
19 91 71
19 92 39
19 93 84
19 94 41
19 95 41
19 96 55
19 97 8
19 98 64
20 21 3
20 22 27
20 23 32
20 24 22
20 25 20
20 26 91
20 27 97
20 28 25
20 29 99
20 30 37
20 31 84
20 32 67
20 33 53
20 34 90
20 35 82
20 36 63
20 37 51
20 38 77
20 39 78
20 40 80
20 41 6
20 42 63
20 43 41
20 44 37
20 45 16
20 46 67
20 47 5
20 48 15
20 49 87
20 50 86
20 51 79
20 52 99
20 53 47
20 54 26
20 55 52
20 56 38
20 57 98
20 58 91
20 59 98
20 60 27
20 61 55
20 62 98
20 63 51
20 64 5
20 65 6
20 66 11
20 67 41
20 68 86
20 69 34
20 70 44
20 71 98
20 72 51
20 73 49
20 74 6
20 75 99
20 76 5
20 77 31
20 78 66
20 79 27
20 80 38
20 81 5
20 82 35
20 83 91
20 84 62
20 85 70
20 86 37
20 87 33
20 88 23
20 89 45
20 90 82
20 91 70
20 92 83
20 93 66
20 94 91
20 95 2
20 96 11
20 97 68
20 98 71
21 22 76
21 23 63
21 24 58
21 25 87
21 26 68
21 27 56
21 28 86
21 29 94
21 30 52
21 31 75
21 32 89
21 33 40
21 34 51
21 35 78
21 36 85
21 37 33
21 38 71
21 39 84
21 40 2
21 41 69
21 42 36
21 43 15
21 44 93
21 45 5
21 46 72
21 47 38
21 48 65
21 49 0
21 50 86
21 51 25
21 52 53
21 53 42
21 54 70
21 55 80
21 56 22
21 57 68
21 58 1
21 59 82
21 60 59
21 61 49
21 62 86
21 63 38
21 64 5
21 65 46
21 66 100
21 67 20
21 68 21
21 69 60
21 70 92
21 71 13
21 72 70
21 73 79
21 74 61
21 75 95
21 76 2
21 77 76
21 78 19
21 79 76
21 80 30
21 81 10
21 82 17
21 83 64
21 84 50
21 85 64
21 86 45
21 87 93
21 88 77
21 89 34
21 90 54
21 91 22
21 92 0
21 93 86
21 94 78
21 95 15
21 96 85
21 97 57
21 98 32
22 23 72
22 24 75
22 25 12
22 26 71
22 27 86
22 28 47
22 29 98
22 30 52
22 31 72
22 32 53
22 33 9
22 34 31
22 35 28
22 36 78
22 37 14
22 38 57
22 39 20
22 40 21
22 41 2
22 42 90
22 43 1
22 44 2
22 45 62
22 46 61
22 47 84
22 48 64
22 49 42
22 50 93
22 51 97
22 52 68
22 53 96
22 54 75
22 55 33
22 56 25
22 57 85
22 58 8
22 59 93
22 60 98
22 61 73
22 62 3
22 63 84
22 64 94
22 65 0
22 66 70
22 67 75
22 68 98
22 69 13
22 70 3
22 71 62
22 72 67
22 73 40
22 74 46
22 75 46
22 76 10
22 77 22
22 78 44
22 79 36
22 80 44
22 81 11
22 82 37
22 83 47
22 84 67
22 85 94
22 86 96
22 87 35
22 88 93
22 89 91
22 90 93
22 91 86
22 92 39
22 93 48
22 94 5
22 95 56
22 96 22
22 97 59
22 98 43
23 24 43
23 25 64
23 26 65
23 27 19
23 28 89
23 29 51
23 30 88
23 31 39
23 32 44
23 33 95
23 34 89
23 35 45
23 36 58
23 37 56
23 38 38
23 39 75
23 40 56
23 41 66
23 42 99
23 43 38
23 44 68
23 45 19
23 46 95
23 47 0
23 48 33
23 49 67
23 50 83
23 51 81
23 52 8
23 53 22
23 54 6
23 55 96
23 56 15
23 57 35
23 58 99
23 59 8
23 60 56
23 61 73
23 62 65
23 63 14
23 64 80
23 65 53
23 66 46
23 67 10
23 68 5
23 69 0
23 70 77
23 71 23
23 72 0
23 73 88
23 74 89
23 75 3
23 76 31
23 77 74
23 78 91
23 79 2
23 80 51
23 81 75
23 82 91
23 83 28
23 84 42
23 85 3
23 86 45
23 87 61
23 88 81
23 89 91
23 90 7
23 91 14
23 92 23
23 93 9
23 94 3
23 95 31
23 96 91
23 97 42
23 98 91
24 25 87
24 26 37
24 27 19
24 28 31
24 29 52
24 30 55
24 31 89
24 32 60
24 33 59
24 34 30
24 35 42
24 36 29
24 37 70
24 38 53
24 39 74
24 40 88
24 41 44
24 42 93
24 43 74
24 44 9
24 45 86
24 46 55
24 47 73
24 48 87
24 49 83
24 50 84
24 51 20
24 52 81
24 53 84
24 54 46
24 55 1
24 56 25
24 57 58
24 58 30
24 59 11
24 60 62
24 61 91
24 62 46
24 63 19
24 64 13
24 65 47
24 66 98
24 67 88
24 68 56
24 69 40
24 70 14
24 71 20
24 72 91
24 73 10
24 74 69
24 75 15
24 76 29
24 77 77
24 78 5
24 79 68
24 80 4
24 81 15
24 82 69
24 83 31
24 84 26
24 85 49
24 86 63
24 87 93
24 88 92
24 89 64
24 90 4
24 91 12
24 92 87
24 93 55
24 94 80
24 95 32
24 96 49
24 97 6
24 98 77
25 26 50
25 27 17
25 28 59
25 29 33
25 30 37
25 31 15
25 32 16
25 33 45
25 34 28
25 35 27
25 36 73
25 37 71
25 38 91
25 39 70
25 40 54
25 41 94
25 42 43
25 43 3
25 44 76
25 45 8
25 46 22
25 47 67
25 48 28
25 49 81
25 50 86
25 51 50
25 52 51
25 53 35
25 54 20
25 55 79
25 56 69
25 57 93
25 58 96
25 59 11
25 60 24
25 61 33
25 62 91
25 63 41
25 64 67
25 65 33
25 66 40
25 67 31
25 68 51
25 69 21
25 70 48
25 71 31
25 72 73
25 73 30
25 74 81
25 75 35
25 76 47
25 77 30
25 78 26
25 79 20
25 80 81
25 81 67
25 82 1
25 83 14
25 84 20
25 85 25
25 86 4
25 87 55
25 88 31
25 89 69
25 90 96
25 91 26
25 92 53
25 93 86
25 94 1
25 95 5
25 96 99
25 97 3
25 98 13
26 27 47
26 28 85
26 29 64
26 30 23
26 31 61
26 32 3
26 33 39
26 34 48
26 35 13
26 36 41
26 37 40
26 38 61
26 39 66
26 40 10
26 41 99
26 42 26
26 43 11
26 44 69
26 45 36
26 46 25
26 47 33
26 48 9
26 49 52
26 50 64
26 51 64
26 52 94
26 53 18
26 54 69
26 55 36
26 56 96
26 57 49
26 58 3
26 59 11
26 60 44
26 61 58
26 62 8
26 63 57
26 64 1
26 65 76
26 66 86
26 67 71
26 68 9
26 69 78
26 70 40
26 71 4
26 72 6
26 73 29
26 74 93
26 75 55
26 76 4
26 77 60
26 78 42
26 79 15
26 80 56
26 81 77
26 82 26
26 83 22
26 84 65
26 85 87
26 86 74
26 87 94
26 88 47
26 89 75
26 90 49
26 91 73
26 92 27
26 93 60
26 94 89
26 95 44
26 96 76
26 97 37
26 98 30
27 28 44
27 29 64
27 30 80
27 31 25
27 32 60
27 33 21
27 34 76
27 35 83
27 36 1
27 37 12
27 38 68
27 39 79
27 40 21
27 41 9
27 42 4
27 43 44
27 44 66
27 45 88
27 46 90
27 47 26
27 48 36
27 49 49
27 50 19
27 51 2
27 52 26
27 53 56
27 54 2
27 55 16
27 56 30
27 57 30
27 58 69
27 59 59
27 60 57
27 61 51
27 62 81
27 63 26
27 64 60
27 65 30
27 66 35
27 67 92
27 68 76
27 69 37
27 70 80
27 71 83
27 72 20
27 73 75
27 74 6
27 75 80
27 76 76
27 77 47
27 78 61
27 79 27
27 80 48
27 81 40
27 82 14
27 83 15
27 84 56
27 85 9
27 86 57
27 87 100
27 88 88
27 89 37
27 90 0
27 91 48
27 92 98
27 93 68
27 94 49
27 95 7
27 96 16
27 97 91
27 98 10
28 29 42
28 30 6
28 31 61
28 32 72
28 33 20
28 34 83
28 35 26
28 36 51
28 37 94
28 38 33
28 39 3
28 40 20
28 41 1
28 42 81
28 43 71
28 44 73
28 45 84
28 46 16
28 47 84
28 48 29
28 49 45
28 50 99
28 51 41
28 52 51
28 53 25
28 54 54
28 55 90
28 56 94
28 57 24
28 58 56
28 59 40
28 60 54
28 61 65
28 62 33
28 63 61
28 64 14
28 65 1
28 66 65
28 67 6
28 68 67
28 69 28
28 70 33
28 71 30
28 72 50
28 73 95
28 74 81
28 75 52
28 76 66
28 77 50
28 78 33
28 79 33
28 80 11
28 81 62
28 82 70
28 83 91
28 84 33
28 85 47
28 86 40
28 87 92
28 88 78
28 89 41
28 90 33
28 91 37
28 92 2
28 93 39
28 94 58
28 95 29
28 96 86
28 97 52
28 98 88
29 30 71
29 31 75
29 32 93
29 33 41
29 34 54
29 35 87
29 36 62
29 37 52
29 38 92
29 39 91
29 40 72
29 41 74
29 42 17
29 43 19
29 44 75
29 45 15
29 46 63
29 47 79
29 48 20
29 49 34
29 50 63
29 51 68
29 52 4
29 53 42
29 54 84
29 55 81
29 56 54
29 57 49
29 58 3
29 59 65
29 60 14
29 61 79
29 62 13
29 63 54
29 64 83
29 65 97
29 66 33
29 67 45
29 68 100
29 69 80
29 70 29
29 71 63
29 72 50
29 73 18
29 74 50
29 75 50
29 76 19
29 77 90
29 78 22
29 79 32
29 80 21
29 81 62
29 82 11
29 83 53
29 84 66
29 85 74
29 86 76
29 87 96
29 88 40
29 89 3
29 90 15
29 91 3
29 92 51
29 93 88
29 94 11
29 95 18
29 96 77
29 97 70
29 98 26
30 31 20
30 32 38
30 33 56
30 34 28
30 35 48
30 36 17
30 37 53
30 38 28
30 39 18
30 40 9
30 41 69
30 42 91
30 43 11
30 44 38
30 45 51
30 46 73
30 47 8
30 48 40
30 49 9
30 50 14
30 51 64
30 52 43
30 53 20
30 54 5
30 55 70
30 56 40
30 57 60
30 58 54
30 59 89
30 60 11
30 61 46
30 62 39
30 63 68
30 64 72
30 65 35
30 66 80
30 67 35
30 68 68
30 69 29
30 70 64
30 71 53
30 72 63
30 73 45
30 74 61
30 75 11
30 76 99
30 77 49
30 78 69
30 79 64
30 80 75
30 81 81
30 82 88
30 83 5
30 84 35
30 85 1
30 86 28
30 87 32
30 88 18
30 89 24
30 90 10
30 91 14
30 92 67
30 93 95
30 94 0
30 95 50
30 96 80
30 97 84
30 98 13
31 32 48
31 33 38
31 34 76
31 35 36
31 36 35
31 37 46
31 38 71
31 39 4
31 40 36
31 41 52
31 42 60
31 43 71
31 44 17
31 45 55
31 46 48
31 47 96
31 48 44
31 49 60
31 50 2
31 51 45
31 52 89
31 53 4
31 54 78
31 55 97
31 56 7
31 57 8
31 58 8
31 59 2
31 60 92
31 61 58
31 62 18
31 63 5
31 64 76
31 65 24
31 66 57
31 67 22
31 68 60
31 69 77
31 70 91
31 71 86
31 72 77
31 73 20
31 74 14
31 75 33
31 76 60
31 77 59
31 78 10
31 79 21
31 80 5
31 81 8
31 82 3
31 83 8
31 84 19
31 85 40
31 86 87
31 87 65
31 88 100
31 89 89
31 90 51
31 91 72
31 92 34
31 93 61
31 94 12
31 95 12
31 96 6
31 97 69
31 98 44
32 33 61
32 34 31
32 35 39
32 36 35
32 37 24
32 38 74
32 39 66
32 40 60
32 41 4
32 42 65
32 43 80
32 44 63
32 45 96
32 46 95
32 47 61
32 48 31
32 49 26
32 50 85
32 51 58
32 52 30
32 53 39
32 54 60
32 55 4
32 56 82
32 57 46
32 58 32
32 59 81
32 60 30
32 61 95
32 62 92
32 63 51
32 64 79
32 65 3
32 66 50
32 67 40
32 68 6
32 69 71
32 70 24
32 71 33
32 72 50
32 73 2
32 74 83
32 75 74
32 76 82
32 77 65
32 78 6
32 79 9
32 80 28
32 81 85
32 82 100
32 83 13
32 84 85
32 85 66
32 86 23
32 87 39
32 88 92
32 89 86
32 90 17
32 91 85
32 92 46
32 93 97
32 94 70
32 95 32
32 96 15
32 97 36
32 98 20
33 34 96
33 35 55
33 36 48
33 37 69
33 38 75
33 39 62
33 40 78
33 41 91
33 42 95
33 43 69
33 44 37
33 45 88
33 46 34
33 47 65
33 48 30
33 49 62
33 50 92
33 51 13
33 52 36
33 53 58
33 54 73
33 55 23
33 56 90
33 57 29
33 58 72
33 59 44
33 60 82
33 61 27
33 62 18
33 63 91
33 64 80
33 65 72
33 66 42
33 67 32
33 68 93
33 69 42
33 70 5
33 71 43
33 72 46
33 73 2
33 74 2
33 75 26
33 76 63
33 77 76
33 78 14
33 79 52
33 80 83
33 81 74
33 82 76
33 83 93
33 84 8
33 85 32
33 86 35
33 87 19
33 88 23
33 89 10
33 90 0
33 91 60
33 92 21
33 93 72
33 94 63
33 95 18
33 96 16
33 97 94
33 98 32
34 35 77
34 36 54
34 37 94
34 38 33
34 39 80
34 40 60
34 41 24
34 42 59
34 43 70
34 44 3
34 45 61
34 46 95
34 47 93
34 48 15
34 49 84
34 50 12
34 51 6
34 52 23
34 53 33
34 54 23
34 55 73
34 56 93
34 57 53
34 58 38
34 59 4
34 60 21
34 61 5
34 62 71
34 63 83
34 64 47
34 65 6
34 66 70
34 67 14
34 68 40
34 69 47
34 70 6
34 71 74
34 72 29
34 73 19
34 74 28
34 75 88
34 76 48
34 77 79
34 78 72
34 79 39
34 80 99
34 81 39
34 82 27
34 83 63
34 84 19
34 85 76
34 86 17
34 87 12
34 88 37
34 89 94
34 90 11
34 91 88
34 92 94
34 93 78
34 94 46
34 95 91
34 96 1
34 97 84
34 98 96
35 36 17
35 37 60
35 38 9
35 39 21
35 40 60
35 41 61
35 42 74
35 43 4
35 44 48
35 45 27
35 46 0
35 47 58
35 48 25
35 49 55
35 50 38
35 51 55
35 52 5
35 53 35
35 54 33
35 55 55
35 56 65
35 57 41
35 58 0
35 59 80
35 60 84
35 61 22
35 62 72
35 63 34
35 64 4
35 65 53
35 66 1
35 67 18
35 68 15
35 69 84
35 70 52
35 71 34
35 72 50
35 73 76
35 74 9
35 75 35
35 76 69
35 77 13
35 78 2
35 79 42
35 80 62
35 81 27
35 82 93
35 83 67
35 84 35
35 85 77
35 86 46
35 87 36
35 88 10
35 89 25
35 90 38
35 91 97
35 92 45
35 93 66
35 94 23
35 95 18
35 96 47
35 97 86
35 98 47
36 37 41
36 38 71
36 39 99
36 40 1
36 41 74
36 42 5
36 43 84
36 44 9
36 45 13
36 46 19
36 47 26
36 48 50
36 49 1
36 50 3
36 51 82
36 52 81
36 53 19
36 54 52
36 55 58
36 56 67
36 57 77
36 58 1
36 59 74
36 60 57
36 61 77
36 62 62
36 63 34
36 64 21
36 65 67
36 66 50
36 67 6
36 68 16
36 69 96
36 70 92
36 71 5
36 72 26
36 73 99
36 74 78
36 75 21
36 76 30
36 77 34
36 78 67
36 79 67
36 80 13
36 81 6
36 82 62
36 83 83
36 84 38
36 85 24
36 86 50
36 87 85
36 88 43
36 89 54
36 90 79
36 91 63
36 92 16
36 93 35
36 94 29
36 95 24
36 96 55
36 97 40
36 98 73
37 38 67
37 39 5
37 40 85
37 41 97
37 42 0
37 43 70
37 44 7
37 45 23
37 46 53
37 47 79
37 48 1
37 49 21
37 50 67
37 51 63
37 52 65
37 53 100
37 54 44
37 55 74
37 56 84
37 57 70
37 58 57
37 59 83
37 60 10
37 61 54
37 62 4
37 63 24
37 64 30
37 65 23
37 66 18
37 67 63
37 68 37
37 69 5
37 70 48
37 71 81
37 72 38
37 73 68
37 74 73
37 75 93
37 76 23
37 77 20
37 78 17
37 79 89
37 80 21
37 81 62
37 82 53
37 83 21
37 84 59
37 85 20
37 86 62
37 87 77
37 88 25
37 89 7
37 90 8
37 91 10
37 92 2
37 93 32
37 94 38
37 95 26
37 96 43
37 97 43
37 98 10
38 39 34
38 40 59
38 41 28
38 42 5
38 43 73
38 44 41
38 45 27
38 46 83
38 47 98
38 48 21
38 49 41
38 50 69
38 51 3
38 52 27
38 53 34
38 54 83
38 55 58
38 56 23
38 57 68
38 58 84
38 59 43
38 60 48
38 61 38
38 62 30
38 63 64
38 64 85
38 65 39
38 66 2
38 67 28
38 68 79
38 69 21
38 70 39
38 71 70
38 72 68
38 73 48
38 74 34
38 75 85
38 76 94
38 77 13
38 78 0
38 79 1
38 80 53
38 81 46
38 82 92
38 83 8
38 84 73
38 85 68
38 86 17
38 87 84
38 88 55
38 89 91
38 90 2
38 91 16
38 92 50
38 93 3
38 94 15
38 95 25
38 96 94
38 97 7
38 98 72
39 40 24
39 41 62
39 42 11
39 43 28
39 44 1
39 45 97
39 46 64
39 47 59
39 48 10
39 49 1
39 50 42
39 51 43
39 52 58
39 53 50
39 54 14
39 55 58
39 56 34
39 57 0
39 58 51
39 59 1
39 60 74
39 61 91
39 62 59
39 63 9
39 64 76
39 65 3
39 66 37
39 67 24
39 68 4
39 69 59
39 70 87
39 71 66
39 72 0
39 73 50
39 74 3
39 75 72
39 76 77
39 77 9
39 78 29
39 79 72
39 80 91
39 81 32
39 82 96
39 83 7
39 84 11
39 85 34
39 86 90
39 87 100
39 88 62
39 89 23
39 90 31
39 91 2
39 92 29
39 93 78
39 94 56
39 95 70
39 96 96
39 97 61
39 98 16
40 41 9
40 42 42
40 43 17
40 44 80
40 45 90
40 46 87
40 47 77
40 48 86
40 49 22
40 50 53
40 51 91
40 52 83
40 53 51
40 54 0
40 55 49
40 56 84
40 57 7
40 58 44
40 59 85
40 60 46
40 61 82
40 62 58
40 63 53
40 64 89
40 65 46
40 66 88
40 67 95
40 68 82
40 69 24
40 70 38
40 71 6
40 72 98
40 73 100
40 74 6
40 75 41
40 76 54
40 77 39
40 78 99
40 79 80
40 80 25
40 81 62
40 82 54
40 83 59
40 84 58
40 85 99
40 86 92
40 87 69
40 88 67
40 89 11
40 90 36
40 91 68
40 92 97
40 93 24
40 94 17
40 95 46
40 96 50
40 97 33
40 98 26
41 42 81
41 43 62
41 44 65
41 45 25
41 46 33
41 47 71
41 48 40
41 49 21
41 50 48
41 51 49
41 52 90
41 53 2
41 54 13
41 55 86
41 56 13
41 57 6
41 58 93
41 59 88
41 60 77
41 61 71
41 62 5
41 63 18
41 64 18
41 65 97
41 66 29
41 67 65
41 68 73
41 69 45
41 70 72
41 71 3
41 72 61
41 73 29
41 74 8
41 75 75
41 76 16
41 77 18
41 78 87
41 79 40
41 80 66
41 81 25
41 82 92
41 83 0
41 84 4
41 85 72
41 86 44
41 87 53
41 88 41
41 89 14
41 90 71
41 91 60
41 92 85
41 93 56
41 94 79
41 95 64
41 96 13
41 97 30
41 98 90
42 43 63
42 44 84
42 45 39
42 46 52
42 47 53
42 48 34
42 49 83
42 50 90
42 51 81
42 52 95
42 53 89
42 54 96
42 55 53
42 56 93
42 57 4
42 58 10
42 59 14
42 60 6
42 61 13
42 62 34
42 63 91
42 64 34
42 65 57
42 66 55
42 67 52
42 68 53
42 69 51
42 70 21
42 71 21
42 72 29
42 73 76
42 74 52
42 75 7
42 76 39
42 77 95
42 78 39
42 79 41
42 80 90
42 81 43
42 82 65
42 83 46
42 84 71
42 85 61
42 86 28
42 87 73
42 88 64
42 89 80
42 90 24
42 91 95
42 92 3
42 93 13
42 94 50
42 95 9
42 96 57
42 97 10
42 98 74
43 44 47
43 45 1
43 46 52
43 47 53
43 48 36
43 49 62
43 50 37
43 51 5
43 52 41
43 53 42
43 54 93
43 55 44
43 56 18
43 57 49
43 58 14
43 59 16
43 60 6
43 61 75
43 62 25
43 63 82
43 64 22
43 65 29
43 66 69
43 67 50
43 68 69
43 69 70
43 70 9
43 71 92
43 72 57
43 73 94
43 74 58
43 75 29
43 76 28
43 77 22
43 78 51
43 79 22
43 80 67
43 81 65
43 82 71
43 83 21
43 84 42
43 85 70
43 86 3
43 87 72
43 88 53
43 89 5
43 90 70
43 91 2
43 92 91
43 93 45
43 94 49
43 95 28
43 96 34
43 97 39
43 98 64
44 45 1
44 46 45
44 47 58
44 48 6
44 49 55
44 50 80
44 51 2
44 52 8
44 53 100
44 54 86
44 55 37
44 56 54
44 57 91
44 58 40
44 59 79
44 60 96
44 61 96
44 62 77
44 63 66
44 64 77
44 65 2
44 66 24
44 67 30
44 68 83
44 69 68
44 70 40
44 71 40
44 72 77
44 73 33
44 74 87
44 75 76
44 76 1
44 77 91
44 78 76
44 79 90
44 80 11
44 81 3
44 82 48
44 83 71
44 84 16
44 85 7
44 86 30
44 87 15
44 88 38
44 89 84
44 90 9
44 91 75
44 92 31
44 93 26
44 94 46
44 95 44
44 96 87
44 97 29
44 98 44
45 46 45
45 47 90
45 48 87
45 49 12
45 50 41
45 51 49
45 52 66
45 53 3
45 54 77
45 55 60
45 56 9
45 57 37
45 58 60
45 59 69
45 60 47
45 61 70
45 62 70
45 63 53
45 64 92
45 65 89
45 66 1
45 67 60
45 68 9
45 69 84
45 70 82
45 71 53
45 72 4
45 73 23
45 74 27
45 75 75
45 76 53
45 77 3
45 78 82
45 79 21
45 80 64
45 81 73
45 82 9
45 83 93
45 84 100
45 85 77
45 86 11
45 87 34
45 88 4
45 89 45
45 90 87
45 91 3
45 92 34
45 93 23
45 94 48
45 95 96
45 96 55
45 97 99
45 98 18
46 47 1
46 48 62
46 49 49
46 50 37
46 51 97
46 52 13
46 53 20
46 54 64
46 55 6
46 56 86
46 57 48
46 58 21
46 59 34
46 60 76
46 61 50
46 62 56
46 63 19
46 64 51
46 65 72
46 66 47
46 67 49
46 68 86
46 69 2
46 70 76
46 71 99
46 72 19
46 73 24
46 74 100
46 75 49
46 76 34
46 77 7
46 78 10
46 79 33
46 80 3
46 81 93
46 82 11
46 83 62
46 84 81
46 85 91
46 86 77
46 87 24
46 88 64
46 89 92
46 90 71
46 91 70
46 92 30
46 93 26
46 94 52
46 95 1
46 96 60
46 97 42
46 98 86
47 48 29
47 49 92
47 50 26
47 51 7
47 52 19
47 53 7
47 54 6
47 55 64
47 56 72
47 57 60
47 58 64
47 59 34
47 60 18
47 61 94
47 62 58
47 63 88
47 64 85
47 65 84
47 66 30
47 67 81
47 68 70
47 69 74
47 70 40
47 71 49
47 72 88
47 73 2
47 74 74
47 75 47
47 76 44
47 77 21
47 78 22
47 79 55
47 80 24
47 81 64
47 82 74
47 83 61
47 84 43
47 85 43
47 86 20
47 87 86
47 88 48
47 89 83
47 90 95
47 91 98
47 92 95
47 93 70
47 94 95
47 95 67
47 96 86
47 97 52
47 98 59
48 49 72
48 50 79
48 51 41
48 52 65
48 53 65
48 54 29
48 55 98
48 56 42
48 57 10
48 58 48
48 59 53
48 60 68
48 61 13
48 62 57
48 63 3
48 64 100
48 65 71
48 66 88
48 67 44
48 68 49
48 69 55
48 70 30
48 71 91
48 72 2
48 73 67
48 74 90
48 75 35
48 76 4
48 77 40
48 78 2
48 79 75
48 80 81
48 81 77
48 82 22
48 83 19
48 84 82
48 85 65
48 86 21
48 87 34
48 88 71
48 89 36
48 90 48
48 91 28
48 92 41
48 93 15
48 94 100
48 95 85
48 96 58
48 97 28
48 98 1
49 50 41
49 51 81
49 52 94
49 53 53
49 54 56
49 55 52
49 56 87
49 57 14
49 58 3
49 59 6
49 60 95
49 61 10
49 62 33
49 63 10
49 64 69
49 65 33
49 66 42
49 67 15
49 68 52
49 69 3
49 70 69
49 71 45
49 72 42
49 73 6
49 74 58
49 75 68
49 76 18
49 77 27
49 78 19
49 79 32
49 80 24
49 81 71
49 82 27
49 83 51
49 84 78
49 85 7
49 86 29
49 87 63
49 88 41
49 89 30
49 90 84
49 91 28
49 92 60
49 93 86
49 94 27
49 95 31
49 96 0
49 97 13
49 98 6
50 51 53
50 52 49
50 53 78
50 54 84
50 55 24
50 56 46
50 57 71
50 58 67
50 59 28
50 60 34
50 61 88
50 62 45
50 63 13
50 64 28
50 65 77
50 66 95
50 67 0
50 68 20
50 69 26
50 70 70
50 71 65
50 72 52
50 73 14
50 74 97
50 75 39
50 76 8
50 77 27
50 78 26
50 79 99
50 80 76
50 81 99
50 82 9
50 83 15
50 84 20
50 85 21
50 86 40
50 87 24
50 88 64
50 89 91
50 90 90
50 91 5
50 92 35
50 93 35
50 94 84
50 95 82
50 96 43
50 97 92
50 98 70
51 52 97
51 53 95
51 54 60
51 55 78
51 56 26
51 57 28
51 58 29
51 59 57
51 60 23
51 61 19
51 62 17
51 63 93
51 64 7
51 65 25
51 66 34
51 67 52
51 68 27
51 69 56
51 70 5
51 71 85
51 72 61
51 73 51
51 74 60
51 75 31
51 76 72
51 77 87
51 78 53
51 79 10
51 80 40
51 81 13
51 82 91
51 83 67
51 84 0
51 85 70
51 86 48
51 87 93
51 88 64
51 89 25
51 90 81
51 91 9
51 92 32
51 93 2
51 94 73
51 95 34
51 96 20
51 97 42
51 98 40
52 53 94
52 54 47
52 55 11
52 56 1
52 57 100
52 58 25
52 59 36
52 60 2
52 61 31
52 62 98
52 63 60
52 64 88
52 65 63
52 66 77
52 67 6
52 68 37
52 69 9
52 70 76
52 71 2
52 72 91
52 73 38
52 74 70
52 75 0
52 76 24
52 77 75
52 78 48
52 79 75
52 80 51
52 81 4
52 82 95
52 83 86
52 84 54
52 85 29
52 86 15
52 87 68
52 88 36
52 89 92
52 90 67
52 91 43
52 92 46
52 93 7
52 94 1
52 95 56
52 96 83
52 97 75
52 98 14
53 54 81
53 55 27
53 56 34
53 57 83
53 58 34
53 59 15
53 60 25
53 61 72
53 62 22
53 63 81
53 64 84
53 65 19
53 66 90
53 67 85
53 68 32
53 69 62
53 70 67
53 71 90
53 72 68
53 73 90
53 74 76
53 75 68
53 76 30
53 77 37
53 78 72
53 79 68
53 80 68
53 81 86
53 82 91
53 83 1
53 84 90
53 85 0
53 86 67
53 87 24
53 88 37
53 89 68
53 90 72
53 91 61
53 92 73
53 93 54
53 94 58
53 95 35
53 96 63
53 97 44
53 98 59
54 55 73
54 56 19
54 57 30
54 58 32
54 59 53
54 60 43
54 61 18
54 62 13
54 63 8
54 64 6
54 65 46
54 66 60
54 67 28
54 68 8
54 69 62
54 70 28
54 71 14
54 72 29
54 73 66
54 74 81
54 75 32
54 76 3
54 77 31
54 78 44
54 79 79
54 80 75
54 81 16
54 82 34
54 83 64
54 84 70
54 85 11
54 86 98
54 87 48
54 88 39
54 89 71
54 90 56
54 91 87
54 92 96
54 93 26
54 94 36
54 95 58
54 96 30
54 97 49
54 98 40
55 56 56
55 57 13
55 58 89
55 59 51
55 60 43
55 61 43
55 62 37
55 63 88
55 64 65
55 65 27
55 66 77
55 67 55
55 68 62
55 69 25
55 70 21
55 71 50
55 72 36
55 73 41
55 74 5
55 75 54
55 76 45
55 77 70
55 78 78
55 79 61
55 80 52
55 81 92
55 82 9
55 83 25
55 84 26
55 85 59
55 86 37
55 87 61
55 88 41
55 89 75
55 90 93
55 91 65
55 92 95
55 93 20
55 94 77
55 95 59
55 96 23
55 97 15
55 98 15
56 57 76
56 58 51
56 59 78
56 60 36
56 61 10
56 62 69
56 63 1
56 64 57
56 65 33
56 66 36
56 67 6
56 68 96
56 69 98
56 70 44
56 71 53
56 72 90
56 73 44
56 74 33
56 75 42
56 76 7
56 77 55
56 78 88
56 79 35
56 80 49
56 81 24
56 82 96
56 83 22
56 84 98
56 85 70
56 86 8
56 87 92
56 88 5
56 89 54
56 90 87
56 91 31
56 92 89
56 93 10
56 94 50
56 95 96
56 96 20
56 97 98
56 98 31
57 58 6
57 59 85
57 60 16
57 61 67
57 62 48
57 63 9
57 64 27
57 65 65
57 66 58
57 67 67
57 68 75
57 69 47
57 70 22
57 71 10
57 72 92
57 73 39
57 74 8
57 75 100
57 76 15
57 77 53
57 78 62
57 79 46
57 80 40
57 81 54
57 82 84
57 83 76
57 84 18
57 85 98
57 86 58
57 87 66
57 88 50
57 89 42
57 90 0
57 91 13
57 92 9
57 93 12
57 94 60
57 95 35
57 96 29
57 97 56
57 98 58
58 59 52
58 60 25
58 61 39
58 62 9
58 63 7
58 64 51
58 65 36
58 66 23
58 67 57
58 68 93
58 69 18
58 70 61
58 71 8
58 72 3
58 73 91
58 74 58
58 75 16
58 76 28
58 77 6
58 78 100
58 79 80
58 80 68
58 81 35
58 82 87
58 83 27
58 84 25
58 85 39
58 86 54
58 87 3
58 88 54
58 89 7
58 90 86
58 91 83
58 92 86
58 93 21
58 94 64
58 95 6
58 96 15
58 97 20
58 98 33
59 60 49
59 61 51
59 62 22
59 63 75
59 64 77
59 65 95
59 66 36
59 67 7
59 68 92
59 69 0
59 70 43
59 71 86
59 72 77
59 73 79
59 74 14
59 75 10
59 76 65
59 77 54
59 78 15
59 79 99
59 80 62
59 81 93
59 82 4
59 83 86
59 84 63
59 85 91
59 86 58
59 87 6
59 88 11
59 89 96
59 90 80
59 91 83
59 92 99
59 93 29
59 94 92
59 95 13
59 96 80
59 97 51
59 98 37
60 61 41
60 62 56
60 63 66
60 64 58
60 65 33
60 66 28
60 67 46
60 68 50
60 69 47
60 70 15
60 71 74
60 72 15
60 73 32
60 74 57
60 75 44
60 76 27
60 77 63
60 78 60
60 79 36
60 80 29
60 81 73
60 82 88
60 83 39
60 84 72
60 85 0
60 86 100
60 87 47
60 88 32
60 89 8
60 90 14
60 91 11
60 92 67
60 93 16
60 94 26
60 95 0
60 96 6
60 97 9
60 98 39
61 62 1
61 63 15
61 64 57
61 65 11
61 66 51
61 67 84
61 68 7
61 69 62
61 70 38
61 71 24
61 72 73
61 73 15
61 74 34
61 75 12
61 76 86
61 77 61
61 78 23
61 79 84
61 80 76
61 81 13
61 82 2
61 83 6
61 84 40
61 85 50
61 86 25
61 87 21
61 88 24
61 89 43
61 90 10
61 91 43
61 92 47
61 93 20
61 94 64
61 95 4
61 96 0
61 97 52
61 98 29
62 63 65
62 64 68
62 65 45
62 66 21
62 67 42
62 68 19
62 69 43
62 70 31
62 71 54
62 72 96
62 73 17
62 74 50
62 75 92
62 76 23
62 77 53
62 78 67
62 79 8
62 80 93
62 81 25
62 82 29
62 83 54
62 84 56
62 85 52
62 86 73
62 87 91
62 88 64
62 89 60
62 90 66
62 91 7
62 92 53
62 93 67
62 94 67
62 95 77
62 96 3
62 97 96
62 98 8
63 64 34
63 65 85
63 66 23
63 67 45
63 68 22
63 69 45
63 70 33
63 71 78
63 72 30
63 73 35
63 74 42
63 75 63
63 76 91
63 77 95
63 78 54
63 79 90
63 80 84
63 81 33
63 82 55
63 83 1
63 84 80
63 85 33
63 86 79
63 87 11
63 88 52
63 89 26
63 90 41
63 91 91
63 92 54
63 93 100
63 94 31
63 95 70
63 96 81
63 97 83
63 98 7
64 65 68
64 66 68
64 67 54
64 68 20
64 69 44
64 70 5
64 71 66
64 72 40
64 73 84
64 74 31
64 75 38
64 76 11
64 77 100
64 78 58
64 79 80
64 80 54
64 81 21
64 82 26
64 83 57
64 84 11
64 85 75
64 86 38
64 87 83
64 88 70
64 89 15
64 90 9
64 91 4
64 92 1
64 93 23
64 94 96
64 95 84
64 96 19
64 97 96
64 98 45
65 66 91
65 67 56
65 68 56
65 69 37
65 70 93
65 71 14
65 72 44
65 73 28
65 74 66
65 75 86
65 76 79
65 77 31
65 78 47
65 79 7
65 80 39
65 81 70
65 82 89
65 83 45
65 84 58
65 85 23
65 86 71
65 87 44
65 88 91
65 89 29
65 90 74
65 91 90
65 92 25
65 93 43
65 94 20
65 95 59
65 96 21
65 97 84
65 98 34
66 67 68
66 68 71
66 69 24
66 70 70
66 71 54
66 72 49
66 73 99
66 74 38
66 75 92
66 76 15
66 77 30
66 78 51
66 79 77
66 80 70
66 81 29
66 82 29
66 83 67
66 84 86
66 85 100
66 86 39
66 87 8
66 88 73
66 89 99
66 90 30
66 91 24
66 92 55
66 93 28
66 94 46
66 95 65
66 96 13
66 97 27
66 98 57
67 68 100
67 69 98
67 70 99
67 71 10
67 72 64
67 73 37
67 74 48
67 75 84
67 76 30
67 77 62
67 78 10
67 79 96
67 80 68
67 81 58
67 82 34
67 83 35
67 84 65
67 85 73
67 86 29
67 87 68
67 88 41
67 89 67
67 90 28
67 91 98
67 92 71
67 93 55
67 94 83
67 95 65
67 96 47
67 97 87
67 98 47
68 69 30
68 70 79
68 71 91
68 72 92
68 73 21
68 74 63
68 75 53
68 76 65
68 77 26
68 78 29
68 79 31
68 80 13
68 81 30
68 82 87
68 83 9
68 84 18
68 85 86
68 86 46
68 87 26
68 88 78
68 89 86
68 90 53
68 91 61
68 92 75
68 93 17
68 94 37
68 95 19
68 96 19
68 97 34
68 98 82
69 70 51
69 71 41
69 72 46
69 73 88
69 74 6
69 75 65
69 76 16
69 77 38
69 78 80
69 79 25
69 80 82
69 81 6
69 82 42
69 83 28
69 84 7
69 85 75
69 86 84
69 87 48
69 88 20
69 89 82
69 90 81
69 91 97
69 92 2
69 93 8
69 94 9
69 95 77
69 96 46
69 97 15
69 98 28
70 71 40
70 72 96
70 73 75
70 74 75
70 75 87
70 76 28
70 77 74
70 78 89
70 79 5
70 80 22
70 81 40
70 82 90
70 83 67
70 84 20
70 85 7
70 86 57
70 87 67
70 88 6
70 89 72
70 90 13
70 91 22
70 92 34
70 93 82
70 94 23
70 95 23
70 96 38
70 97 23
70 98 90
71 72 77
71 73 33
71 74 72
71 75 27
71 76 60
71 77 36
71 78 94
71 79 76
71 80 94
71 81 41
71 82 2
71 83 68
71 84 23
71 85 25
71 86 56
71 87 7
71 88 6
71 89 43
71 90 22
71 91 21
71 92 23
71 93 52
71 94 20
71 95 93
71 96 53
71 97 9
71 98 77
72 73 6
72 74 31
72 75 22
72 76 68
72 77 52
72 78 4
72 79 6
72 80 6
72 81 15
72 82 20
72 83 44
72 84 10
72 85 32
72 86 90
72 87 52
72 88 75
72 89 50
72 90 56
72 91 5
72 92 25
72 93 57
72 94 37
72 95 96
72 96 76
72 97 5
72 98 2
73 74 32
73 75 41
73 76 46
73 77 24
73 78 30
73 79 53
73 80 5
73 81 100
73 82 36
73 83 63
73 84 79
73 85 9
73 86 13
73 87 24
73 88 70
73 89 77
73 90 17
73 91 51
73 92 45
73 93 8
73 94 22
73 95 75
73 96 43
73 97 41
73 98 6
74 75 41
74 76 81
74 77 50
74 78 70
74 79 49
74 80 15
74 81 55
74 82 80
74 83 3
74 84 42
74 85 76
74 86 94
74 87 44
74 88 4
74 89 50
74 90 30
74 91 90
74 92 55
74 93 88
74 94 93
74 95 82
74 96 74
74 97 17
74 98 65
75 76 43
75 77 56
75 78 90
75 79 0
75 80 71
75 81 13
75 82 58
75 83 20
75 84 90
75 85 19
75 86 2
75 87 31
75 88 97
75 89 4
75 90 50
75 91 1
75 92 47
75 93 43
75 94 55
75 95 64
75 96 22
75 97 51
75 98 38
76 77 99
76 78 9
76 79 20
76 80 13
76 81 22
76 82 56
76 83 72
76 84 33
76 85 58
76 86 65
76 87 57
76 88 86
76 89 53
76 90 17
76 91 75
76 92 54
76 93 59
76 94 99
76 95 44
76 96 95
76 97 49
76 98 21
77 78 79
77 79 65
77 80 16
77 81 82
77 82 59
77 83 66
77 84 100
77 85 99
77 86 1
77 87 0
77 88 30
77 89 40
77 90 90
77 91 35
77 92 58
77 93 50
77 94 31
77 95 58
77 96 39
77 97 76
77 98 8
78 79 29
78 80 6
78 81 55
78 82 31
78 83 39
78 84 4
78 85 14
78 86 15
78 87 44
78 88 48
78 89 17
78 90 26
78 91 31
78 92 64
78 93 94
78 94 15
78 95 90
78 96 67
78 97 60
78 98 36
79 80 1
79 81 98
79 82 89
79 83 26
79 84 36
79 85 64
79 86 63
79 87 61
79 88 99
79 89 88
79 90 13
79 91 91
79 92 52
79 93 93
79 94 96
79 95 41
79 96 15
79 97 13
79 98 26
80 81 44
80 82 14
80 83 14
80 84 94
80 85 26
80 86 71
80 87 100
80 88 17
80 89 64
80 90 29
80 91 31
80 92 69
80 93 86
80 94 73
80 95 87
80 96 40
80 97 40
80 98 94
81 82 44
81 83 77
81 84 63
81 85 20
81 86 78
81 87 87
81 88 76
81 89 29
81 90 74
81 91 57
81 92 40
81 93 69
81 94 53
81 95 34
81 96 75
81 97 49
81 98 100
82 83 39
82 84 84
82 85 39
82 86 71
82 87 96
82 88 46
82 89 38
82 90 68
82 91 7
82 92 48
82 93 68
82 94 88
82 95 60
82 96 10
82 97 28
82 98 78
83 84 50
83 85 91
83 86 26
83 87 35
83 88 72
83 89 73
83 90 32
83 91 47
83 92 33
83 93 11
83 94 19
83 95 39
83 96 46
83 97 76
83 98 22
84 85 1
84 86 64
84 87 79
84 88 75
84 89 18
84 90 91
84 91 76
84 92 97
84 93 68
84 94 96
84 95 1
84 96 17
84 97 10
84 98 61
85 86 38
85 87 5
85 88 39
85 89 98
85 90 19
85 91 45
85 92 83
85 93 57
85 94 86
85 95 32
85 96 46
85 97 16
85 98 4
86 87 44
86 88 45
86 89 81
86 90 36
86 91 30
86 92 55
86 93 65
86 94 64
86 95 38
86 96 0
86 97 36
86 98 14
87 88 87
87 89 9
87 90 82
87 91 17
87 92 98
87 93 96
87 94 20
87 95 8
87 96 56
87 97 43
87 98 63
88 89 14
88 90 65
88 91 27
88 92 15
88 93 91
88 94 41
88 95 90
88 96 41
88 97 63
88 98 46
89 90 14
89 91 79
89 92 19
89 93 46
89 94 49
89 95 62
89 96 16
89 97 16
89 98 64
90 91 1
90 92 10
90 93 35
90 94 86
90 95 87
90 96 71
90 97 40
90 98 91
91 92 6
91 93 41
91 94 40
91 95 96
91 96 28
91 97 60
91 98 58
92 93 4
92 94 21
92 95 38
92 96 49
92 97 7
92 98 3
93 94 16
93 95 76
93 96 89
93 97 71
93 98 70
94 95 73
94 96 33
94 97 70
94 98 90
95 96 70
95 97 53
95 98 9
96 97 39
96 98 73
97 98 38
