50 25
0 1 5
0 2 50
0 3 55
0 4 9
0 5 92
0 6 65
0 7 99
0 8 18
0 9 62
0 10 63
0 11 74
0 12 55
0 13 36
0 14 41
0 15 40
0 16 92
0 17 94
0 18 40
0 19 58
0 20 71
0 21 55
0 22 59
0 23 87
0 24 13
0 25 63
0 26 88
0 27 7
0 28 100
0 29 66
0 30 89
0 31 17
0 32 82
0 33 28
0 34 72
0 35 30
0 36 49
0 37 17
0 38 91
0 39 96
0 40 41
0 41 30
0 42 35
0 43 11
0 44 69
0 45 76
0 46 21
0 47 61
0 48 16
0 49 30
1 2 63
1 3 16
1 4 76
1 5 3
1 6 60
1 7 6
1 8 29
1 9 92
1 10 71
1 11 34
1 12 6
1 13 24
1 14 98
1 15 96
1 16 75
1 17 5
1 18 47
1 19 44
1 20 49
1 21 90
1 22 56
1 23 61
1 24 51
1 25 86
1 26 11
1 27 10
1 28 10
1 29 94
1 30 50
1 31 79
1 32 69
1 33 98
1 34 96
1 35 21
1 36 96
1 37 2
1 38 94
1 39 21
1 40 27
1 41 39
1 42 15
1 43 7
1 44 66
1 45 16
1 46 52
1 47 72
1 48 82
1 49 27
2 3 43
2 4 47
2 5 89
2 6 42
2 7 42
2 8 90
2 9 45
2 10 74
2 11 74
2 12 89
2 13 84
2 14 49
2 15 94
2 16 46
2 17 82
2 18 48
2 19 50
2 20 74
2 21 98
2 22 35
2 23 35
2 24 30
2 25 49
2 26 55
2 27 34
2 28 92
2 29 59
2 30 99
2 31 23
2 32 51
2 33 1
2 34 1
2 35 60
2 36 11
2 37 66
2 38 95
2 39 49
2 40 21
2 41 50
2 42 55
2 43 88
2 44 92
2 45 85
2 46 100
2 47 57
2 48 62
2 49 49
3 4 18
3 5 13
3 6 74
3 7 69
3 8 74
3 9 46
3 10 19
3 11 22
3 12 21
3 13 71
3 14 64
3 15 81
3 16 15
3 17 76
3 18 75
3 19 93
3 20 11
3 21 16
3 22 78
3 23 72
3 24 68
3 25 26
3 26 76
3 27 20
3 28 37
3 29 25
3 30 86
3 31 52
3 32 51
3 33 73
3 34 26
3 35 71
3 36 89
3 37 88
3 38 14
3 39 27
3 40 16
3 41 57
3 42 15
3 43 17
3 44 37
3 45 13
3 46 56
3 47 46
3 48 7
3 49 28
4 5 65
4 6 18
4 7 84
4 8 86
4 9 43
4 10 54
4 11 44
4 12 26
4 13 85
4 14 52
4 15 50
4 16 44
4 17 82
4 18 57
4 19 57
4 20 90
4 21 47
4 22 75
4 23 6
4 24 34
4 25 60
4 26 59
4 27 12
4 28 75
4 29 60
4 30 95
4 31 5
4 32 84
4 33 36
4 34 77
4 35 40
4 36 93
4 37 58
4 38 8
4 39 37
4 40 35
4 41 26
4 42 58
4 43 1
4 44 16
4 45 9
4 46 72
4 47 48
4 48 14
4 49 8
5 6 79
5 7 40
5 8 96
5 9 37
5 10 23
5 11 95
5 12 90
5 13 100
5 14 75
5 15 87
5 16 76
5 17 48
5 18 19
5 19 49
5 20 36
5 21 83
5 22 90
5 23 4
5 24 61
5 25 90
5 26 61
5 27 11
5 28 50
5 29 95
5 30 68
5 31 33
5 32 75
5 33 84
5 34 100
5 35 36
5 36 93
5 37 59
5 38 21
5 39 100
5 40 5
5 41 89
5 42 73
5 43 87
5 44 9
5 45 51
5 46 91
5 47 2
5 48 5
5 49 72
6 7 12
6 8 98
6 9 30
6 10 30
6 11 89
6 12 69
6 13 30
6 14 68
6 15 89
6 16 74
6 17 13
6 18 49
6 19 61
6 20 66
6 21 52
6 22 87
6 23 80
6 24 46
6 25 53
6 26 19
6 27 27
6 28 75
6 29 39
6 30 5
6 31 92
6 32 53
6 33 13
6 34 12
6 35 54
6 36 56
6 37 63
6 38 59
6 39 37
6 40 94
6 41 47
6 42 19
6 43 12
6 44 89
6 45 83
6 46 43
6 47 36
6 48 14
6 49 80
7 8 79
7 9 97
7 10 82
7 11 54
7 12 38
7 13 27
7 14 41
7 15 88
7 16 32
7 17 56
7 18 22
7 19 53
7 20 26
7 21 92
7 22 22
7 23 77
7 24 29
7 25 51
7 26 32
7 27 50
7 28 29
7 29 97
7 30 86
7 31 40
7 32 50
7 33 75
7 34 94
7 35 15
7 36 11
7 37 56
7 38 50
7 39 64
7 40 22
7 41 56
7 42 27
7 43 78
7 44 80
7 45 72
7 46 100
7 47 4
7 48 71
7 49 55
8 9 46
8 10 13
8 11 7
8 12 52
8 13 74
8 14 56
8 15 23
8 16 8
8 17 22
8 18 34
8 19 100
8 20 77
8 21 24
8 22 85
8 23 78
8 24 12
8 25 67
8 26 25
8 27 100
8 28 8
8 29 26
8 30 3
8 31 45
8 32 92
8 33 16
8 34 37
8 35 51
8 36 6
8 37 89
8 38 81
8 39 78
8 40 2
8 41 40
8 42 14
8 43 9
8 44 17
8 45 43
8 46 64
8 47 93
8 48 39
8 49 57
9 10 94
9 11 92
9 12 33
9 13 49
9 14 44
9 15 51
9 16 31
9 17 88
9 18 3
9 19 73
9 20 93
9 21 28
9 22 22
9 23 79
9 24 91
9 25 21
9 26 68
9 27 46
9 28 93
9 29 87
9 30 9
9 31 62
9 32 95
9 33 34
9 34 13
9 35 39
9 36 84
9 37 80
9 38 40
9 39 8
9 40 94
9 41 68
9 42 60
9 43 47
9 44 13
9 45 31
9 46 58
9 47 85
9 48 16
9 49 16
10 11 79
10 12 38
10 13 68
10 14 50
10 15 25
10 16 46
10 17 100
10 18 92
10 19 89
10 20 26
10 21 84
10 22 38
10 23 60
10 24 35
10 25 54
10 26 63
10 27 16
10 28 52
10 29 7
10 30 26
10 31 75
10 32 98
10 33 91
10 34 95
10 35 57
10 36 79
10 37 30
10 38 98
10 39 99
10 40 2
10 41 74
10 42 87
10 43 8
10 44 54
10 45 35
10 46 45
10 47 34
10 48 56
10 49 21
11 12 56
11 13 24
11 14 78
11 15 50
11 16 49
11 17 66
11 18 13
11 19 72
11 20 3
11 21 43
11 22 25
11 23 46
11 24 45
11 25 87
11 26 11
11 27 85
11 28 59
11 29 24
11 30 11
11 31 15
11 32 43
11 33 3
11 34 51
11 35 92
11 36 70
11 37 100
11 38 64
11 39 84
11 40 7
11 41 77
11 42 61
11 43 78
11 44 70
11 45 86
11 46 43
11 47 21
11 48 100
11 49 99
12 13 83
12 14 96
12 15 43
12 16 40
12 17 16
12 18 15
12 19 41
12 20 87
12 21 13
12 22 32
12 23 22
12 24 90
12 25 75
12 26 39
12 27 42
12 28 80
12 29 47
12 30 16
12 31 15
12 32 27
12 33 56
12 34 72
12 35 89
12 36 24
12 37 67
12 38 3
12 39 100
12 40 58
12 41 82
12 42 3
12 43 48
12 44 85
12 45 89
12 46 9
12 47 1
12 48 97
12 49 100
13 14 40
13 15 18
13 16 95
13 17 58
13 18 96
13 19 96
13 20 61
13 21 47
13 22 11
13 23 27
13 24 37
13 25 19
13 26 37
13 27 79
13 28 80
13 29 54
13 30 10
13 31 98
13 32 85
13 33 57
13 34 55
13 35 66
13 36 68
13 37 75
13 38 38
13 39 13
13 40 12
13 41 88
13 42 21
13 43 18
13 44 5
13 45 56
13 46 39
13 47 78
13 48 99
13 49 48
14 15 68
14 16 10
14 17 10
14 18 67
14 19 89
14 20 91
14 21 36
14 22 98
14 23 95
14 24 23
14 25 34
14 26 47
14 27 54
14 28 79
14 29 48
14 30 51
14 31 14
14 32 38
14 33 89
14 34 30
14 35 87
14 36 39
14 37 76
14 38 76
14 39 78
14 40 21
14 41 20
14 42 6
14 43 48
14 44 67
14 45 52
14 46 72
14 47 72
14 48 92
14 49 20
15 16 37
15 17 98
15 18 83
15 19 98
15 20 76
15 21 8
15 22 68
15 23 98
15 24 82
15 25 79
15 26 43
15 27 31
15 28 10
15 29 61
15 30 97
15 31 78
15 32 85
15 33 1
15 34 7
15 35 80
15 36 97
15 37 56
15 38 18
15 39 47
15 40 60
15 41 87
15 42 92
15 43 4
15 44 22
15 45 2
15 46 100
15 47 53
15 48 78
15 49 33
16 17 38
16 18 51
16 19 34
16 20 31
16 21 25
16 22 30
16 23 97
16 24 16
16 25 56
16 26 34
16 27 80
16 28 21
16 29 42
16 30 32
16 31 97
16 32 90
16 33 63
16 34 64
16 35 11
16 36 70
16 37 99
16 38 40
16 39 51
16 40 86
16 41 50
16 42 96
16 43 79
16 44 50
16 45 67
16 46 1
16 47 46
16 48 93
16 49 98
17 18 33
17 19 27
17 20 82
17 21 15
17 22 46
17 23 34
17 24 4
17 25 35
17 26 99
17 27 3
17 28 81
17 29 12
17 30 26
17 31 89
17 32 44
17 33 28
17 34 57
17 35 72
17 36 42
17 37 12
17 38 74
17 39 83
17 40 44
17 41 73
17 42 65
17 43 39
17 44 24
17 45 53
17 46 56
17 47 41
17 48 41
17 49 59
18 19 81
18 20 100
18 21 29
18 22 95
18 23 12
18 24 8
18 25 77
18 26 35
18 27 28
18 28 74
18 29 42
18 30 61
18 31 95
18 32 99
18 33 61
18 34 59
18 35 27
18 36 61
18 37 85
18 38 73
18 39 46
18 40 10
18 41 97
18 42 55
18 43 97
18 44 38
18 45 92
18 46 40
18 47 67
18 48 15
18 49 8
19 20 87
19 21 61
19 22 44
19 23 20
19 24 80
19 25 14
19 26 83
19 27 27
19 28 88
19 29 27
19 30 77
19 31 75
19 32 81
19 33 40
19 34 82
19 35 5
19 36 7
19 37 74
19 38 37
19 39 12
19 40 72
19 41 85
19 42 25
19 43 3
19 44 2
19 45 37
19 46 31
19 47 11
19 48 88
19 49 25
20 21 80
20 22 68
20 23 85
20 24 93
20 25 47
20 26 6
20 27 50
20 28 31
20 29 23
20 30 100
20 31 8
20 32 95
20 33 16
20 34 61
20 35 81
20 36 3
20 37 97
20 38 33
20 39 8
20 40 58
20 41 6
20 42 14
20 43 57
20 44 33
20 45 53
20 46 28
20 47 45
20 48 2
20 49 83
21 22 44
21 23 72
21 24 45
21 25 32
21 26 74
21 27 5
21 28 15
21 29 37
21 30 3
21 31 38
21 32 36
21 33 36
21 34 63
21 35 26
21 36 27
21 37 17
21 38 46
21 39 82
21 40 2
21 41 73
21 42 30
21 43 45
21 44 20
21 45 57
21 46 8
21 47 59
21 48 49
21 49 7
22 23 35
22 24 39
22 25 1
22 26 94
22 27 54
22 28 59
22 29 68
22 30 4
22 31 11
22 32 48
22 33 12
22 34 38
22 35 29
22 36 52
22 37 40
22 38 90
22 39 55
22 40 47
22 41 7
22 42 5
22 43 21
22 44 76
22 45 45
22 46 77
22 47 30
22 48 94
22 49 77
23 24 25
23 25 6
23 26 62
23 27 33
23 28 29
23 29 65
23 30 89
23 31 51
23 32 70
23 33 48
23 34 1
23 35 51
23 36 13
23 37 94
23 38 81
23 39 25
23 40 74
23 41 16
23 42 80
23 43 64
23 44 72
23 45 50
23 46 6
23 47 3
23 48 48
23 49 29
24 25 17
24 26 58
24 27 56
24 28 36
24 29 75
24 30 56
24 31 77
24 32 27
24 33 21
24 34 24
24 35 31
24 36 72
24 37 44
24 38 41
24 39 22
24 40 58
24 41 98
24 42 40
24 43 96
24 44 31
24 45 95
24 46 84
24 47 2
24 48 69
24 49 39
25 26 87
25 27 66
25 28 71
25 29 31
25 30 47
25 31 65
25 32 42
25 33 47
25 34 7
25 35 63
25 36 46
25 37 33
25 38 47
25 39 87
25 40 46
25 41 23
25 42 64
25 43 23
25 44 19
25 45 52
25 46 2
25 47 11
25 48 10
25 49 69
26 27 34
26 28 90
26 29 32
26 30 58
26 31 30
26 32 18
26 33 94
26 34 79
26 35 55
26 36 32
26 37 80
26 38 23
26 39 7
26 40 22
26 41 55
26 42 46
26 43 65
26 44 85
26 45 1
26 46 69
26 47 39
26 48 1
26 49 55
27 28 96
27 29 15
27 30 79
27 31 15
27 32 42
27 33 72
27 34 76
27 35 58
27 36 5
27 37 35
27 38 87
27 39 44
27 40 65
27 41 70
27 42 32
27 43 61
27 44 64
27 45 4
27 46 93
27 47 66
27 48 39
27 49 45
28 29 93
28 30 47
28 31 64
28 32 2
28 33 25
28 34 100
28 35 80
28 36 82
28 37 64
28 38 8
28 39 94
28 40 35
28 41 49
28 42 19
28 43 75
28 44 53
28 45 100
28 46 21
28 47 12
28 48 39
28 49 12
29 30 33
29 31 55
29 32 78
29 33 95
29 34 35
29 35 79
29 36 15
29 37 77
29 38 67
29 39 42
29 40 45
29 41 61
29 42 92
29 43 56
29 44 11
29 45 60
29 46 98
29 47 4
29 48 64
29 49 51
30 31 94
30 32 24
30 33 94
30 34 37
30 35 90
30 36 81
30 37 33
30 38 83
30 39 90
30 40 55
30 41 89
30 42 88
30 43 61
30 44 60
30 45 51
30 46 28
30 47 71
30 48 56
30 49 65
31 32 9
31 33 73
31 34 78
31 35 69
31 36 19
31 37 79
31 38 91
31 39 18
31 40 8
31 41 7
31 42 36
31 43 88
31 44 35
31 45 78
31 46 3
31 47 28
31 48 69
31 49 82
32 33 60
32 34 5
32 35 50
32 36 16
32 37 93
32 38 48
32 39 19
32 40 46
32 41 27
32 42 55
32 43 90
32 44 18
32 45 47
32 46 72
32 47 66
32 48 21
32 49 94
33 34 61
33 35 64
33 36 24
33 37 85
33 38 40
33 39 72
33 40 44
33 41 84
33 42 86
33 43 18
33 44 69
33 45 85
33 46 55
33 47 90
33 48 71
33 49 85
34 35 88
34 36 93
34 37 1
34 38 43
34 39 8
34 40 86
34 41 58
34 42 69
34 43 1
34 44 31
34 45 27
34 46 63
34 47 31
34 48 5
34 49 31
35 36 36
35 37 52
35 38 89
35 39 59
35 40 2
35 41 41
35 42 43
35 43 87
35 44 21
35 45 32
35 46 8
35 47 55
35 48 40
35 49 84
36 37 26
36 38 50
36 39 9
36 40 41
36 41 55
36 42 55
36 43 68
36 44 39
36 45 80
36 46 98
36 47 97
36 48 84
36 49 3
37 38 87
37 39 50
37 40 60
37 41 100
37 42 46
37 43 100
37 44 54
37 45 60
37 46 33
37 47 43
37 48 12
37 49 44
38 39 15
38 40 46
38 41 66
38 42 60
38 43 77
38 44 31
38 45 53
38 46 68
38 47 29
38 48 76
38 49 41
39 40 73
39 41 26
39 42 56
39 43 1
39 44 22
39 45 97
39 46 73
39 47 68
39 48 59
39 49 9
40 41 68
40 42 27
40 43 35
40 44 82
40 45 69
40 46 93
40 47 88
40 48 8
40 49 93
41 42 18
41 43 68
41 44 51
41 45 71
41 46 100
41 47 87
41 48 79
41 49 99
42 43 16
42 44 17
42 45 97
42 46 75
42 47 78
42 48 100
42 49 67
43 44 27
43 45 92
43 46 6
43 47 90
43 48 9
43 49 42
44 45 18
44 46 19
44 47 31
44 48 95
44 49 21
45 46 44
45 47 25
45 48 22
45 49 70
46 47 61
46 48 1
46 49 70
47 48 15
47 49 2
48 49 41
