50 25
0 1 0
0 2 47
0 3 97
0 4 80
0 5 94
0 6 57
0 7 49
0 8 83
0 9 12
0 10 11
0 11 94
0 12 43
0 13 26
0 14 71
0 15 0
0 16 50
0 17 19
0 18 91
0 19 43
0 20 59
0 21 62
0 22 64
0 23 8
0 24 61
0 25 26
0 26 33
0 27 92
0 28 2
0 29 8
0 30 77
0 31 51
0 32 38
0 33 77
0 34 54
0 35 28
0 36 35
0 37 52
0 38 30
0 39 66
0 40 93
0 41 16
0 42 77
0 43 89
0 44 73
0 45 48
0 46 46
0 47 7
0 48 30
0 49 57
1 2 89
1 3 33
1 4 48
1 5 65
1 6 47
1 7 62
1 8 21
1 9 5
1 10 62
1 11 49
1 12 74
1 13 53
1 14 43
1 15 79
1 16 29
1 17 69
1 18 67
1 19 39
1 20 38
1 21 21
1 22 0
1 23 1
1 24 31
1 25 10
1 26 35
1 27 72
1 28 15
1 29 73
1 30 11
1 31 21
1 32 85
1 33 79
1 34 93
1 35 23
1 36 49
1 37 82
1 38 28
1 39 43
1 40 77
1 41 28
1 42 67
1 43 61
1 44 7
1 45 64
1 46 84
1 47 94
1 48 59
1 49 7
2 3 73
2 4 38
2 5 48
2 6 24
2 7 15
2 8 74
2 9 28
2 10 90
2 11 12
2 12 65
2 13 56
2 14 39
2 15 9
2 16 0
2 17 19
2 18 1
2 19 24
2 20 74
2 21 8
2 22 23
2 23 53
2 24 39
2 25 33
2 26 85
2 27 3
2 28 6
2 29 24
2 30 66
2 31 85
2 32 33
2 33 88
2 34 12
2 35 24
2 36 39
2 37 50
2 38 56
2 39 90
2 40 22
2 41 14
2 42 39
2 43 44
2 44 44
2 45 62
2 46 94
2 47 57
2 48 3
2 49 28
3 4 54
3 5 62
3 6 81
3 7 61
3 8 82
3 9 61
3 10 47
3 11 70
3 12 5
3 13 82
3 14 63
3 15 85
3 16 70
3 17 83
3 18 40
3 19 48
3 20 42
3 21 100
3 22 24
3 23 38
3 24 68
3 25 64
3 26 42
3 27 41
3 28 38
3 29 31
3 30 55
3 31 58
3 32 80
3 33 44
3 34 72
3 35 96
3 36 13
3 37 85
3 38 25
3 39 14
3 40 96
3 41 70
3 42 5
3 43 67
3 44 55
3 45 33
3 46 1
3 47 39
3 48 38
3 49 60
4 5 47
4 6 59
4 7 80
4 8 4
4 9 92
4 10 93
4 11 80
4 12 1
4 13 0
4 14 9
4 15 74
4 16 48
4 17 66
4 18 60
4 19 57
4 20 44
4 21 47
4 22 72
4 23 88
4 24 71
4 25 85
4 26 51
4 27 47
4 28 82
4 29 96
4 30 6
4 31 93
4 32 82
4 33 24
4 34 52
4 35 24
4 36 4
4 37 58
4 38 33
4 39 89
4 40 33
4 41 56
4 42 75
4 43 94
4 44 91
4 45 61
4 46 62
4 47 41
4 48 62
4 49 19
5 6 32
5 7 42
5 8 80
5 9 39
5 10 58
5 11 9
5 12 74
5 13 20
5 14 60
5 15 35
5 16 81
5 17 57
5 18 3
5 19 100
5 20 93
5 21 27
5 22 49
5 23 46
5 24 16
5 25 50
5 26 20
5 27 7
5 28 62
5 29 73
5 30 56
5 31 12
5 32 94
5 33 97
5 34 79
5 35 75
5 36 80
5 37 57
5 38 55
5 39 17
5 40 80
5 41 9
5 42 75
5 43 27
5 44 53
5 45 78
5 46 31
5 47 20
5 48 75
5 49 6
6 7 87
6 8 16
6 9 34
6 10 37
6 11 33
6 12 36
6 13 90
6 14 92
6 15 27
6 16 96
6 17 50
6 18 82
6 19 91
6 20 46
6 21 61
6 22 7
6 23 0
6 24 83
6 25 48
6 26 88
6 27 9
6 28 60
6 29 14
6 30 80
6 31 46
6 32 47
6 33 84
6 34 33
6 35 41
6 36 44
6 37 21
6 38 51
6 39 6
6 40 51
6 41 7
6 42 23
6 43 65
6 44 15
6 45 13
6 46 97
6 47 75
6 48 70
6 49 81
7 8 81
7 9 73
7 10 36
7 11 69
7 12 13
7 13 19
7 14 15
7 15 24
7 16 57
7 17 13
7 18 89
7 19 86
7 20 36
7 21 14
7 22 67
7 23 77
7 24 67
7 25 3
7 26 68
7 27 48
7 28 45
7 29 6
7 30 32
7 31 79
7 32 57
7 33 5
7 34 77
7 35 0
7 36 75
7 37 77
7 38 56
7 39 91
7 40 91
7 41 4
7 42 62
7 43 32
7 44 73
7 45 40
7 46 43
7 47 50
7 48 30
7 49 67
8 9 28
8 10 72
8 11 20
8 12 80
8 13 12
8 14 38
8 15 18
8 16 60
8 17 62
8 18 66
8 19 94
8 20 67
8 21 23
8 22 56
8 23 77
8 24 32
8 25 78
8 26 61
8 27 64
8 28 75
8 29 83
8 30 89
8 31 42
8 32 68
8 33 4
8 34 77
8 35 21
8 36 15
8 37 48
8 38 89
8 39 24
8 40 76
8 41 85
8 42 100
8 43 9
8 44 25
8 45 60
8 46 11
8 47 78
8 48 24
8 49 100
9 10 66
9 11 38
9 12 83
9 13 76
9 14 28
9 15 7
9 16 35
9 17 41
9 18 67
9 19 58
9 20 94
9 21 49
9 22 72
9 23 93
9 24 91
9 25 53
9 26 95
9 27 44
9 28 11
9 29 5
9 30 36
9 31 56
9 32 77
9 33 87
9 34 46
9 35 21
9 36 50
9 37 85
9 38 65
9 39 76
9 40 42
9 41 70
9 42 61
9 43 57
9 44 32
9 45 45
9 46 44
9 47 50
9 48 57
9 49 55
10 11 35
10 12 82
10 13 26
10 14 79
10 15 7
10 16 32
10 17 40
10 18 70
10 19 99
10 20 55
10 21 11
10 22 20
10 23 39
10 24 33
10 25 97
10 26 95
10 27 56
10 28 39
10 29 88
10 30 7
10 31 98
10 32 29
10 33 60
10 34 50
10 35 21
10 36 41
10 37 50
10 38 93
10 39 9
10 40 94
10 41 50
10 42 55
10 43 4
10 44 89
10 45 75
10 46 41
10 47 41
10 48 81
10 49 37
11 12 90
11 13 99
11 14 17
11 15 28
11 16 57
11 17 4
11 18 49
11 19 15
11 20 22
11 21 39
11 22 99
11 23 91
11 24 56
11 25 26
11 26 62
11 27 83
11 28 61
11 29 62
11 30 51
11 31 49
11 32 14
11 33 18
11 34 46
11 35 81
11 36 86
11 37 17
11 38 23
11 39 6
11 40 21
11 41 20
11 42 39
11 43 66
11 44 45
11 45 39
11 46 61
11 47 69
11 48 26
11 49 23
12 13 47
12 14 70
12 15 76
12 16 75
12 17 45
12 18 37
12 19 74
12 20 79
12 21 51
12 22 94
12 23 48
12 24 68
12 25 8
12 26 66
12 27 69
12 28 93
12 29 87
12 30 78
12 31 6
12 32 10
12 33 60
12 34 8
12 35 56
12 36 69
12 37 51
12 38 86
12 39 34
12 40 61
12 41 97
12 42 56
12 43 49
12 44 21
12 45 89
12 46 95
12 47 19
12 48 8
12 49 5
13 14 4
13 15 2
13 16 11
13 17 29
13 18 92
13 19 26
13 20 76
13 21 63
13 22 47
13 23 18
13 24 48
13 25 55
13 26 67
13 27 89
13 28 61
13 29 94
13 30 89
13 31 40
13 32 3
13 33 86
13 34 92
13 35 91
13 36 51
13 37 7
13 38 76
13 39 72
13 40 0
13 41 86
13 42 54
13 43 5
13 44 30
13 45 50
13 46 94
13 47 21
13 48 1
13 49 49
14 15 46
14 16 45
14 17 15
14 18 57
14 19 31
14 20 83
14 21 81
14 22 49
14 23 30
14 24 74
14 25 73
14 26 36
14 27 49
14 28 6
14 29 66
14 30 93
14 31 23
14 32 2
14 33 3
14 34 76
14 35 80
14 36 26
14 37 8
14 38 68
14 39 21
14 40 40
14 41 93
14 42 22
14 43 4
14 44 38
14 45 46
14 46 65
14 47 4
14 48 80
14 49 72
15 16 16
15 17 6
15 18 61
15 19 63
15 20 85
15 21 82
15 22 2
15 23 37
15 24 97
15 25 76
15 26 63
15 27 58
15 28 52
15 29 75
15 30 91
15 31 5
15 32 45
15 33 49
15 34 46
15 35 84
15 36 70
15 37 14
15 38 98
15 39 61
15 40 77
15 41 19
15 42 15
15 43 23
15 44 52
15 45 50
15 46 79
15 47 83
15 48 98
15 49 57
16 17 71
16 18 89
16 19 63
16 20 7
16 21 4
16 22 46
16 23 63
16 24 59
16 25 42
16 26 75
16 27 60
16 28 55
16 29 41
16 30 50
16 31 54
16 32 88
16 33 35
16 34 5
16 35 41
16 36 54
16 37 15
16 38 8
16 39 68
16 40 51
16 41 55
16 42 9
16 43 84
16 44 68
16 45 97
16 46 34
16 47 68
16 48 35
16 49 98
17 18 7
17 19 71
17 20 76
17 21 9
17 22 76
17 23 62
17 24 33
17 25 29
17 26 42
17 27 94
17 28 35
17 29 59
17 30 59
17 31 80
17 32 9
17 33 44
17 34 81
17 35 58
17 36 79
17 37 87
17 38 35
17 39 85
17 40 80
17 41 54
17 42 86
17 43 7
17 44 15
17 45 91
17 46 65
17 47 62
17 48 71
17 49 5
18 19 39
18 20 63
18 21 56
18 22 28
18 23 75
18 24 2
18 25 48
18 26 51
18 27 84
18 28 83
18 29 17
18 30 2
18 31 82
18 32 48
18 33 34
18 34 59
18 35 77
18 36 87
18 37 71
18 38 97
18 39 1
18 40 13
18 41 29
18 42 64
18 43 59
18 44 42
18 45 7
18 46 90
18 47 78
18 48 29
18 49 90
19 20 4
19 21 34
19 22 4
19 23 38
19 24 19
19 25 7
19 26 15
19 27 45
19 28 20
19 29 20
19 30 19
19 31 33
19 32 57
19 33 98
19 34 58
19 35 42
19 36 13
19 37 94
19 38 56
19 39 59
19 40 11
19 41 16
19 42 85
19 43 96
19 44 11
19 45 48
19 46 47
19 47 44
19 48 3
19 49 79
20 21 67
20 22 11
20 23 95
20 24 47
20 25 20
20 26 53
20 27 55
20 28 85
20 29 50
20 30 28
20 31 53
20 32 60
20 33 94
20 34 28
20 35 78
20 36 39
20 37 21
20 38 46
20 39 35
20 40 90
20 41 9
20 42 5
20 43 86
20 44 79
20 45 82
20 46 74
20 47 44
20 48 14
20 49 79
21 22 72
21 23 100
21 24 97
21 25 41
21 26 59
21 27 63
21 28 83
21 29 80
21 30 80
21 31 37
21 32 60
21 33 4
21 34 29
21 35 67
21 36 5
21 37 91
21 38 47
21 39 74
21 40 73
21 41 91
21 42 71
21 43 33
21 44 100
21 45 74
21 46 73
21 47 87
21 48 80
21 49 7
22 23 87
22 24 58
22 25 59
22 26 72
22 27 67
22 28 49
22 29 65
22 30 12
22 31 59
22 32 9
22 33 93
22 34 29
22 35 38
22 36 64
22 37 40
22 38 85
22 39 52
22 40 42
22 41 23
22 42 19
22 43 68
22 44 38
22 45 34
22 46 68
22 47 44
22 48 98
22 49 48
23 24 73
23 25 100
23 26 83
23 27 43
23 28 54
23 29 39
23 30 75
23 31 48
23 32 11
23 33 27
23 34 47
23 35 63
23 36 39
23 37 37
23 38 5
23 39 69
23 40 26
23 41 67
23 42 14
23 43 46
23 44 71
23 45 38
23 46 48
23 47 94
23 48 76
23 49 44
24 25 96
24 26 93
24 27 96
24 28 16
24 29 48
24 30 63
24 31 20
24 32 33
24 33 38
24 34 86
24 35 85
24 36 31
24 37 83
24 38 52
24 39 54
24 40 95
24 41 11
24 42 7
24 43 60
24 44 12
24 45 22
24 46 74
24 47 99
24 48 45
24 49 72
25 26 94
25 27 53
25 28 4
25 29 56
25 30 74
25 31 0
25 32 6
25 33 59
25 34 26
25 35 74
25 36 29
25 37 34
25 38 75
25 39 66
25 40 12
25 41 82
25 42 84
25 43 34
25 44 19
25 45 31
25 46 71
25 47 10
25 48 19
25 49 11
26 27 82
26 28 8
26 29 32
26 30 71
26 31 54
26 32 22
26 33 42
26 34 1
26 35 6
26 36 12
26 37 48
26 38 58
26 39 66
26 40 84
26 41 33
26 42 40
26 43 5
26 44 18
26 45 26
26 46 4
26 47 49
26 48 38
26 49 55
27 28 34
27 29 76
27 30 48
27 31 71
27 32 32
27 33 36
27 34 9
27 35 15
27 36 94
27 37 76
27 38 50
27 39 31
27 40 87
27 41 100
27 42 11
27 43 37
27 44 88
27 45 91
27 46 96
27 47 2
27 48 33
27 49 23
28 29 24
28 30 28
28 31 87
28 32 96
28 33 51
28 34 5
28 35 23
28 36 20
28 37 17
28 38 29
28 39 45
28 40 38
28 41 56
28 42 96
28 43 26
28 44 99
28 45 79
28 46 96
28 47 69
28 48 18
28 49 72
29 30 57
29 31 76
29 32 38
29 33 67
29 34 48
29 35 23
29 36 61
29 37 34
29 38 46
29 39 72
29 40 2
29 41 18
29 42 92
29 43 56
29 44 71
29 45 5
29 46 21
29 47 76
29 48 68
29 49 58
30 31 32
30 32 88
30 33 62
30 34 91
30 35 60
30 36 28
30 37 24
30 38 48
30 39 75
30 40 71
30 41 41
30 42 85
30 43 33
30 44 84
30 45 55
30 46 25
30 47 9
30 48 55
30 49 70
31 32 11
31 33 65
31 34 20
31 35 96
31 36 59
31 37 60
31 38 12
31 39 90
31 40 16
31 41 19
31 42 91
31 43 52
31 44 94
31 45 69
31 46 74
31 47 97
31 48 62
31 49 6
32 33 0
32 34 41
32 35 74
32 36 10
32 37 57
32 38 61
32 39 95
32 40 78
32 41 58
32 42 25
32 43 39
32 44 57
32 45 70
32 46 41
32 47 72
32 48 86
32 49 41
33 34 8
33 35 31
33 36 44
33 37 18
33 38 29
33 39 73
33 40 1
33 41 18
33 42 43
33 43 91
33 44 64
33 45 22
33 46 89
33 47 44
33 48 48
33 49 85
34 35 56
34 36 87
34 37 96
34 38 62
34 39 14
34 40 88
34 41 2
34 42 100
34 43 22
34 44 2
34 45 18
34 46 64
34 47 21
34 48 53
34 49 74
35 36 7
35 37 42
35 38 63
35 39 40
35 40 12
35 41 59
35 42 85
35 43 19
35 44 14
35 45 26
35 46 75
35 47 79
35 48 55
35 49 71
36 37 20
36 38 83
36 39 8
36 40 81
36 41 46
36 42 70
36 43 45
36 44 34
36 45 38
36 46 24
36 47 93
36 48 70
36 49 99
37 38 12
37 39 9
37 40 19
37 41 7
37 42 77
37 43 38
37 44 59
37 45 35
37 46 24
37 47 3
37 48 86
37 49 32
38 39 71
38 40 65
38 41 57
38 42 32
38 43 40
38 44 51
38 45 53
38 46 23
38 47 68
38 48 10
38 49 78
39 40 57
39 41 30
39 42 6
39 43 10
39 44 37
39 45 5
39 46 84
39 47 61
39 48 4
39 49 4
40 41 87
40 42 83
40 43 25
40 44 89
40 45 94
40 46 96
40 47 91
40 48 77
40 49 99
41 42 0
41 43 91
41 44 17
41 45 82
41 46 11
41 47 95
41 48 58
41 49 35
42 43 86
42 44 87
42 45 41
42 46 62
42 47 53
42 48 90
42 49 65
43 44 62
43 45 59
43 46 50
43 47 53
43 48 38
43 49 37
44 45 72
44 46 13
44 47 22
44 48 78
44 49 71
45 46 76
45 47 37
45 48 39
45 49 26
46 47 71
46 48 35
46 49 92
47 48 41
47 49 2
48 49 45
