49 24
0 1 85
0 2 43
0 3 48
0 4 66
0 5 26
0 6 15
0 7 32
0 8 54
0 9 78
0 10 50
0 11 72
0 12 85
0 13 67
0 14 71
0 15 79
0 16 77
0 17 27
0 18 31
0 19 64
0 20 53
0 21 92
0 22 12
0 23 29
0 24 17
0 25 19
0 26 85
0 27 14
0 28 64
0 29 96
0 30 32
0 31 78
0 32 68
0 33 7
0 34 37
0 35 33
0 36 94
0 37 41
0 38 71
0 39 10
0 40 63
0 41 16
0 42 99
0 43 0
0 44 45
0 45 2
0 46 68
0 47 79
0 48 31
1 2 76
1 3 79
1 4 73
1 5 75
1 6 1
1 7 76
1 8 1
1 9 42
1 10 31
1 11 36
1 12 77
1 13 86
1 14 100
1 15 86
1 16 44
1 17 99
1 18 7
1 19 56
1 20 6
1 21 11
1 22 23
1 23 81
1 24 87
1 25 78
1 26 97
1 27 90
1 28 13
1 29 32
1 30 48
1 31 56
1 32 65
1 33 96
1 34 12
1 35 35
1 36 28
1 37 50
1 38 18
1 39 82
1 40 0
1 41 56
1 42 55
1 43 92
1 44 32
1 45 1
1 46 74
1 47 24
1 48 57
2 3 40
2 4 56
2 5 97
2 6 67
2 7 39
2 8 36
2 9 6
2 10 75
2 11 76
2 12 19
2 13 19
2 14 62
2 15 26
2 16 58
2 17 56
2 18 39
2 19 79
2 20 55
2 21 39
2 22 81
2 23 68
2 24 82
2 25 67
2 26 46
2 27 15
2 28 57
2 29 63
2 30 11
2 31 2
2 32 6
2 33 77
2 34 94
2 35 89
2 36 17
2 37 84
2 38 74
2 39 75
2 40 71
2 41 91
2 42 30
2 43 26
2 44 94
2 45 18
2 46 51
2 47 92
2 48 46
3 4 65
3 5 43
3 6 3
3 7 34
3 8 30
3 9 99
3 10 92
3 11 95
3 12 69
3 13 12
3 14 10
3 15 25
3 16 4
3 17 49
3 18 20
3 19 62
3 20 57
3 21 48
3 22 4
3 23 6
3 24 44
3 25 50
3 26 81
3 27 99
3 28 78
3 29 38
3 30 29
3 31 81
3 32 9
3 33 91
3 34 54
3 35 35
3 36 58
3 37 43
3 38 32
3 39 97
3 40 38
3 41 88
3 42 36
3 43 96
3 44 31
3 45 24
3 46 20
3 47 67
3 48 22
4 5 35
4 6 64
4 7 77
4 8 69
4 9 36
4 10 56
4 11 16
4 12 87
4 13 11
4 14 29
4 15 80
4 16 100
4 17 39
4 18 81
4 19 20
4 20 79
4 21 89
4 22 43
4 23 79
4 24 4
4 25 18
4 26 21
4 27 48
4 28 60
4 29 97
4 30 98
4 31 36
4 32 5
4 33 13
4 34 92
4 35 60
4 36 39
4 37 100
4 38 10
4 39 29
4 40 80
4 41 37
4 42 32
4 43 4
4 44 60
4 45 83
4 46 83
4 47 95
4 48 98
5 6 39
5 7 45
5 8 88
5 9 70
5 10 65
5 11 13
5 12 46
5 13 40
5 14 71
5 15 77
5 16 94
5 17 7
5 18 43
5 19 48
5 20 35
5 21 72
5 22 70
5 23 98
5 24 77
5 25 14
5 26 5
5 27 36
5 28 8
5 29 15
5 30 22
5 31 82
5 32 32
5 33 51
5 34 67
5 35 72
5 36 47
5 37 17
5 38 91
5 39 30
5 40 53
5 41 84
5 42 73
5 43 14
5 44 63
5 45 97
5 46 19
5 47 11
5 48 86
6 7 60
6 8 6
6 9 18
6 10 62
6 11 52
6 12 30
6 13 92
6 14 11
6 15 13
6 16 85
6 17 61
6 18 89
6 19 10
6 20 39
6 21 16
6 22 55
6 23 51
6 24 88
6 25 90
6 26 94
6 27 26
6 28 37
6 29 40
6 30 73
6 31 91
6 32 10
6 33 96
6 34 29
6 35 64
6 36 13
6 37 8
6 38 35
6 39 89
6 40 12
6 41 19
6 42 41
6 43 73
6 44 15
6 45 9
6 46 12
6 47 95
6 48 41
7 8 98
7 9 39
7 10 47
7 11 0
7 12 89
7 13 87
7 14 2
7 15 46
7 16 46
7 17 34
7 18 30
7 19 55
7 20 64
7 21 70
7 22 80
7 23 10
7 24 6
7 25 68
7 26 35
7 27 70
7 28 5
7 29 31
7 30 60
7 31 9
7 32 8
7 33 90
7 34 0
7 35 70
7 36 89
7 37 68
7 38 30
7 39 36
7 40 24
7 41 92
7 42 0
7 43 44
7 44 23
7 45 81
7 46 19
7 47 34
7 48 76
8 9 81
8 10 81
8 11 83
8 12 22
8 13 48
8 14 67
8 15 33
8 16 21
8 17 100
8 18 50
8 19 6
8 20 50
8 21 77
8 22 4
8 23 47
8 24 69
8 25 30
8 26 77
8 27 64
8 28 96
8 29 85
8 30 64
8 31 47
8 32 63
8 33 17
8 34 22
8 35 47
8 36 41
8 37 30
8 38 82
8 39 98
8 40 46
8 41 13
8 42 14
8 43 45
8 44 81
8 45 7
8 46 48
8 47 55
8 48 82
9 10 14
9 11 65
9 12 61
9 13 17
9 14 82
9 15 87
9 16 93
9 17 52
9 18 15
9 19 12
9 20 83
9 21 57
9 22 72
9 23 30
9 24 68
9 25 100
9 26 17
9 27 20
9 28 77
9 29 59
9 30 15
9 31 18
9 32 58
9 33 62
9 34 51
9 35 84
9 36 0
9 37 5
9 38 6
9 39 6
9 40 88
9 41 2
9 42 32
9 43 70
9 44 32
9 45 34
9 46 74
9 47 87
9 48 52
10 11 81
10 12 15
10 13 55
10 14 6
10 15 84
10 16 3
10 17 28
10 18 46
10 19 34
10 20 100
10 21 94
10 22 59
10 23 16
10 24 51
10 25 19
10 26 16
10 27 56
10 28 3
10 29 82
10 30 42
10 31 25
10 32 33
10 33 29
10 34 31
10 35 25
10 36 27
10 37 79
10 38 75
10 39 67
10 40 98
10 41 46
10 42 52
10 43 35
10 44 98
10 45 10
10 46 89
10 47 66
10 48 9
11 12 75
11 13 84
11 14 97
11 15 40
11 16 25
11 17 19
11 18 97
11 19 56
11 20 57
11 21 36
11 22 33
11 23 73
11 24 68
11 25 28
11 26 97
11 27 62
11 28 82
11 29 11
11 30 47
11 31 13
11 32 20
11 33 76
11 34 7
11 35 21
11 36 74
11 37 14
11 38 86
11 39 3
11 40 10
11 41 1
11 42 82
11 43 69
11 44 92
11 45 86
11 46 49
11 47 36
11 48 30
12 13 80
12 14 51
12 15 13
12 16 37
12 17 61
12 18 52
12 19 85
12 20 51
12 21 46
12 22 23
12 23 17
12 24 9
12 25 80
12 26 46
12 27 84
12 28 44
12 29 33
12 30 22
12 31 12
12 32 22
12 33 43
12 34 67
12 35 99
12 36 71
12 37 92
12 38 76
12 39 14
12 40 55
12 41 29
12 42 21
12 43 77
12 44 20
12 45 83
12 46 42
12 47 27
12 48 60
13 14 45
13 15 89
13 16 4
13 17 95
13 18 68
13 19 67
13 20 95
13 21 24
13 22 5
13 23 83
13 24 69
13 25 9
13 26 38
13 27 85
13 28 77
13 29 21
13 30 21
13 31 2
13 32 31
13 33 6
13 34 39
13 35 67
13 36 36
13 37 0
13 38 21
13 39 53
13 40 19
13 41 86
13 42 72
13 43 68
13 44 62
13 45 85
13 46 77
13 47 67
13 48 29
14 15 92
14 16 68
14 17 75
14 18 84
14 19 25
14 20 40
14 21 53
14 22 34
14 23 83
14 24 78
14 25 60
14 26 59
14 27 7
14 28 16
14 29 18
14 30 41
14 31 7
14 32 90
14 33 57
14 34 95
14 35 89
14 36 67
14 37 8
14 38 59
14 39 80
14 40 27
14 41 4
14 42 56
14 43 46
14 44 68
14 45 5
14 46 93
14 47 2
14 48 7
15 16 1
15 17 100
15 18 16
15 19 74
15 20 90
15 21 38
15 22 46
15 23 74
15 24 54
15 25 82
15 26 95
15 27 64
15 28 63
15 29 56
15 30 7
15 31 42
15 32 12
15 33 84
15 34 79
15 35 24
15 36 38
15 37 7
15 38 19
15 39 9
15 40 85
15 41 3
15 42 71
15 43 43
15 44 52
15 45 59
15 46 33
15 47 10
15 48 46
16 17 7
16 18 82
16 19 17
16 20 48
16 21 22
16 22 9
16 23 69
16 24 8
16 25 55
16 26 40
16 27 0
16 28 10
16 29 51
16 30 70
16 31 62
16 32 95
16 33 87
16 34 98
16 35 90
16 36 61
16 37 27
16 38 81
16 39 4
16 40 28
16 41 8
16 42 58
16 43 63
16 44 88
16 45 51
16 46 96
16 47 83
16 48 77
17 18 73
17 19 71
17 20 9
17 21 15
17 22 47
17 23 70
17 24 39
17 25 34
17 26 73
17 27 62
17 28 74
17 29 87
17 30 39
17 31 25
17 32 51
17 33 74
17 34 60
17 35 63
17 36 78
17 37 80
17 38 56
17 39 58
17 40 89
17 41 96
17 42 72
17 43 30
17 44 20
17 45 90
17 46 78
17 47 30
17 48 61
18 19 33
18 20 15
18 21 8
18 22 3
18 23 36
18 24 12
18 25 1
18 26 66
18 27 46
18 28 19
18 29 17
18 30 5
18 31 87
18 32 33
18 33 86
18 34 53
18 35 43
18 36 55
18 37 74
18 38 0
18 39 26
18 40 38
18 41 57
18 42 33
18 43 76
18 44 47
18 45 56
18 46 52
18 47 47
18 48 89
19 20 91
19 21 9
19 22 37
19 23 59
19 24 80
19 25 18
19 26 93
19 27 23
19 28 5
19 29 79
19 30 54
19 31 52
19 32 6
19 33 37
19 34 59
19 35 41
19 36 23
19 37 55
19 38 50
19 39 59
19 40 30
19 41 1
19 42 12
19 43 15
19 44 23
19 45 77
19 46 99
19 47 42
19 48 15
20 21 23
20 22 8
20 23 89
20 24 100
20 25 47
20 26 17
20 27 50
20 28 97
20 29 18
20 30 56
20 31 64
20 32 45
20 33 80
20 34 47
20 35 7
20 36 54
20 37 51
20 38 64
20 39 79
20 40 41
20 41 82
20 42 76
20 43 0
20 44 37
20 45 88
20 46 6
20 47 70
20 48 62
21 22 6
21 23 89
21 24 91
21 25 41
21 26 35
21 27 16
21 28 86
21 29 49
21 30 59
21 31 13
21 32 80
21 33 31
21 34 90
21 35 24
21 36 43
21 37 97
21 38 33
21 39 49
21 40 26
21 41 66
21 42 23
21 43 87
21 44 81
21 45 36
21 46 68
21 47 64
21 48 93
22 23 93
22 24 38
22 25 87
22 26 15
22 27 91
22 28 11
22 29 57
22 30 24
22 31 15
22 32 32
22 33 87
22 34 72
22 35 72
22 36 47
22 37 19
22 38 74
22 39 9
22 40 76
22 41 28
22 42 63
22 43 78
22 44 61
22 45 41
22 46 58
22 47 69
22 48 46
23 24 18
23 25 7
23 26 78
23 27 17
23 28 80
23 29 1
23 30 38
23 31 18
23 32 26
23 33 23
23 34 75
23 35 29
23 36 25
23 37 88
23 38 48
23 39 72
23 40 51
23 41 19
23 42 92
23 43 2
23 44 87
23 45 1
23 46 99
23 47 55
23 48 42
24 25 35
24 26 46
24 27 10
24 28 65
24 29 43
24 30 20
24 31 85
24 32 66
24 33 84
24 34 66
24 35 82
24 36 76
24 37 87
24 38 57
24 39 64
24 40 40
24 41 17
24 42 22
24 43 44
24 44 69
24 45 34
24 46 43
24 47 96
24 48 58
25 26 51
25 27 65
25 28 68
25 29 77
25 30 16
25 31 84
25 32 13
25 33 46
25 34 20
25 35 73
25 36 46
25 37 82
25 38 72
25 39 6
25 40 14
25 41 14
25 42 1
25 43 55
25 44 4
25 45 99
25 46 14
25 47 86
25 48 31
26 27 65
26 28 24
26 29 40
26 30 38
26 31 70
26 32 0
26 33 23
26 34 76
26 35 1
26 36 66
26 37 28
26 38 49
26 39 36
26 40 72
26 41 6
26 42 29
26 43 77
26 44 30
26 45 43
26 46 60
26 47 78
26 48 57
27 28 17
27 29 53
27 30 71
27 31 27
27 32 12
27 33 10
27 34 86
27 35 43
27 36 18
27 37 56
27 38 90
27 39 30
27 40 29
27 41 70
27 42 69
27 43 4
27 44 88
27 45 7
27 46 5
27 47 88
27 48 9
28 29 82
28 30 75
28 31 20
28 32 72
28 33 92
28 34 58
28 35 5
28 36 45
28 37 13
28 38 5
28 39 79
28 40 96
28 41 39
28 42 4
28 43 9
28 44 39
28 45 38
28 46 30
28 47 4
28 48 36
29 30 15
29 31 10
29 32 13
29 33 51
29 34 59
29 35 40
29 36 51
29 37 26
29 38 56
29 39 10
29 40 34
29 41 43
29 42 8
29 43 41
29 44 2
29 45 27
29 46 74
29 47 73
29 48 7
30 31 7
30 32 88
30 33 84
30 34 42
30 35 20
30 36 45
30 37 77
30 38 89
30 39 29
30 40 24
30 41 42
30 42 19
30 43 77
30 44 66
30 45 39
30 46 15
30 47 44
30 48 90
31 32 55
31 33 61
31 34 16
31 35 55
31 36 41
31 37 23
31 38 28
31 39 46
31 40 28
31 41 56
31 42 20
31 43 17
31 44 0
31 45 6
31 46 31
31 47 79
31 48 8
32 33 85
32 34 30
32 35 60
32 36 11
32 37 96
32 38 81
32 39 96
32 40 74
32 41 39
32 42 14
32 43 20
32 44 97
32 45 32
32 46 3
32 47 23
32 48 74
33 34 22
33 35 95
33 36 37
33 37 36
33 38 91
33 39 63
33 40 79
33 41 43
33 42 36
33 43 76
33 44 51
33 45 0
33 46 47
33 47 90
33 48 52
34 35 54
34 36 4
34 37 18
34 38 77
34 39 66
34 40 93
34 41 23
34 42 13
34 43 87
34 44 98
34 45 71
34 46 58
34 47 42
34 48 64
35 36 91
35 37 47
35 38 86
35 39 5
35 40 73
35 41 49
35 42 55
35 43 23
35 44 82
35 45 33
35 46 8
35 47 23
35 48 89
36 37 64
36 38 24
36 39 96
36 40 8
36 41 89
36 42 62
36 43 77
36 44 37
36 45 62
36 46 68
36 47 5
36 48 74
37 38 84
37 39 46
37 40 77
37 41 23
37 42 63
37 43 5
37 44 14
37 45 4
37 46 3
37 47 64
37 48 89
38 39 31
38 40 90
38 41 99
38 42 78
38 43 79
38 44 91
38 45 37
38 46 2
38 47 6
38 48 87
39 40 8
39 41 63
39 42 0
39 43 71
39 44 95
39 45 56
39 46 32
39 47 54
39 48 55
40 41 36
40 42 75
40 43 99
40 44 67
40 45 11
40 46 60
40 47 95
40 48 43
41 42 93
41 43 21
41 44 73
41 45 99
41 46 63
41 47 94
41 48 1
42 43 0
42 44 66
42 45 56
42 46 44
42 47 98
42 48 92
43 44 35
43 45 92
43 46 73
43 47 41
43 48 73
44 45 74
44 46 70
44 47 87
44 48 64
45 46 36
45 47 98
45 48 7
46 47 52
46 48 5
47 48 30
