41 20
0 1 40
0 2 27
0 3 58
0 4 38
0 5 9
0 6 58
0 7 4
0 8 87
0 9 13
0 10 88
0 11 36
0 12 35
0 13 75
0 14 94
0 15 61
0 16 94
0 17 89
0 18 5
0 19 22
0 20 25
0 21 39
0 22 88
0 23 93
0 24 42
0 25 28
0 26 69
0 27 0
0 28 13
0 29 85
0 30 35
0 31 89
0 32 85
0 33 48
0 34 77
0 35 32
0 36 37
0 37 35
0 38 28
0 39 26
0 40 81
1 2 55
1 3 29
1 4 89
1 5 82
1 6 50
1 7 34
1 8 62
1 9 9
1 10 48
1 11 17
1 12 76
1 13 73
1 14 97
1 15 47
1 16 66
1 17 8
1 18 2
1 19 37
1 20 75
1 21 79
1 22 84
1 23 13
1 24 27
1 25 49
1 26 55
1 27 26
1 28 17
1 29 8
1 30 94
1 31 96
1 32 75
1 33 62
1 34 40
1 35 55
1 36 61
1 37 68
1 38 11
1 39 66
1 40 8
2 3 0
2 4 9
2 5 56
2 6 97
2 7 84
2 8 48
2 9 49
2 10 66
2 11 37
2 12 92
2 13 23
2 14 7
2 15 72
2 16 76
2 17 88
2 18 82
2 19 88
2 20 61
2 21 63
2 22 40
2 23 36
2 24 65
2 25 31
2 26 51
2 27 72
2 28 18
2 29 96
2 30 16
2 31 8
2 32 4
2 33 47
2 34 80
2 35 100
2 36 13
2 37 31
2 38 79
2 39 7
2 40 61
3 4 88
3 5 68
3 6 82
3 7 58
3 8 88
3 9 100
3 10 89
3 11 25
3 12 75
3 13 99
3 14 29
3 15 74
3 16 12
3 17 19
3 18 85
3 19 47
3 20 28
3 21 77
3 22 8
3 23 23
3 24 5
3 25 9
3 26 52
3 27 22
3 28 3
3 29 76
3 30 56
3 31 35
3 32 88
3 33 32
3 34 93
3 35 16
3 36 80
3 37 56
3 38 65
3 39 83
3 40 19
4 5 69
4 6 63
4 7 7
4 8 55
4 9 37
4 10 84
4 11 58
4 12 25
4 13 13
4 14 25
4 15 9
4 16 96
4 17 28
4 18 22
4 19 7
4 20 99
4 21 25
4 22 35
4 23 45
4 24 73
4 25 63
4 26 49
4 27 41
4 28 20
4 29 67
4 30 4
4 31 40
4 32 44
4 33 40
4 34 15
4 35 90
4 36 68
4 37 18
4 38 72
4 39 86
4 40 0
5 6 7
5 7 76
5 8 25
5 9 2
5 10 16
5 11 89
5 12 93
5 13 81
5 14 61
5 15 24
5 16 67
5 17 2
5 18 38
5 19 2
5 20 81
5 21 6
5 22 1
5 23 72
5 24 20
5 25 23
5 26 2
5 27 48
5 28 21
5 29 97
5 30 18
5 31 62
5 32 82
5 33 42
5 34 88
5 35 64
5 36 62
5 37 26
5 38 14
5 39 55
5 40 30
6 7 58
6 8 36
6 9 47
6 10 61
6 11 92
6 12 59
6 13 10
6 14 10
6 15 13
6 16 84
6 17 15
6 18 81
6 19 94
6 20 79
6 21 76
6 22 68
6 23 93
6 24 57
6 25 52
6 26 3
6 27 67
6 28 96
6 29 16
6 30 38
6 31 49
6 32 91
6 33 37
6 34 78
6 35 21
6 36 39
6 37 29
6 38 9
6 39 51
6 40 5
7 8 8
7 9 95
7 10 92
7 11 13
7 12 71
7 13 99
7 14 13
7 15 18
7 16 48
7 17 7
7 18 69
7 19 88
7 20 44
7 21 1
7 22 49
7 23 3
7 24 94
7 25 0
7 26 88
7 27 93
7 28 17
7 29 92
7 30 57
7 31 48
7 32 64
7 33 73
7 34 95
7 35 91
7 36 99
7 37 48
7 38 83
7 39 64
7 40 60
8 9 7
8 10 83
8 11 38
8 12 69
8 13 79
8 14 64
8 15 63
8 16 75
8 17 45
8 18 57
8 19 59
8 20 42
8 21 78
8 22 92
8 23 1
8 24 64
8 25 47
8 26 69
8 27 29
8 28 69
8 29 78
8 30 62
8 31 93
8 32 96
8 33 98
8 34 13
8 35 99
8 36 20
8 37 29
8 38 91
8 39 27
8 40 47
9 10 69
9 11 8
9 12 83
9 13 14
9 14 89
9 15 13
9 16 72
9 17 94
9 18 10
9 19 64
9 20 75
9 21 36
9 22 33
9 23 13
9 24 36
9 25 46
9 26 81
9 27 7
9 28 40
9 29 49
9 30 64
9 31 53
9 32 90
9 33 56
9 34 86
9 35 66
9 36 19
9 37 32
9 38 29
9 39 17
9 40 6
10 11 60
10 12 100
10 13 82
10 14 8
10 15 31
10 16 34
10 17 93
10 18 90
10 19 87
10 20 75
10 21 2
10 22 85
10 23 16
10 24 13
10 25 7
10 26 27
10 27 70
10 28 45
10 29 43
10 30 42
10 31 73
10 32 60
10 33 19
10 34 99
10 35 53
10 36 28
10 37 9
10 38 15
10 39 22
10 40 65
11 12 40
11 13 65
11 14 84
11 15 27
11 16 0
11 17 10
11 18 85
11 19 84
11 20 85
11 21 62
11 22 95
11 23 26
11 24 72
11 25 73
11 26 92
11 27 86
11 28 37
11 29 69
11 30 19
11 31 34
11 32 40
11 33 70
11 34 82
11 35 4
11 36 90
11 37 24
11 38 46
11 39 96
11 40 85
12 13 43
12 14 69
12 15 33
12 16 76
12 17 7
12 18 41
12 19 18
12 20 30
12 21 55
12 22 47
12 23 16
12 24 98
12 25 54
12 26 37
12 27 20
12 28 42
12 29 74
12 30 18
12 31 19
12 32 35
12 33 37
12 34 98
12 35 77
12 36 80
12 37 37
12 38 49
12 39 43
12 40 82
13 14 17
13 15 95
13 16 60
13 17 60
13 18 11
13 19 75
13 20 8
13 21 82
13 22 100
13 23 84
13 24 54
13 25 17
13 26 16
13 27 23
13 28 42
13 29 11
13 30 66
13 31 99
13 32 86
13 33 44
13 34 88
13 35 10
13 36 56
13 37 10
13 38 22
13 39 3
13 40 30
14 15 4
14 16 33
14 17 20
14 18 65
14 19 19
14 20 21
14 21 10
14 22 88
14 23 69
14 24 73
14 25 37
14 26 35
14 27 30
14 28 12
14 29 43
14 30 9
14 31 98
14 32 58
14 33 75
14 34 95
14 35 25
14 36 13
14 37 20
14 38 0
14 39 8
14 40 38
15 16 57
15 17 1
15 18 79
15 19 71
15 20 95
15 21 17
15 22 21
15 23 6
15 24 71
15 25 20
15 26 85
15 27 50
15 28 16
15 29 27
15 30 19
15 31 72
15 32 19
15 33 52
15 34 99
15 35 53
15 36 66
15 37 24
15 38 73
15 39 30
15 40 7
16 17 85
16 18 13
16 19 30
16 20 67
16 21 97
16 22 67
16 23 8
16 24 79
16 25 60
16 26 4
16 27 98
16 28 59
16 29 92
16 30 29
16 31 88
16 32 12
16 33 11
16 34 51
16 35 63
16 36 88
16 37 67
16 38 31
16 39 62
16 40 14
17 18 90
17 19 17
17 20 76
17 21 45
17 22 93
17 23 86
17 24 33
17 25 85
17 26 35
17 27 37
17 28 15
17 29 73
17 30 10
17 31 24
17 32 98
17 33 81
17 34 87
17 35 4
17 36 20
17 37 40
17 38 30
17 39 92
17 40 17
18 19 22
18 20 37
18 21 26
18 22 21
18 23 97
18 24 31
18 25 37
18 26 4
18 27 87
18 28 42
18 29 30
18 30 40
18 31 11
18 32 61
18 33 78
18 34 11
18 35 64
18 36 40
18 37 94
18 38 81
18 39 7
18 40 1
19 20 54
19 21 22
19 22 68
19 23 20
19 24 25
19 25 49
19 26 21
19 27 89
19 28 44
19 29 83
19 30 72
19 31 72
19 32 52
19 33 30
19 34 59
19 35 79
19 36 70
19 37 63
19 38 7
19 39 79
19 40 78
20 21 3
20 22 20
20 23 53
20 24 36
20 25 1
20 26 72
20 27 51
20 28 12
20 29 21
20 30 90
20 31 45
20 32 37
20 33 99
20 34 47
20 35 61
20 36 39
20 37 75
20 38 12
20 39 26
20 40 99
21 22 68
21 23 73
21 24 69
21 25 87
21 26 17
21 27 88
21 28 32
21 29 72
21 30 63
21 31 76
21 32 95
21 33 33
21 34 55
21 35 63
21 36 79
21 37 45
21 38 33
21 39 95
21 40 65
22 23 76
22 24 5
22 25 76
22 26 81
22 27 73
22 28 90
22 29 82
22 30 38
22 31 91
22 32 30
22 33 58
22 34 37
22 35 22
22 36 97
22 37 27
22 38 72
22 39 36
22 40 77
23 24 16
23 25 26
23 26 53
23 27 83
23 28 0
23 29 37
23 30 49
23 31 78
23 32 91
23 33 65
23 34 52
23 35 46
23 36 76
23 37 72
23 38 38
23 39 74
23 40 66
24 25 50
24 26 100
24 27 24
24 28 0
24 29 39
24 30 38
24 31 16
24 32 33
24 33 14
24 34 22
24 35 2
24 36 96
24 37 30
24 38 17
24 39 11
24 40 23
25 26 78
25 27 14
25 28 88
25 29 47
25 30 28
25 31 95
25 32 66
25 33 11
25 34 91
25 35 58
25 36 97
25 37 29
25 38 14
25 39 88
25 40 17
26 27 8
26 28 81
26 29 30
26 30 51
26 31 19
26 32 47
26 33 96
26 34 100
26 35 67
26 36 1
26 37 38
26 38 92
26 39 39
26 40 92
27 28 86
27 29 97
27 30 38
27 31 83
27 32 2
27 33 29
27 34 21
27 35 66
27 36 94
27 37 5
27 38 34
27 39 85
27 40 74
28 29 55
28 30 77
28 31 85
28 32 54
28 33 39
28 34 71
28 35 70
28 36 20
28 37 8
28 38 79
28 39 87
28 40 91
29 30 60
29 31 70
29 32 56
29 33 73
29 34 23
29 35 29
29 36 50
29 37 22
29 38 96
29 39 29
29 40 35
30 31 12
30 32 14
30 33 58
30 34 39
30 35 85
30 36 90
30 37 69
30 38 88
30 39 14
30 40 55
31 32 53
31 33 28
31 34 29
31 35 67
31 36 69
31 37 54
31 38 79
31 39 44
31 40 9
32 33 97
32 34 64
32 35 21
32 36 81
32 37 31
32 38 49
32 39 4
32 40 55
33 34 81
33 35 67
33 36 8
33 37 9
33 38 59
33 39 68
33 40 54
34 35 93
34 36 53
34 37 78
34 38 35
34 39 83
34 40 45
35 36 64
35 37 14
35 38 34
35 39 79
35 40 0
36 37 4
36 38 63
36 39 31
36 40 42
37 38 88
37 39 52
37 40 66
38 39 63
38 40 23
39 40 69
