50 25
0 1 41
0 2 24
0 3 98
0 4 84
0 5 47
0 6 32
0 7 80
0 8 67
0 9 38
0 10 59
0 11 85
0 12 9
0 13 60
0 14 31
0 15 73
0 16 62
0 17 30
0 18 62
0 19 90
0 20 74
0 21 74
0 22 68
0 23 43
0 24 73
0 25 21
0 26 85
0 27 41
0 28 12
0 29 32
0 30 71
0 31 62
0 32 1
0 33 55
0 34 72
0 35 45
0 36 15
0 37 89
0 38 58
0 39 22
0 40 26
0 41 53
0 42 94
0 43 71
0 44 35
0 45 100
0 46 17
0 47 71
0 48 4
0 49 91
1 2 26
1 3 43
1 4 89
1 5 8
1 6 37
1 7 25
1 8 87
1 9 28
1 10 46
1 11 85
1 12 39
1 13 45
1 14 17
1 15 41
1 16 36
1 17 6
1 18 51
1 19 57
1 20 68
1 21 96
1 22 22
1 23 10
1 24 28
1 25 14
1 26 1
1 27 87
1 28 88
1 29 79
1 30 61
1 31 1
1 32 38
1 33 45
1 34 55
1 35 86
1 36 86
1 37 34
1 38 95
1 39 8
1 40 84
1 41 5
1 42 25
1 43 71
1 44 84
1 45 77
1 46 69
1 47 79
1 48 81
1 49 78
2 3 26
2 4 29
2 5 55
2 6 63
2 7 36
2 8 8
2 9 77
2 10 3
2 11 39
2 12 37
2 13 27
2 14 11
2 15 99
2 16 54
2 17 10
2 18 69
2 19 67
2 20 80
2 21 33
2 22 17
2 23 63
2 24 95
2 25 29
2 26 89
2 27 39
2 28 40
2 29 24
2 30 91
2 31 92
2 32 63
2 33 56
2 34 28
2 35 13
2 36 64
2 37 32
2 38 98
2 39 71
2 40 54
2 41 36
2 42 75
2 43 26
2 44 35
2 45 68
2 46 56
2 47 76
2 48 15
2 49 96
3 4 28
3 5 3
3 6 31
3 7 74
3 8 72
3 9 27
3 10 90
3 11 62
3 12 68
3 13 99
3 14 11
3 15 44
3 16 75
3 17 48
3 18 34
3 19 56
3 20 76
3 21 54
3 22 61
3 23 68
3 24 59
3 25 56
3 26 90
3 27 99
3 28 59
3 29 42
3 30 47
3 31 76
3 32 94
3 33 4
3 34 18
3 35 58
3 36 97
3 37 72
3 38 94
3 39 75
3 40 37
3 41 75
3 42 18
3 43 92
3 44 36
3 45 57
3 46 37
3 47 15
3 48 52
3 49 4
4 5 51
4 6 24
4 7 18
4 8 36
4 9 15
4 10 55
4 11 24
4 12 81
4 13 22
4 14 31
4 15 42
4 16 87
4 17 65
4 18 12
4 19 49
4 20 87
4 21 13
4 22 10
4 23 2
4 24 3
4 25 6
4 26 95
4 27 29
4 28 63
4 29 68
4 30 98
4 31 62
4 32 99
4 33 70
4 34 74
4 35 42
4 36 5
4 37 15
4 38 77
4 39 100
4 40 21
4 41 18
4 42 26
4 43 29
4 44 36
4 45 28
4 46 54
4 47 37
4 48 6
4 49 58
5 6 75
5 7 62
5 8 98
5 9 42
5 10 50
5 11 11
5 12 69
5 13 41
5 14 58
5 15 74
5 16 78
5 17 73
5 18 91
5 19 18
5 20 90
5 21 51
5 22 85
5 23 2
5 24 43
5 25 54
5 26 29
5 27 36
5 28 48
5 29 33
5 30 1
5 31 87
5 32 22
5 33 58
5 34 15
5 35 81
5 36 72
5 37 1
5 38 81
5 39 47
5 40 40
5 41 67
5 42 14
5 43 97
5 44 13
5 45 100
5 46 63
5 47 30
5 48 6
5 49 40
6 7 87
6 8 8
6 9 8
6 10 14
6 11 98
6 12 66
6 13 34
6 14 27
6 15 40
6 16 18
6 17 72
6 18 57
6 19 37
6 20 26
6 21 50
6 22 39
6 23 83
6 24 19
6 25 71
6 26 97
6 27 35
6 28 16
6 29 31
6 30 85
6 31 26
6 32 91
6 33 98
6 34 98
6 35 80
6 36 37
6 37 14
6 38 90
6 39 64
6 40 61
6 41 94
6 42 50
6 43 44
6 44 2
6 45 79
6 46 67
6 47 40
6 48 93
6 49 99
7 8 10
7 9 90
7 10 97
7 11 62
7 12 68
7 13 53
7 14 23
7 15 94
7 16 49
7 17 30
7 18 88
7 19 86
7 20 95
7 21 73
7 22 76
7 23 16
7 24 82
7 25 9
7 26 77
7 27 74
7 28 81
7 29 79
7 30 85
7 31 85
7 32 69
7 33 68
7 34 89
7 35 14
7 36 55
7 37 69
7 38 47
7 39 34
7 40 33
7 41 52
7 42 44
7 43 98
7 44 84
7 45 91
7 46 96
7 47 76
7 48 40
7 49 35
8 9 21
8 10 62
8 11 40
8 12 18
8 13 49
8 14 88
8 15 1
8 16 45
8 17 70
8 18 59
8 19 19
8 20 25
8 21 5
8 22 62
8 23 38
8 24 65
8 25 85
8 26 22
8 27 34
8 28 21
8 29 81
8 30 35
8 31 36
8 32 77
8 33 86
8 34 91
8 35 11
8 36 14
8 37 7
8 38 89
8 39 53
8 40 5
8 41 83
8 42 76
8 43 46
8 44 36
8 45 55
8 46 3
8 47 41
8 48 65
8 49 95
9 10 71
9 11 58
9 12 72
9 13 47
9 14 32
9 15 79
9 16 78
9 17 84
9 18 69
9 19 1
9 20 97
9 21 51
9 22 58
9 23 76
9 24 54
9 25 16
9 26 56
9 27 83
9 28 72
9 29 78
9 30 28
9 31 8
9 32 69
9 33 85
9 34 26
9 35 33
9 36 14
9 37 43
9 38 74
9 39 71
9 40 90
9 41 51
9 42 61
9 43 14
9 44 84
9 45 74
9 46 80
9 47 72
9 48 75
9 49 7
10 11 89
10 12 93
10 13 71
10 14 95
10 15 52
10 16 91
10 17 72
10 18 1
10 19 60
10 20 23
10 21 12
10 22 78
10 23 22
10 24 45
10 25 64
10 26 30
10 27 96
10 28 8
10 29 63
10 30 95
10 31 85
10 32 17
10 33 11
10 34 3
10 35 1
10 36 54
10 37 46
10 38 80
10 39 21
10 40 82
10 41 100
10 42 54
10 43 90
10 44 31
10 45 23
10 46 86
10 47 26
10 48 29
10 49 15
11 12 27
11 13 64
11 14 10
11 15 38
11 16 56
11 17 67
11 18 18
11 19 52
11 20 45
11 21 14
11 22 36
11 23 17
11 24 84
11 25 7
11 26 78
11 27 56
11 28 66
11 29 58
11 30 95
11 31 88
11 32 19
11 33 75
11 34 30
11 35 65
11 36 57
11 37 55
11 38 12
11 39 33
11 40 39
11 41 75
11 42 67
11 43 55
11 44 31
11 45 70
11 46 76
11 47 59
11 48 12
11 49 10
12 13 92
12 14 69
12 15 35
12 16 19
12 17 94
12 18 94
12 19 12
12 20 81
12 21 20
12 22 18
12 23 36
12 24 18
12 25 68
12 26 4
12 27 13
12 28 59
12 29 26
12 30 74
12 31 18
12 32 51
12 33 72
12 34 82
12 35 36
12 36 60
12 37 49
12 38 58
12 39 22
12 40 92
12 41 70
12 42 97
12 43 6
12 44 8
12 45 77
12 46 97
12 47 81
12 48 84
12 49 6
13 14 43
13 15 49
13 16 66
13 17 15
13 18 67
13 19 42
13 20 52
13 21 10
13 22 87
13 23 27
13 24 24
13 25 28
13 26 22
13 27 81
13 28 13
13 29 61
13 30 93
13 31 29
13 32 59
13 33 45
13 34 78
13 35 67
13 36 44
13 37 37
13 38 12
13 39 78
13 40 76
13 41 39
13 42 65
13 43 95
13 44 73
13 45 24
13 46 37
13 47 85
13 48 98
13 49 23
14 15 35
14 16 39
14 17 46
14 18 43
14 19 84
14 20 89
14 21 71
14 22 99
14 23 92
14 24 34
14 25 32
14 26 47
14 27 96
14 28 81
14 29 88
14 30 78
14 31 51
14 32 53
14 33 57
14 34 68
14 35 33
14 36 5
14 37 9
14 38 25
14 39 63
14 40 6
14 41 78
14 42 27
14 43 86
14 44 95
14 45 96
14 46 49
14 47 19
14 48 100
14 49 15
15 16 12
15 17 52
15 18 34
15 19 19
15 20 74
15 21 22
15 22 38
15 23 83
15 24 64
15 25 35
15 26 66
15 27 7
15 28 3
15 29 68
15 30 33
15 31 37
15 32 78
15 33 67
15 34 11
15 35 72
15 36 31
15 37 57
15 38 19
15 39 52
15 40 52
15 41 86
15 42 21
15 43 49
15 44 12
15 45 51
15 46 67
15 47 42
15 48 89
15 49 19
16 17 67
16 18 15
16 19 90
16 20 50
16 21 35
16 22 36
16 23 39
16 24 87
16 25 43
16 26 9
16 27 30
16 28 39
16 29 28
16 30 40
16 31 38
16 32 76
16 33 28
16 34 49
16 35 33
16 36 83
16 37 72
16 38 55
16 39 25
16 40 85
16 41 96
16 42 32
16 43 67
16 44 82
16 45 10
16 46 61
16 47 92
16 48 69
16 49 48
17 18 14
17 19 60
17 20 11
17 21 72
17 22 91
17 23 96
17 24 4
17 25 86
17 26 50
17 27 8
17 28 88
17 29 34
17 30 34
17 31 16
17 32 80
17 33 7
17 34 82
17 35 67
17 36 61
17 37 23
17 38 56
17 39 5
17 40 52
17 41 59
17 42 92
17 43 46
17 44 73
17 45 54
17 46 2
17 47 12
17 48 15
17 49 77
18 19 87
18 20 15
18 21 52
18 22 78
18 23 98
18 24 11
18 25 97
18 26 71
18 27 12
18 28 12
18 29 80
18 30 25
18 31 94
18 32 75
18 33 14
18 34 77
18 35 90
18 36 94
18 37 40
18 38 31
18 39 67
18 40 38
18 41 79
18 42 19
18 43 80
18 44 75
18 45 78
18 46 1
18 47 83
18 48 60
18 49 88
19 20 23
19 21 89
19 22 50
19 23 19
19 24 20
19 25 71
19 26 78
19 27 1
19 28 41
19 29 46
19 30 68
19 31 43
19 32 32
19 33 92
19 34 67
19 35 5
19 36 10
19 37 94
19 38 62
19 39 87
19 40 24
19 41 81
19 42 11
19 43 42
19 44 16
19 45 79
19 46 97
19 47 54
19 48 92
19 49 53
20 21 16
20 22 51
20 23 85
20 24 100
20 25 56
20 26 42
20 27 89
20 28 8
20 29 93
20 30 11
20 31 42
20 32 25
20 33 99
20 34 21
20 35 15
20 36 20
20 37 27
20 38 79
20 39 58
20 40 54
20 41 97
20 42 34
20 43 74
20 44 88
20 45 30
20 46 71
20 47 60
20 48 26
20 49 95
21 22 60
21 23 48
21 24 36
21 25 74
21 26 53
21 27 30
21 28 34
21 29 94
21 30 96
21 31 96
21 32 41
21 33 26
21 34 9
21 35 34
21 36 95
21 37 17
21 38 86
21 39 4
21 40 17
21 41 70
21 42 94
21 43 21
21 44 16
21 45 20
21 46 81
21 47 100
21 48 86
21 49 66
22 23 79
22 24 87
22 25 57
22 26 81
22 27 60
22 28 12
22 29 11
22 30 85
22 31 46
22 32 20
22 33 8
22 34 3
22 35 57
22 36 93
22 37 23
22 38 82
22 39 65
22 40 90
22 41 7
22 42 31
22 43 74
22 44 76
22 45 38
22 46 16
22 47 19
22 48 81
22 49 5
23 24 11
23 25 82
23 26 54
23 27 18
23 28 46
23 29 86
23 30 31
23 31 57
23 32 68
23 33 73
23 34 77
23 35 7
23 36 42
23 37 51
23 38 47
23 39 10
23 40 8
23 41 62
23 42 96
23 43 100
23 44 65
23 45 62
23 46 83
23 47 26
23 48 81
23 49 66
24 25 86
24 26 43
24 27 71
24 28 49
24 29 72
24 30 69
24 31 21
24 32 40
24 33 59
24 34 54
24 35 63
24 36 74
24 37 52
24 38 4
24 39 11
24 40 66
24 41 22
24 42 19
24 43 100
24 44 25
24 45 52
24 46 38
24 47 6
24 48 97
24 49 62
25 26 25
25 27 52
25 28 85
25 29 75
25 30 10
25 31 33
25 32 75
25 33 60
25 34 38
25 35 6
25 36 42
25 37 25
25 38 55
25 39 29
25 40 18
25 41 29
25 42 91
25 43 92
25 44 59
25 45 78
25 46 92
25 47 43
25 48 79
25 49 79
26 27 17
26 28 2
26 29 4
26 30 48
26 31 48
26 32 64
26 33 97
26 34 62
26 35 22
26 36 64
26 37 4
26 38 63
26 39 99
26 40 66
26 41 47
26 42 85
26 43 44
26 44 43
26 45 85
26 46 51
26 47 47
26 48 2
26 49 69
27 28 11
27 29 22
27 30 71
27 31 98
27 32 74
27 33 54
27 34 17
27 35 2
27 36 65
27 37 74
27 38 69
27 39 28
27 40 77
27 41 93
27 42 56
27 43 88
27 44 7
27 45 35
27 46 29
27 47 6
27 48 68
27 49 65
28 29 43
28 30 22
28 31 64
28 32 19
28 33 64
28 34 4
28 35 58
28 36 80
28 37 7
28 38 68
28 39 44
28 40 86
28 41 51
28 42 35
28 43 99
28 44 76
28 45 81
28 46 81
28 47 61
28 48 2
28 49 21
29 30 88
29 31 34
29 32 22
29 33 38
29 34 50
29 35 95
29 36 42
29 37 94
29 38 40
29 39 24
29 40 64
29 41 43
29 42 72
29 43 15
29 44 62
29 45 88
29 46 15
29 47 21
29 48 5
29 49 25
30 31 9
30 32 98
30 33 21
30 34 46
30 35 3
30 36 94
30 37 95
30 38 79
30 39 27
30 40 18
30 41 97
30 42 28
30 43 4
30 44 85
30 45 26
30 46 58
30 47 3
30 48 99
30 49 36
31 32 55
31 33 38
31 34 21
31 35 20
31 36 45
31 37 28
31 38 15
31 39 5
31 40 92
31 41 87
31 42 15
31 43 88
31 44 31
31 45 61
31 46 49
31 47 28
31 48 93
31 49 59
32 33 86
32 34 34
32 35 61
32 36 23
32 37 48
32 38 20
32 39 75
32 40 93
32 41 24
32 42 40
32 43 53
32 44 17
32 45 62
32 46 81
32 47 11
32 48 83
32 49 81
33 34 82
33 35 48
33 36 4
33 37 10
33 38 33
33 39 78
33 40 48
33 41 26
33 42 70
33 43 26
33 44 27
33 45 37
33 46 48
33 47 92
33 48 7
33 49 22
34 35 97
34 36 3
34 37 90
34 38 70
34 39 38
34 40 19
34 41 47
34 42 19
34 43 98
34 44 22
34 45 84
34 46 72
34 47 75
34 48 61
34 49 75
35 36 82
35 37 63
35 38 26
35 39 5
35 40 59
35 41 94
35 42 55
35 43 49
35 44 50
35 45 95
35 46 21
35 47 36
35 48 76
35 49 27
36 37 98
36 38 7
36 39 95
36 40 50
36 41 51
36 42 66
36 43 66
36 44 83
36 45 56
36 46 45
36 47 12
36 48 82
36 49 7
37 38 44
37 39 17
37 40 2
37 41 89
37 42 15
37 43 44
37 44 8
37 45 71
37 46 81
37 47 55
37 48 52
37 49 18
38 39 67
38 40 43
38 41 86
38 42 47
38 43 40
38 44 9
38 45 33
38 46 5
38 47 87
38 48 7
38 49 66
39 40 39
39 41 68
39 42 77
39 43 26
39 44 23
39 45 31
39 46 68
39 47 8
39 48 95
39 49 86
40 41 10
40 42 24
40 43 29
40 44 29
40 45 48
40 46 78
40 47 6
40 48 61
40 49 25
41 42 78
41 43 63
41 44 5
41 45 17
41 46 85
41 47 5
41 48 27
41 49 70
42 43 91
42 44 27
42 45 14
42 46 43
42 47 86
42 48 95
42 49 38
43 44 20
43 45 92
43 46 35
43 47 88
43 48 60
43 49 91
44 45 92
44 46 93
44 47 32
44 48 85
44 49 2
45 46 72
45 47 65
45 48 30
45 49 89
46 47 52
46 48 7
46 49 3
47 48 48
47 49 18
48 49 45
