50 25
0 1 34
0 2 92
0 3 30
0 4 83
0 5 68
0 6 22
0 7 73
0 8 61
0 9 14
0 10 8
0 11 16
0 12 34
0 13 14
0 14 100
0 15 6
0 16 61
0 17 14
0 18 62
0 19 26
0 20 91
0 21 24
0 22 3
0 23 49
0 24 29
0 25 100
0 26 21
0 27 52
0 28 41
0 29 16
0 30 92
0 31 46
0 32 11
0 33 53
0 34 20
0 35 64
0 36 22
0 37 46
0 38 53
0 39 40
0 40 11
0 41 77
0 42 7
0 43 87
0 44 67
0 45 31
0 46 90
0 47 29
0 48 93
0 49 22
1 2 69
1 3 63
1 4 97
1 5 67
1 6 18
1 7 98
1 8 73
1 9 53
1 10 53
1 11 48
1 12 26
1 13 21
1 14 67
1 15 10
1 16 83
1 17 55
1 18 35
1 19 7
1 20 42
1 21 52
1 22 40
1 23 14
1 24 50
1 25 19
1 26 74
1 27 49
1 28 97
1 29 60
1 30 9
1 31 64
1 32 53
1 33 33
1 34 70
1 35 20
1 36 81
1 37 76
1 38 13
1 39 51
1 40 29
1 41 75
1 42 61
1 43 3
1 44 9
1 45 98
1 46 99
1 47 82
1 48 59
1 49 82
2 3 95
2 4 63
2 5 34
2 6 5
2 7 75
2 8 20
2 9 87
2 10 21
2 11 93
2 12 99
2 13 58
2 14 80
2 15 58
2 16 5
2 17 59
2 18 21
2 19 75
2 20 59
2 21 39
2 22 16
2 23 50
2 24 43
2 25 4
2 26 31
2 27 92
2 28 50
2 29 68
2 30 91
2 31 49
2 32 27
2 33 23
2 34 77
2 35 78
2 36 26
2 37 90
2 38 9
2 39 92
2 40 60
2 41 69
2 42 65
2 43 2
2 44 80
2 45 56
2 46 27
2 47 35
2 48 100
2 49 26
3 4 69
3 5 33
3 6 72
3 7 58
3 8 2
3 9 4
3 10 10
3 11 12
3 12 21
3 13 68
3 14 25
3 15 85
3 16 63
3 17 84
3 18 96
3 19 99
3 20 17
3 21 100
3 22 55
3 23 81
3 24 39
3 25 8
3 26 81
3 27 11
3 28 54
3 29 15
3 30 35
3 31 59
3 32 81
3 33 30
3 34 68
3 35 28
3 36 94
3 37 3
3 38 86
3 39 71
3 40 6
3 41 64
3 42 45
3 43 8
3 44 90
3 45 23
3 46 96
3 47 58
3 48 74
3 49 18
4 5 33
4 6 47
4 7 92
4 8 59
4 9 48
4 10 44
4 11 15
4 12 2
4 13 22
4 14 65
4 15 38
4 16 58
4 17 52
4 18 10
4 19 47
4 20 7
4 21 5
4 22 47
4 23 91
4 24 36
4 25 36
4 26 24
4 27 41
4 28 26
4 29 95
4 30 67
4 31 73
4 32 39
4 33 95
4 34 98
4 35 12
4 36 33
4 37 33
4 38 74
4 39 33
4 40 3
4 41 52
4 42 10
4 43 74
4 44 9
4 45 83
4 46 88
4 47 41
4 48 1
4 49 19
5 6 3
5 7 21
5 8 94
5 9 70
5 10 83
5 11 20
5 12 26
5 13 31
5 14 31
5 15 70
5 16 7
5 17 71
5 18 10
5 19 41
5 20 93
5 21 51
5 22 17
5 23 48
5 24 66
5 25 83
5 26 18
5 27 61
5 28 42
5 29 10
5 30 15
5 31 48
5 32 50
5 33 100
5 34 44
5 35 87
5 36 30
5 37 54
5 38 70
5 39 96
5 40 19
5 41 33
5 42 75
5 43 66
5 44 71
5 45 8
5 46 22
5 47 16
5 48 67
5 49 63
6 7 71
6 8 76
6 9 22
6 10 66
6 11 66
6 12 79
6 13 24
6 14 48
6 15 30
6 16 69
6 17 28
6 18 43
6 19 1
6 20 61
6 21 36
6 22 42
6 23 13
6 24 72
6 25 31
6 26 17
6 27 35
6 28 51
6 29 1
6 30 41
6 31 36
6 32 82
6 33 74
6 34 18
6 35 41
6 36 40
6 37 70
6 38 62
6 39 86
6 40 86
6 41 66
6 42 14
6 43 86
6 44 81
6 45 51
6 46 98
6 47 73
6 48 77
6 49 72
7 8 48
7 9 31
7 10 6
7 11 10
7 12 45
7 13 99
7 14 75
7 15 65
7 16 83
7 17 53
7 18 42
7 19 17
7 20 94
7 21 71
7 22 45
7 23 91
7 24 60
7 25 25
7 26 53
7 27 27
7 28 66
7 29 37
7 30 42
7 31 68
7 32 59
7 33 41
7 34 85
7 35 49
7 36 63
7 37 79
7 38 52
7 39 51
7 40 21
7 41 30
7 42 13
7 43 25
7 44 59
7 45 88
7 46 59
7 47 56
7 48 93
7 49 45
8 9 29
8 10 69
8 11 45
8 12 11
8 13 77
8 14 20
8 15 27
8 16 74
8 17 94
8 18 44
8 19 77
8 20 58
8 21 86
8 22 1
8 23 76
8 24 66
8 25 53
8 26 11
8 27 28
8 28 41
8 29 35
8 30 81
8 31 14
8 32 94
8 33 17
8 34 76
8 35 69
8 36 35
8 37 93
8 38 13
8 39 72
8 40 26
8 41 39
8 42 71
8 43 20
8 44 88
8 45 51
8 46 69
8 47 34
8 48 34
8 49 11
9 10 16
9 11 56
9 12 39
9 13 88
9 14 47
9 15 87
9 16 19
9 17 28
9 18 89
9 19 52
9 20 73
9 21 87
9 22 56
9 23 12
9 24 41
9 25 16
9 26 95
9 27 54
9 28 39
9 29 41
9 30 64
9 31 68
9 32 70
9 33 16
9 34 6
9 35 42
9 36 38
9 37 40
9 38 28
9 39 34
9 40 72
9 41 42
9 42 25
9 43 48
9 44 40
9 45 3
9 46 12
9 47 39
9 48 47
9 49 58
10 11 12
10 12 31
10 13 68
10 14 45
10 15 92
10 16 7
10 17 97
10 18 8
10 19 77
10 20 96
10 21 96
10 22 25
10 23 14
10 24 49
10 25 95
10 26 26
10 27 66
10 28 92
10 29 73
10 30 23
10 31 8
10 32 29
10 33 98
10 34 90
10 35 14
10 36 88
10 37 19
10 38 26
10 39 46
10 40 73
10 41 22
10 42 24
10 43 36
10 44 40
10 45 14
10 46 19
10 47 52
10 48 25
10 49 50
11 12 46
11 13 15
11 14 60
11 15 33
11 16 58
11 17 73
11 18 58
11 19 60
11 20 90
11 21 61
11 22 35
11 23 4
11 24 41
11 25 60
11 26 89
11 27 74
11 28 56
11 29 64
11 30 81
11 31 40
11 32 64
11 33 49
11 34 29
11 35 44
11 36 10
11 37 14
11 38 58
11 39 70
11 40 74
11 41 89
11 42 37
11 43 43
11 44 89
11 45 34
11 46 55
11 47 57
11 48 85
11 49 93
12 13 33
12 14 78
12 15 1
12 16 77
12 17 40
12 18 42
12 19 1
12 20 35
12 21 70
12 22 89
12 23 80
12 24 31
12 25 34
12 26 18
12 27 16
12 28 93
12 29 92
12 30 90
12 31 97
12 32 75
12 33 94
12 34 57
12 35 16
12 36 61
12 37 7
12 38 67
12 39 37
12 40 23
12 41 21
12 42 27
12 43 37
12 44 16
12 45 18
12 46 37
12 47 68
12 48 66
12 49 59
13 14 73
13 15 56
13 16 62
13 17 74
13 18 31
13 19 12
13 20 69
13 21 59
13 22 60
13 23 90
13 24 58
13 25 79
13 26 20
13 27 69
13 28 64
13 29 70
13 30 2
13 31 72
13 32 96
13 33 94
13 34 100
13 35 14
13 36 10
13 37 98
13 38 57
13 39 37
13 40 32
13 41 61
13 42 40
13 43 86
13 44 8
13 45 87
13 46 8
13 47 3
13 48 20
13 49 31
14 15 8
14 16 90
14 17 74
14 18 98
14 19 27
14 20 82
14 21 1
14 22 83
14 23 25
14 24 2
14 25 1
14 26 95
14 27 22
14 28 10
14 29 41
14 30 99
14 31 41
14 32 4
14 33 45
14 34 53
14 35 18
14 36 65
14 37 80
14 38 58
14 39 8
14 40 62
14 41 20
14 42 3
14 43 13
14 44 70
14 45 17
14 46 16
14 47 52
14 48 38
14 49 14
15 16 95
15 17 28
15 18 89
15 19 72
15 20 18
15 21 71
15 22 74
15 23 4
15 24 20
15 25 91
15 26 31
15 27 71
15 28 71
15 29 66
15 30 15
15 31 1
15 32 44
15 33 100
15 34 28
15 35 95
15 36 41
15 37 78
15 38 40
15 39 97
15 40 17
15 41 42
15 42 63
15 43 95
15 44 60
15 45 82
15 46 42
15 47 62
15 48 39
15 49 94
16 17 89
16 18 8
16 19 56
16 20 20
16 21 53
16 22 11
16 23 85
16 24 82
16 25 29
16 26 34
16 27 90
16 28 19
16 29 38
16 30 37
16 31 44
16 32 81
16 33 32
16 34 98
16 35 86
16 36 97
16 37 35
16 38 56
16 39 5
16 40 99
16 41 81
16 42 80
16 43 1
16 44 54
16 45 33
16 46 20
16 47 62
16 48 4
16 49 24
17 18 4
17 19 9
17 20 59
17 21 35
17 22 99
17 23 69
17 24 16
17 25 47
17 26 74
17 27 81
17 28 88
17 29 26
17 30 2
17 31 86
17 32 26
17 33 52
17 34 9
17 35 94
17 36 51
17 37 11
17 38 85
17 39 4
17 40 5
17 41 85
17 42 55
17 43 85
17 44 27
17 45 4
17 46 79
17 47 46
17 48 60
17 49 66
18 19 84
18 20 93
18 21 65
18 22 67
18 23 98
18 24 34
18 25 100
18 26 80
18 27 75
18 28 2
18 29 1
18 30 46
18 31 79
18 32 90
18 33 98
18 34 39
18 35 37
18 36 38
18 37 39
18 38 33
18 39 98
18 40 68
18 41 38
18 42 90
18 43 2
18 44 94
18 45 79
18 46 6
18 47 27
18 48 49
18 49 12
19 20 11
19 21 14
19 22 52
19 23 42
19 24 11
19 25 21
19 26 36
19 27 85
19 28 74
19 29 38
19 30 85
19 31 25
19 32 84
19 33 13
19 34 67
19 35 97
19 36 1
19 37 5
19 38 12
19 39 87
19 40 54
19 41 43
19 42 43
19 43 12
19 44 49
19 45 30
19 46 44
19 47 55
19 48 48
19 49 16
20 21 96
20 22 70
20 23 16
20 24 97
20 25 78
20 26 3
20 27 34
20 28 47
20 29 62
20 30 75
20 31 88
20 32 57
20 33 94
20 34 36
20 35 11
20 36 15
20 37 37
20 38 34
20 39 84
20 40 50
20 41 17
20 42 62
20 43 80
20 44 56
20 45 50
20 46 83
20 47 5
20 48 92
20 49 24
21 22 16
21 23 41
21 24 32
21 25 67
21 26 91
21 27 36
21 28 14
21 29 65
21 30 31
21 31 5
21 32 29
21 33 18
21 34 92
21 35 78
21 36 15
21 37 76
21 38 23
21 39 1
21 40 64
21 41 46
21 42 83
21 43 88
21 44 53
21 45 49
21 46 82
21 47 3
21 48 91
21 49 75
22 23 86
22 24 17
22 25 42
22 26 79
22 27 95
22 28 58
22 29 60
22 30 19
22 31 78
22 32 24
22 33 40
22 34 54
22 35 60
22 36 52
22 37 42
22 38 56
22 39 57
22 40 50
22 41 47
22 42 85
22 43 30
22 44 2
22 45 2
22 46 98
22 47 100
22 48 20
22 49 42
23 24 90
23 25 25
23 26 44
23 27 61
23 28 43
23 29 43
23 30 19
23 31 96
23 32 99
23 33 77
23 34 8
23 35 96
23 36 45
23 37 80
23 38 40
23 39 63
23 40 55
23 41 44
23 42 52
23 43 54
23 44 69
23 45 5
23 46 8
23 47 81
23 48 88
23 49 82
24 25 66
24 26 82
24 27 9
24 28 48
24 29 93
24 30 75
24 31 32
24 32 30
24 33 99
24 34 11
24 35 92
24 36 55
24 37 67
24 38 13
24 39 80
24 40 66
24 41 99
24 42 38
24 43 52
24 44 79
24 45 67
24 46 2
24 47 99
24 48 12
24 49 69
25 26 34
25 27 97
25 28 11
25 29 92
25 30 98
25 31 11
25 32 75
25 33 65
25 34 16
25 35 46
25 36 75
25 37 21
25 38 44
25 39 11
25 40 13
25 41 44
25 42 25
25 43 7
25 44 96
25 45 37
25 46 28
25 47 59
25 48 18
25 49 44
26 27 100
26 28 43
26 29 17
26 30 6
26 31 5
26 32 61
26 33 69
26 34 77
26 35 65
26 36 38
26 37 97
26 38 31
26 39 22
26 40 83
26 41 90
26 42 22
26 43 50
26 44 8
26 45 21
26 46 73
26 47 24
26 48 70
26 49 16
27 28 42
27 29 10
27 30 20
27 31 45
27 32 86
27 33 25
27 34 34
27 35 46
27 36 4
27 37 56
27 38 74
27 39 89
27 40 61
27 41 61
27 42 90
27 43 7
27 44 39
27 45 92
27 46 64
27 47 29
27 48 52
27 49 89
28 29 82
28 30 50
28 31 7
28 32 48
28 33 90
28 34 11
28 35 89
28 36 35
28 37 55
28 38 46
28 39 96
28 40 47
28 41 46
28 42 2
28 43 52
28 44 93
28 45 18
28 46 33
28 47 18
28 48 7
28 49 96
29 30 19
29 31 87
29 32 37
29 33 3
29 34 68
29 35 34
29 36 68
29 37 65
29 38 13
29 39 70
29 40 88
29 41 37
29 42 72
29 43 38
29 44 65
29 45 16
29 46 54
29 47 21
29 48 23
29 49 22
30 31 3
30 32 56
30 33 53
30 34 83
30 35 70
30 36 76
30 37 90
30 38 21
30 39 1
30 40 27
30 41 25
30 42 3
30 43 99
30 44 92
30 45 94
30 46 22
30 47 79
30 48 47
30 49 58
31 32 90
31 33 52
31 34 48
31 35 21
31 36 47
31 37 6
31 38 34
31 39 99
31 40 20
31 41 49
31 42 100
31 43 43
31 44 65
31 45 86
31 46 76
31 47 68
31 48 86
31 49 84
32 33 83
32 34 52
32 35 82
32 36 58
32 37 26
32 38 75
32 39 83
32 40 30
32 41 74
32 42 30
32 43 54
32 44 48
32 45 38
32 46 30
32 47 25
32 48 10
32 49 62
33 34 76
33 35 99
33 36 16
33 37 70
33 38 85
33 39 10
33 40 9
33 41 99
33 42 99
33 43 35
33 44 23
33 45 71
33 46 53
33 47 97
33 48 10
33 49 42
34 35 79
34 36 93
34 37 98
34 38 93
34 39 70
34 40 37
34 41 99
34 42 70
34 43 7
34 44 89
34 45 32
34 46 27
34 47 23
34 48 72
34 49 1
35 36 47
35 37 91
35 38 24
35 39 83
35 40 50
35 41 93
35 42 49
35 43 10
35 44 32
35 45 54
35 46 59
35 47 6
35 48 71
35 49 90
36 37 6
36 38 38
36 39 24
36 40 15
36 41 50
36 42 32
36 43 98
36 44 63
36 45 48
36 46 86
36 47 23
36 48 48
36 49 64
37 38 37
37 39 34
37 40 70
37 41 21
37 42 99
37 43 33
37 44 37
37 45 77
37 46 19
37 47 14
37 48 67
37 49 60
38 39 82
38 40 95
38 41 83
38 42 81
38 43 86
38 44 44
38 45 14
38 46 21
38 47 28
38 48 12
38 49 21
39 40 76
39 41 13
39 42 91
39 43 57
39 44 53
39 45 72
39 46 13
39 47 13
39 48 27
39 49 2
40 41 81
40 42 73
40 43 79
40 44 61
40 45 32
40 46 20
40 47 6
40 48 19
40 49 6
41 42 31
41 43 64
41 44 32
41 45 25
41 46 1
41 47 32
41 48 52
41 49 26
42 43 62
42 44 12
42 45 50
42 46 86
42 47 8
42 48 14
42 49 35
43 44 8
43 45 55
43 46 100
43 47 50
43 48 54
43 49 18
44 45 40
44 46 70
44 47 40
44 48 54
44 49 56
45 46 14
45 47 48
45 48 14
45 49 4
46 47 77
46 48 56
46 49 29
47 48 10
47 49 87
48 49 80
