98 49
0 1 64
0 2 50
0 3 81
0 4 25
0 5 70
0 6 33
0 7 14
0 8 40
0 9 99
0 10 15
0 11 5
0 12 12
0 13 25
0 14 61
0 15 42
0 16 42
0 17 63
0 18 11
0 19 35
0 20 71
0 21 86
0 22 24
0 23 64
0 24 51
0 25 68
0 26 48
0 27 23
0 28 79
0 29 86
0 30 97
0 31 73
0 32 8
0 33 26
0 34 94
0 35 47
0 36 36
0 37 12
0 38 9
0 39 92
0 40 51
0 41 2
0 42 73
0 43 88
0 44 40
0 45 59
0 46 49
0 47 77
0 48 80
0 49 55
0 50 35
0 51 27
0 52 17
0 53 67
0 54 2
0 55 32
0 56 44
0 57 49
0 58 54
0 59 9
0 60 36
0 61 71
0 62 99
0 63 50
0 64 87
0 65 77
0 66 42
0 67 6
0 68 79
0 69 54
0 70 84
0 71 18
0 72 65
0 73 94
0 74 45
0 75 42
0 76 67
0 77 92
0 78 16
0 79 41
0 80 10
0 81 20
0 82 52
0 83 57
0 84 87
0 85 18
0 86 29
0 87 50
0 88 6
0 89 46
0 90 76
0 91 70
0 92 96
0 93 99
0 94 4
0 95 10
0 96 50
0 97 69
1 2 75
1 3 68
1 4 1
1 5 65
1 6 34
1 7 100
1 8 0
1 9 0
1 10 65
1 11 57
1 12 58
1 13 95
1 14 19
1 15 12
1 16 70
1 17 10
1 18 26
1 19 90
1 20 5
1 21 96
1 22 24
1 23 24
1 24 74
1 25 66
1 26 54
1 27 32
1 28 65
1 29 70
1 30 19
1 31 19
1 32 36
1 33 71
1 34 24
1 35 91
1 36 20
1 37 36
1 38 25
1 39 80
1 40 38
1 41 34
1 42 41
1 43 61
1 44 96
1 45 20
1 46 62
1 47 71
1 48 59
1 49 43
1 50 40
1 51 17
1 52 68
1 53 25
1 54 51
1 55 95
1 56 90
1 57 13
1 58 8
1 59 60
1 60 66
1 61 97
1 62 7
1 63 29
1 64 58
1 65 89
1 66 18
1 67 27
1 68 56
1 69 66
1 70 23
1 71 84
1 72 65
1 73 7
1 74 21
1 75 37
1 76 32
1 77 53
1 78 82
1 79 96
1 80 82
1 81 64
1 82 43
1 83 67
1 84 84
1 85 92
1 86 54
1 87 9
1 88 6
1 89 76
1 90 17
1 91 38
1 92 1
1 93 42
1 94 62
1 95 70
1 96 55
1 97 94
2 3 59
2 4 80
2 5 87
2 6 53
2 7 7
2 8 83
2 9 6
2 10 42
2 11 55
2 12 52
2 13 43
2 14 42
2 15 50
2 16 43
2 17 92
2 18 43
2 19 78
2 20 12
2 21 26
2 22 85
2 23 2
2 24 23
2 25 39
2 26 94
2 27 47
2 28 60
2 29 36
2 30 72
2 31 68
2 32 98
2 33 74
2 34 50
2 35 56
2 36 89
2 37 43
2 38 3
2 39 13
2 40 40
2 41 13
2 42 37
2 43 78
2 44 96
2 45 10
2 46 10
2 47 91
2 48 55
2 49 5
2 50 20
2 51 56
2 52 86
2 53 10
2 54 22
2 55 10
2 56 69
2 57 68
2 58 51
2 59 77
2 60 3
2 61 78
2 62 51
2 63 92
2 64 57
2 65 72
2 66 17
2 67 17
2 68 13
2 69 27
2 70 64
2 71 29
2 72 43
2 73 13
2 74 66
2 75 63
2 76 25
2 77 76
2 78 95
2 79 39
2 80 98
2 81 47
2 82 93
2 83 46
2 84 27
2 85 97
2 86 12
2 87 25
2 88 62
2 89 80
2 90 29
2 91 46
2 92 35
2 93 99
2 94 65
2 95 86
2 96 16
2 97 52
3 4 70
3 5 21
3 6 45
3 7 12
3 8 31
3 9 63
3 10 85
3 11 48
3 12 16
3 13 66
3 14 49
3 15 99
3 16 52
3 17 59
3 18 22
3 19 29
3 20 2
3 21 27
3 22 59
3 23 41
3 24 52
3 25 23
3 26 99
3 27 52
3 28 9
3 29 83
3 30 69
3 31 89
3 32 89
3 33 19
3 34 99
3 35 80
3 36 53
3 37 91
3 38 99
3 39 34
3 40 49
3 41 1
3 42 26
3 43 23
3 44 76
3 45 99
3 46 91
3 47 16
3 48 52
3 49 37
3 50 35
3 51 72
3 52 46
3 53 39
3 54 53
3 55 15
3 56 44
3 57 3
3 58 7
3 59 63
3 60 61
3 61 33
3 62 22
3 63 65
3 64 96
3 65 66
3 66 85
3 67 74
3 68 31
3 69 61
3 70 33
3 71 98
3 72 67
3 73 97
3 74 35
3 75 92
3 76 16
3 77 47
3 78 91
3 79 94
3 80 99
3 81 44
3 82 79
3 83 77
3 84 71
3 85 87
3 86 88
3 87 75
3 88 74
3 89 1
3 90 37
3 91 34
3 92 67
3 93 55
3 94 27
3 95 91
3 96 53
3 97 68
4 5 85
4 6 29
4 7 45
4 8 73
4 9 28
4 10 81
4 11 87
4 12 56
4 13 41
4 14 92
4 15 1
4 16 86
4 17 63
4 18 42
4 19 26
4 20 42
4 21 27
4 22 21
4 23 57
4 24 50
4 25 68
4 26 37
4 27 89
4 28 27
4 29 43
4 30 53
4 31 18
4 32 49
4 33 94
4 34 14
4 35 42
4 36 91
4 37 29
4 38 43
4 39 10
4 40 65
4 41 6
4 42 81
4 43 32
4 44 86
4 45 94
4 46 71
4 47 90
4 48 48
4 49 79
4 50 82
4 51 38
4 52 61
4 53 21
4 54 87
4 55 24
4 56 22
4 57 6
4 58 13
4 59 54
4 60 10
4 61 49
4 62 42
4 63 56
4 64 35
4 65 95
4 66 95
4 67 87
4 68 70
4 69 36
4 70 61
4 71 45
4 72 71
4 73 82
4 74 84
4 75 47
4 76 13
4 77 61
4 78 18
4 79 86
4 80 95
4 81 77
4 82 0
4 83 29
4 84 79
4 85 93
4 86 64
4 87 53
4 88 46
4 89 74
4 90 7
4 91 95
4 92 84
4 93 20
4 94 79
4 95 65
4 96 76
4 97 30
5 6 1
5 7 59
5 8 9
5 9 36
5 10 69
5 11 51
5 12 33
5 13 62
5 14 30
5 15 45
5 16 88
5 17 84
5 18 1
5 19 94
5 20 96
5 21 14
5 22 81
5 23 40
5 24 20
5 25 91
5 26 11
5 27 43
5 28 48
5 29 78
5 30 79
5 31 36
5 32 43
5 33 23
5 34 4
5 35 7
5 36 3
5 37 82
5 38 50
5 39 85
5 40 39
5 41 89
5 42 24
5 43 71
5 44 71
5 45 42
5 46 55
5 47 52
5 48 96
5 49 18
5 50 48
5 51 28
5 52 84
5 53 91
5 54 19
5 55 4
5 56 15
5 57 51
5 58 83
5 59 75
5 60 81
5 61 89
5 62 5
5 63 68
5 64 57
5 65 11
5 66 12
5 67 35
5 68 83
5 69 98
5 70 82
5 71 38
5 72 98
5 73 7
5 74 86
5 75 100
5 76 43
5 77 72
5 78 93
5 79 54
5 80 44
5 81 74
5 82 65
5 83 93
5 84 13
5 85 60
5 86 78
5 87 7
5 88 12
5 89 15
5 90 37
5 91 11
5 92 24
5 93 64
5 94 35
5 95 11
5 96 7
5 97 43
6 7 31
6 8 36
6 9 36
6 10 91
6 11 37
6 12 46
6 13 42
6 14 56
6 15 90
6 16 88
6 17 24
6 18 33
6 19 86
6 20 86
6 21 95
6 22 37
6 23 76
6 24 39
6 25 87
6 26 77
6 27 49
6 28 73
6 29 1
6 30 65
6 31 87
6 32 74
6 33 55
6 34 3
6 35 54
6 36 6
6 37 45
6 38 46
6 39 17
6 40 3
6 41 84
6 42 40
6 43 48
6 44 95
6 45 18
6 46 20
6 47 45
6 48 11
6 49 48
6 50 10
6 51 84
6 52 2
6 53 32
6 54 13
6 55 20
6 56 45
6 57 9
6 58 87
6 59 67
6 60 6
6 61 82
6 62 62
6 63 64
6 64 75
6 65 83
6 66 5
6 67 21
6 68 63
6 69 89
6 70 8
6 71 98
6 72 40
6 73 52
6 74 47
6 75 93
6 76 50
6 77 78
6 78 79
6 79 70
6 80 50
6 81 5
6 82 17
6 83 25
6 84 48
6 85 24
6 86 95
6 87 66
6 88 19
6 89 69
6 90 6
6 91 90
6 92 55
6 93 77
6 94 81
6 95 88
6 96 86
6 97 65
7 8 98
7 9 81
7 10 41
7 11 80
7 12 19
7 13 53
7 14 95
7 15 65
7 16 25
7 17 76
7 18 78
7 19 45
7 20 76
7 21 7
7 22 22
7 23 2
7 24 84
7 25 1
7 26 46
7 27 81
7 28 17
7 29 60
7 30 38
7 31 31
7 32 77
7 33 7
7 34 38
7 35 21
7 36 84
7 37 95
7 38 94
7 39 35
7 40 25
7 41 64
7 42 74
7 43 0
7 44 33
7 45 44
7 46 28
7 47 70
7 48 88
7 49 93
7 50 18
7 51 51
7 52 28
7 53 77
7 54 34
7 55 51
7 56 74
7 57 49
7 58 38
7 59 83
7 60 71
7 61 46
7 62 10
7 63 72
7 64 57
7 65 66
7 66 73
7 67 99
7 68 87
7 69 66
7 70 30
7 71 32
7 72 99
7 73 63
7 74 82
7 75 12
7 76 53
7 77 26
7 78 60
7 79 92
7 80 14
7 81 74
7 82 53
7 83 97
7 84 28
7 85 7
7 86 62
7 87 15
7 88 60
7 89 17
7 90 74
7 91 40
7 92 56
7 93 41
7 94 93
7 95 44
7 96 70
7 97 67
8 9 97
8 10 56
8 11 99
8 12 91
8 13 10
8 14 32
8 15 37
8 16 3
8 17 23
8 18 4
8 19 48
8 20 67
8 21 9
8 22 92
8 23 89
8 24 45
8 25 91
8 26 58
8 27 90
8 28 86
8 29 93
8 30 63
8 31 22
8 32 73
8 33 84
8 34 61
8 35 42
8 36 19
8 37 85
8 38 25
8 39 69
8 40 88
8 41 0
8 42 70
8 43 82
8 44 57
8 45 14
8 46 84
8 47 34
8 48 48
8 49 12
8 50 30
8 51 89
8 52 77
8 53 69
8 54 82
8 55 23
8 56 83
8 57 29
8 58 90
8 59 46
8 60 5
8 61 14
8 62 39
8 63 36
8 64 59
8 65 9
8 66 74
8 67 90
8 68 95
8 69 3
8 70 47
8 71 63
8 72 88
8 73 10
8 74 77
8 75 83
8 76 12
8 77 44
8 78 63
8 79 50
8 80 58
8 81 5
8 82 40
8 83 91
8 84 55
8 85 15
8 86 72
8 87 16
8 88 82
8 89 7
8 90 78
8 91 10
8 92 26
8 93 55
8 94 14
8 95 8
8 96 29
8 97 38
9 10 52
9 11 71
9 12 69
9 13 89
9 14 36
9 15 66
9 16 36
9 17 88
9 18 48
9 19 14
9 20 45
9 21 19
9 22 70
9 23 47
9 24 91
9 25 76
9 26 8
9 27 85
9 28 80
9 29 7
9 30 77
9 31 19
9 32 27
9 33 31
9 34 77
9 35 87
9 36 94
9 37 37
9 38 41
9 39 87
9 40 88
9 41 8
9 42 44
9 43 7
9 44 93
9 45 24
9 46 53
9 47 38
9 48 72
9 49 82
9 50 19
9 51 79
9 52 60
9 53 80
9 54 46
9 55 19
9 56 52
9 57 85
9 58 74
9 59 74
9 60 48
9 61 72
9 62 61
9 63 96
9 64 61
9 65 33
9 66 4
9 67 69
9 68 12
9 69 0
9 70 64
9 71 81
9 72 23
9 73 84
9 74 95
9 75 88
9 76 5
9 77 12
9 78 57
9 79 96
9 80 75
9 81 29
9 82 94
9 83 69
9 84 69
9 85 51
9 86 12
9 87 99
9 88 77
9 89 73
9 90 7
9 91 57
9 92 25
9 93 38
9 94 57
9 95 46
9 96 45
9 97 91
10 11 65
10 12 16
10 13 0
10 14 41
10 15 20
10 16 71
10 17 76
10 18 53
10 19 12
10 20 15
10 21 54
10 22 21
10 23 15
10 24 4
10 25 81
10 26 4
10 27 43
10 28 40
10 29 4
10 30 79
10 31 12
10 32 70
10 33 8
10 34 100
10 35 76
10 36 37
10 37 73
10 38 61
10 39 59
10 40 43
10 41 68
10 42 82
10 43 14
10 44 43
10 45 61
10 46 53
10 47 66
10 48 56
10 49 95
10 50 34
10 51 57
10 52 17
10 53 4
10 54 4
10 55 0
10 56 69
10 57 42
10 58 68
10 59 64
10 60 55
10 61 76
10 62 82
10 63 94
10 64 48
10 65 9
10 66 32
10 67 15
10 68 88
10 69 76
10 70 55
10 71 37
10 72 86
10 73 29
10 74 48
10 75 26
10 76 21
10 77 46
10 78 55
10 79 80
10 80 57
10 81 21
10 82 49
10 83 24
10 84 76
10 85 89
10 86 33
10 87 14
10 88 44
10 89 32
10 90 98
10 91 88
10 92 88
10 93 82
10 94 32
10 95 31
10 96 57
10 97 88
11 12 60
11 13 79
11 14 81
11 15 34
11 16 36
11 17 9
11 18 68
11 19 36
11 20 34
11 21 23
11 22 81
11 23 99
11 24 98
11 25 84
11 26 71
11 27 53
11 28 50
11 29 0
11 30 32
11 31 12
11 32 16
11 33 66
11 34 30
11 35 16
11 36 39
11 37 14
11 38 13
11 39 53
11 40 13
11 41 58
11 42 11
11 43 25
11 44 0
11 45 29
11 46 77
11 47 29
11 48 11
11 49 21
11 50 68
11 51 47
11 52 36
11 53 21
11 54 55
11 55 35
11 56 82
11 57 79
11 58 8
11 59 52
11 60 5
11 61 8
11 62 45
11 63 34
11 64 43
11 65 32
11 66 96
11 67 60
11 68 83
11 69 97
11 70 57
11 71 64
11 72 2
11 73 85
11 74 87
11 75 47
11 76 13
11 77 44
11 78 39
11 79 97
11 80 90
11 81 68
11 82 44
11 83 89
11 84 45
11 85 48
11 86 19
11 87 80
11 88 22
11 89 32
11 90 40
11 91 72
11 92 22
11 93 33
11 94 57
11 95 63
11 96 78
11 97 1
12 13 67
12 14 81
12 15 5
12 16 97
12 17 42
12 18 100
12 19 16
12 20 42
12 21 45
12 22 17
12 23 68
12 24 3
12 25 66
12 26 83
12 27 42
12 28 87
12 29 91
12 30 61
12 31 12
12 32 46
12 33 19
12 34 65
12 35 47
12 36 34
12 37 85
12 38 36
12 39 97
12 40 23
12 41 27
12 42 40
12 43 1
12 44 13
12 45 23
12 46 97
12 47 54
12 48 20
12 49 73
12 50 1
12 51 34
12 52 65
12 53 43
12 54 80
12 55 94
12 56 30
12 57 45
12 58 92
12 59 85
12 60 99
12 61 43
12 62 22
12 63 81
12 64 40
12 65 7
12 66 12
12 67 20
12 68 46
12 69 25
12 70 85
12 71 68
12 72 48
12 73 92
12 74 29
12 75 74
12 76 30
12 77 96
12 78 94
12 79 89
12 80 7
12 81 73
12 82 26
12 83 22
12 84 21
12 85 55
12 86 45
12 87 74
12 88 64
12 89 12
12 90 8
12 91 9
12 92 48
12 93 61
12 94 48
12 95 74
12 96 2
12 97 91
13 14 29
13 15 34
13 16 56
13 17 82
13 18 14
13 19 24
13 20 81
13 21 7
13 22 82
13 23 37
13 24 11
13 25 55
13 26 66
13 27 41
13 28 42
13 29 23
13 30 15
13 31 27
13 32 80
13 33 65
13 34 50
13 35 8
13 36 84
13 37 44
13 38 40
13 39 86
13 40 3
13 41 35
13 42 68
13 43 79
13 44 91
13 45 96
13 46 56
13 47 5
13 48 32
13 49 76
13 50 91
13 51 71
13 52 16
13 53 68
13 54 73
13 55 16
13 56 76
13 57 18
13 58 99
13 59 76
13 60 92
13 61 36
13 62 58
13 63 60
13 64 74
13 65 79
13 66 1
13 67 32
13 68 10
13 69 92
13 70 91
13 71 84
13 72 80
13 73 78
13 74 21
13 75 47
13 76 56
13 77 51
13 78 41
13 79 17
13 80 76
13 81 70
13 82 54
13 83 1
13 84 23
13 85 70
13 86 18
13 87 0
13 88 90
13 89 96
13 90 71
13 91 20
13 92 37
13 93 99
13 94 43
13 95 21
13 96 5
13 97 22
14 15 45
14 16 76
14 17 11
14 18 59
14 19 58
14 20 31
14 21 93
14 22 51
14 23 9
14 24 18
14 25 4
14 26 26
14 27 44
14 28 49
14 29 7
14 30 65
14 31 22
14 32 12
14 33 4
14 34 58
14 35 31
14 36 75
14 37 89
14 38 70
14 39 13
14 40 93
14 41 55
14 42 18
14 43 78
14 44 42
14 45 8
14 46 69
14 47 93
14 48 17
14 49 98
14 50 1
14 51 66
14 52 77
14 53 69
14 54 27
14 55 43
14 56 93
14 57 38
14 58 6
14 59 85
14 60 51
14 61 54
14 62 95
14 63 15
14 64 90
14 65 84
14 66 78
14 67 65
14 68 79
14 69 61
14 70 82
14 71 4
14 72 42
14 73 68
14 74 16
14 75 17
14 76 93
14 77 89
14 78 33
14 79 31
14 80 43
14 81 86
14 82 22
14 83 64
14 84 68
14 85 23
14 86 69
14 87 55
14 88 6
14 89 17
14 90 1
14 91 21
14 92 0
14 93 92
14 94 87
14 95 82
14 96 61
14 97 93
15 16 49
15 17 96
15 18 17
15 19 90
15 20 57
15 21 52
15 22 56
15 23 18
15 24 70
15 25 31
15 26 15
15 27 95
15 28 92
15 29 8
15 30 57
15 31 26
15 32 60
15 33 8
15 34 5
15 35 97
15 36 67
15 37 80
15 38 65
15 39 97
15 40 83
15 41 4
15 42 64
15 43 74
15 44 86
15 45 95
15 46 25
15 47 14
15 48 47
15 49 36
15 50 96
15 51 11
15 52 86
15 53 67
15 54 15
15 55 2
15 56 42
15 57 47
15 58 3
15 59 15
15 60 4
15 61 68
15 62 16
15 63 19
15 64 71
15 65 24
15 66 34
15 67 16
15 68 55
15 69 79
15 70 59
15 71 80
15 72 91
15 73 87
15 74 21
15 75 13
15 76 49
15 77 81
15 78 8
15 79 91
15 80 55
15 81 56
15 82 66
15 83 29
15 84 45
15 85 90
15 86 29
15 87 76
15 88 77
15 89 96
15 90 59
15 91 79
15 92 8
15 93 4
15 94 11
15 95 78
15 96 47
15 97 97
16 17 81
16 18 29
16 19 68
16 20 32
16 21 64
16 22 33
16 23 97
16 24 18
16 25 78
16 26 28
16 27 27
16 28 70
16 29 94
16 30 16
16 31 30
16 32 29
16 33 70
16 34 22
16 35 56
16 36 11
16 37 33
16 38 14
16 39 44
16 40 100
16 41 43
16 42 46
16 43 59
16 44 94
16 45 45
16 46 79
16 47 97
16 48 41
16 49 98
16 50 95
16 51 1
16 52 29
16 53 90
16 54 1
16 55 62
16 56 79
16 57 19
16 58 50
16 59 73
16 60 77
16 61 93
16 62 78
16 63 27
16 64 60
16 65 31
16 66 31
16 67 73
16 68 29
16 69 54
16 70 21
16 71 64
16 72 74
16 73 4
16 74 44
16 75 24
16 76 67
16 77 16
16 78 38
16 79 75
16 80 67
16 81 87
16 82 70
16 83 29
16 84 7
16 85 22
16 86 38
16 87 38
16 88 68
16 89 8
16 90 73
16 91 41
16 92 97
16 93 83
16 94 38
16 95 71
16 96 32
16 97 9
17 18 65
17 19 19
17 20 90
17 21 90
17 22 12
17 23 15
17 24 79
17 25 16
17 26 82
17 27 73
17 28 15
17 29 63
17 30 54
17 31 40
17 32 0
17 33 44
17 34 23
17 35 53
17 36 47
17 37 21
17 38 83
17 39 81
17 40 46
17 41 94
17 42 21
17 43 4
17 44 41
17 45 53
17 46 47
17 47 1
17 48 75
17 49 23
17 50 29
17 51 30
17 52 31
17 53 50
17 54 26
17 55 99
17 56 60
17 57 21
17 58 79
17 59 53
17 60 88
17 61 59
17 62 84
17 63 46
17 64 5
17 65 80
17 66 90
17 67 83
17 68 26
17 69 51
17 70 35
17 71 60
17 72 79
17 73 40
17 74 78
17 75 10
17 76 24
17 77 41
17 78 95
17 79 38
17 80 91
17 81 85
17 82 20
17 83 20
17 84 50
17 85 78
17 86 6
17 87 68
17 88 4
17 89 66
17 90 12
17 91 30
17 92 49
17 93 87
17 94 60
17 95 11
17 96 46
17 97 87
18 19 46
18 20 63
18 21 77
18 22 50
18 23 32
18 24 75
18 25 8
18 26 90
18 27 67
18 28 59
18 29 89
18 30 86
18 31 84
18 32 48
18 33 74
18 34 48
18 35 36
18 36 75
18 37 78
18 38 27
18 39 61
18 40 4
18 41 36
18 42 86
18 43 32
18 44 0
18 45 59
18 46 49
18 47 40
18 48 10
18 49 35
18 50 91
18 51 100
18 52 31
18 53 75
18 54 64
18 55 58
18 56 30
18 57 38
18 58 17
18 59 43
18 60 62
18 61 39
18 62 42
18 63 16
18 64 49
18 65 5
18 66 62
18 67 9
18 68 26
18 69 68
18 70 4
18 71 78
18 72 30
18 73 71
18 74 5
18 75 63
18 76 52
18 77 15
18 78 65
18 79 9
18 80 34
18 81 0
18 82 10
18 83 38
18 84 4
18 85 70
18 86 31
18 87 24
18 88 1
18 89 64
18 90 77
18 91 62
18 92 48
18 93 92
18 94 40
18 95 40
18 96 95
18 97 26
19 20 8
19 21 1
19 22 16
19 23 1
19 24 10
19 25 51
19 26 89
19 27 43
19 28 51
19 29 25
19 30 97
19 31 55
19 32 35
19 33 76
19 34 40
19 35 43
19 36 25
19 37 18
19 38 71
19 39 76
19 40 4
19 41 7
19 42 99
19 43 68
19 44 54
19 45 12
19 46 28
19 47 16
19 48 7
19 49 24
19 50 68
19 51 88
19 52 75
19 53 61
19 54 32
19 55 52
19 56 28
19 57 36
19 58 74
19 59 82
19 60 59
19 61 71
19 62 65
19 63 60
19 64 29
19 65 17
19 66 54
19 67 43
19 68 20
19 69 99
19 70 92
19 71 38
19 72 16
19 73 85
19 74 64
19 75 12
19 76 92
19 77 37
19 78 45
19 79 16
19 80 76
19 81 48
19 82 98
19 83 7
19 84 42
19 85 37
19 86 58
19 87 13
19 88 31
19 89 18
19 90 80
19 91 14
19 92 80
19 93 47
19 94 20
19 95 54
19 96 61
19 97 30
20 21 10
20 22 13
20 23 56
20 24 40
20 25 39
20 26 24
20 27 99
20 28 22
20 29 79
20 30 91
20 31 1
20 32 52
20 33 49
20 34 63
20 35 69
20 36 3
20 37 41
20 38 85
20 39 88
20 40 0
20 41 80
20 42 81
20 43 25
20 44 61
20 45 60
20 46 45
20 47 84
20 48 8
20 49 2
20 50 37
20 51 36
20 52 27
20 53 74
20 54 52
20 55 19
20 56 57
20 57 7
20 58 25
20 59 11
20 60 89
20 61 2
20 62 7
20 63 13
20 64 84
20 65 22
20 66 12
20 67 22
20 68 9
20 69 23
20 70 87
20 71 11
20 72 2
20 73 25
20 74 30
20 75 18
20 76 75
20 77 62
20 78 96
20 79 15
20 80 69
20 81 55
20 82 47
20 83 2
20 84 25
20 85 82
20 86 40
20 87 24
20 88 84
20 89 31
20 90 50
20 91 51
20 92 57
20 93 36
20 94 40
20 95 71
20 96 94
20 97 100
21 22 49
21 23 0
21 24 39
21 25 78
21 26 38
21 27 21
21 28 0
21 29 4
21 30 8
21 31 82
21 32 25
21 33 83
21 34 43
21 35 15
21 36 15
21 37 47
21 38 25
21 39 83
21 40 87
21 41 3
21 42 90
21 43 97
21 44 80
21 45 11
21 46 27
21 47 79
21 48 79
21 49 98
21 50 9
21 51 49
21 52 78
21 53 27
21 54 85
21 55 51
21 56 80
21 57 13
21 58 37
21 59 60
21 60 87
21 61 48
21 62 34
21 63 17
21 64 33
21 65 81
21 66 96
21 67 10
21 68 92
21 69 2
21 70 87
21 71 34
21 72 89
21 73 21
21 74 4
21 75 19
21 76 65
21 77 31
21 78 22
21 79 25
21 80 78
21 81 27
21 82 34
21 83 20
21 84 18
21 85 52
21 86 53
21 87 44
21 88 76
21 89 44
21 90 20
21 91 5
21 92 15
21 93 22
21 94 3
21 95 59
21 96 88
21 97 2
22 23 23
22 24 15
22 25 3
22 26 95
22 27 30
22 28 97
22 29 73
22 30 69
22 31 33
22 32 71
22 33 7
22 34 19
22 35 59
22 36 28
22 37 27
22 38 5
22 39 71
22 40 51
22 41 37
22 42 70
22 43 16
22 44 52
22 45 60
22 46 22
22 47 94
22 48 12
22 49 100
22 50 89
22 51 2
22 52 53
22 53 50
22 54 36
22 55 0
22 56 19
22 57 76
22 58 69
22 59 54
22 60 50
22 61 13
22 62 76
22 63 54
22 64 20
22 65 20
22 66 16
22 67 61
22 68 51
22 69 40
22 70 92
22 71 9
22 72 2
22 73 30
22 74 95
22 75 82
22 76 32
22 77 76
22 78 33
22 79 77
22 80 75
22 81 9
22 82 9
22 83 95
22 84 60
22 85 48
22 86 2
22 87 77
22 88 66
22 89 0
22 90 73
22 91 98
22 92 16
22 93 6
22 94 87
22 95 47
22 96 8
22 97 76
23 24 86
23 25 86
23 26 88
23 27 35
23 28 60
23 29 43
23 30 7
23 31 50
23 32 73
23 33 44
23 34 23
23 35 8
23 36 88
23 37 27
23 38 57
23 39 87
23 40 5
23 41 45
23 42 3
23 43 99
23 44 41
23 45 71
23 46 53
23 47 55
23 48 78
23 49 29
23 50 55
23 51 42
23 52 7
23 53 50
23 54 3
23 55 98
23 56 97
23 57 50
23 58 6
23 59 50
23 60 86
23 61 72
23 62 2
23 63 33
23 64 12
23 65 42
23 66 65
23 67 43
23 68 88
23 69 56
23 70 75
23 71 14
23 72 25
23 73 38
23 74 34
23 75 77
23 76 17
23 77 57
23 78 97
23 79 24
23 80 66
23 81 45
23 82 78
23 83 6
23 84 97
23 85 54
23 86 39
23 87 69
23 88 39
23 89 20
23 90 18
23 91 70
23 92 96
23 93 38
23 94 55
23 95 86
23 96 98
23 97 80
24 25 87
24 26 96
24 27 54
24 28 77
24 29 33
24 30 36
24 31 78
24 32 94
24 33 12
24 34 54
24 35 45
24 36 47
24 37 73
24 38 16
24 39 75
24 40 77
24 41 51
24 42 66
24 43 5
24 44 70
24 45 63
24 46 80
24 47 16
24 48 98
24 49 39
24 50 4
24 51 72
24 52 52
24 53 27
24 54 31
24 55 85
24 56 68
24 57 25
24 58 70
24 59 66
24 60 54
24 61 1
24 62 92
24 63 4
24 64 76
24 65 56
24 66 81
24 67 9
24 68 75
24 69 23
24 70 72
24 71 61
24 72 5
24 73 67
24 74 58
24 75 66
24 76 53
24 77 30
24 78 91
24 79 2
24 80 20
24 81 98
24 82 79
24 83 67
24 84 32
24 85 47
24 86 48
24 87 83
24 88 8
24 89 56
24 90 12
24 91 13
24 92 65
24 93 68
24 94 92
24 95 41
24 96 78
24 97 71
25 26 6
25 27 66
25 28 53
25 29 82
25 30 97
25 31 75
25 32 23
25 33 82
25 34 85
25 35 80
25 36 48
25 37 28
25 38 65
25 39 72
25 40 74
25 41 14
25 42 6
25 43 64
25 44 34
25 45 66
25 46 84
25 47 11
25 48 29
25 49 43
25 50 0
25 51 12
25 52 27
25 53 94
25 54 26
25 55 36
25 56 41
25 57 29
25 58 87
25 59 59
25 60 88
25 61 79
25 62 94
25 63 88
25 64 5
25 65 51
25 66 57
25 67 28
25 68 41
25 69 78
25 70 96
25 71 45
25 72 17
25 73 89
25 74 100
25 75 33
25 76 94
25 77 53
25 78 7
25 79 34
25 80 87
25 81 39
25 82 98
25 83 42
25 84 4
25 85 2
25 86 72
25 87 53
25 88 62
25 89 84
25 90 84
25 91 60
25 92 1
25 93 50
25 94 29
25 95 47
25 96 94
25 97 52
26 27 5
26 28 61
26 29 33
26 30 77
26 31 65
26 32 100
26 33 33
26 34 76
26 35 30
26 36 29
26 37 92
26 38 29
26 39 20
26 40 34
26 41 37
26 42 4
26 43 28
26 44 48
26 45 41
26 46 72
26 47 72
26 48 34
26 49 54
26 50 4
26 51 33
26 52 51
26 53 78
26 54 85
26 55 87
26 56 54
26 57 8
26 58 74
26 59 80
26 60 61
26 61 42
26 62 96
26 63 24
26 64 69
26 65 60
26 66 88
26 67 97
26 68 4
26 69 35
26 70 37
26 71 20
26 72 25
26 73 76
26 74 46
26 75 92
26 76 36
26 77 27
26 78 31
26 79 9
26 80 6
26 81 62
26 82 10
26 83 77
26 84 42
26 85 61
26 86 79
26 87 37
26 88 30
26 89 36
26 90 50
26 91 30
26 92 50
26 93 15
26 94 65
26 95 4
26 96 91
26 97 30
27 28 0
27 29 33
27 30 83
27 31 93
27 32 17
27 33 12
27 34 65
27 35 48
27 36 79
27 37 1
27 38 5
27 39 82
27 40 73
27 41 34
27 42 4
27 43 10
27 44 22
27 45 13
27 46 3
27 47 20
27 48 31
27 49 31
27 50 42
27 51 78
27 52 32
27 53 74
27 54 76
27 55 90
27 56 83
27 57 42
27 58 82
27 59 29
27 60 44
27 61 47
27 62 15
27 63 52
27 64 9
27 65 24
27 66 83
27 67 31
27 68 80
27 69 23
27 70 19
27 71 6
27 72 8
27 73 30
27 74 67
27 75 73
27 76 56
27 77 20
27 78 84
27 79 42
27 80 87
27 81 4
27 82 91
27 83 38
27 84 47
27 85 12
27 86 49
27 87 49
27 88 2
27 89 39
27 90 47
27 91 42
27 92 10
27 93 75
27 94 78
27 95 32
27 96 91
27 97 82
28 29 39
28 30 78
28 31 33
28 32 16
28 33 60
28 34 31
28 35 37
28 36 93
28 37 83
28 38 21
28 39 14
28 40 8
28 41 75
28 42 4
28 43 80
28 44 88
28 45 41
28 46 75
28 47 81
28 48 6
28 49 18
28 50 62
28 51 20
28 52 61
28 53 97
28 54 11
28 55 95
28 56 63
28 57 15
28 58 92
28 59 52
28 60 66
28 61 83
28 62 12
28 63 63
28 64 61
28 65 14
28 66 69
28 67 81
28 68 74
28 69 22
28 70 36
28 71 48
28 72 3
28 73 81
28 74 86
28 75 5
28 76 93
28 77 100
28 78 82
28 79 73
28 80 26
28 81 76
28 82 9
28 83 74
28 84 69
28 85 63
28 86 22
28 87 66
28 88 21
28 89 41
28 90 33
28 91 71
28 92 79
28 93 68
28 94 59
28 95 76
28 96 96
28 97 16
29 30 50
29 31 53
29 32 35
29 33 94
29 34 93
29 35 54
29 36 34
29 37 87
29 38 26
29 39 18
29 40 61
29 41 78
29 42 80
29 43 97
29 44 99
29 45 28
29 46 62
29 47 16
29 48 84
29 49 85
29 50 42
29 51 65
29 52 85
29 53 84
29 54 25
29 55 71
29 56 25
29 57 19
29 58 32
29 59 66
29 60 52
29 61 3
29 62 6
29 63 21
29 64 24
29 65 18
29 66 95
29 67 54
29 68 47
29 69 22
29 70 29
29 71 11
29 72 55
29 73 6
29 74 75
29 75 1
29 76 11
29 77 77
29 78 50
29 79 6
29 80 100
29 81 12
29 82 51
29 83 49
29 84 22
29 85 94
29 86 19
29 87 27
29 88 98
29 89 42
29 90 61
29 91 94
29 92 87
29 93 45
29 94 90
29 95 22
29 96 6
29 97 58
30 31 100
30 32 67
30 33 76
30 34 75
30 35 67
30 36 91
30 37 4
30 38 32
30 39 83
30 40 90
30 41 94
30 42 81
30 43 43
30 44 33
30 45 16
30 46 85
30 47 10
30 48 49
30 49 4
30 50 77
30 51 95
30 52 78
30 53 79
30 54 7
30 55 74
30 56 22
30 57 22
30 58 21
30 59 37
30 60 69
30 61 66
30 62 13
30 63 77
30 64 89
30 65 91
30 66 64
30 67 77
30 68 59
30 69 28
30 70 31
30 71 58
30 72 5
30 73 26
30 74 62
30 75 11
30 76 50
30 77 43
30 78 96
30 79 79
30 80 33
30 81 5
30 82 69
30 83 4
30 84 12
30 85 16
30 86 0
30 87 65
30 88 55
30 89 43
30 90 26
30 91 84
30 92 53
30 93 56
30 94 85
30 95 19
30 96 8
30 97 85
31 32 97
31 33 53
31 34 86
31 35 29
31 36 28
31 37 43
31 38 19
31 39 64
31 40 64
31 41 93
31 42 96
31 43 41
31 44 33
31 45 38
31 46 27
31 47 9
31 48 63
31 49 100
31 50 43
31 51 31
31 52 92
31 53 4
31 54 13
31 55 28
31 56 16
31 57 79
31 58 43
31 59 40
31 60 38
31 61 65
31 62 79
31 63 1
31 64 50
31 65 23
31 66 42
31 67 0
31 68 90
31 69 47
31 70 84
31 71 74
31 72 81
31 73 45
31 74 18
31 75 96
31 76 88
31 77 94
31 78 96
31 79 66
31 80 76
31 81 11
31 82 19
31 83 23
31 84 31
31 85 63
31 86 30
31 87 71
31 88 58
31 89 87
31 90 32
31 91 19
31 92 7
31 93 34
31 94 89
31 95 58
31 96 57
31 97 33
32 33 45
32 34 39
32 35 98
32 36 36
32 37 54
32 38 34
32 39 20
32 40 16
32 41 65
32 42 36
32 43 70
32 44 44
32 45 71
32 46 61
32 47 43
32 48 10
32 49 31
32 50 33
32 51 97
32 52 27
32 53 100
32 54 30
32 55 37
32 56 22
32 57 3
32 58 18
32 59 53
32 60 61
32 61 27
32 62 24
32 63 34
32 64 32
32 65 16
32 66 62
32 67 73
32 68 29
32 69 12
32 70 42
32 71 29
32 72 8
32 73 94
32 74 66
32 75 2
32 76 44
32 77 97
32 78 51
32 79 70
32 80 62
32 81 88
32 82 81
32 83 55
32 84 49
32 85 80
32 86 80
32 87 42
32 88 12
32 89 62
32 90 95
32 91 15
32 92 20
32 93 60
32 94 76
32 95 98
32 96 51
32 97 70
33 34 42
33 35 22
33 36 33
33 37 39
33 38 13
33 39 22
33 40 34
33 41 33
33 42 57
33 43 70
33 44 51
33 45 52
33 46 4
33 47 42
33 48 87
33 49 6
33 50 6
33 51 48
33 52 24
33 53 64
33 54 48
33 55 50
33 56 6
33 57 52
33 58 78
33 59 15
33 60 7
33 61 52
33 62 19
33 63 29
33 64 78
33 65 80
33 66 10
33 67 96
33 68 49
33 69 16
33 70 45
33 71 32
33 72 21
33 73 100
33 74 58
33 75 0
33 76 96
33 77 85
33 78 3
33 79 88
33 80 68
33 81 40
33 82 23
33 83 33
33 84 68
33 85 73
33 86 67
33 87 54
33 88 37
33 89 67
33 90 99
33 91 94
33 92 97
33 93 66
33 94 99
33 95 98
33 96 55
33 97 28
34 35 85
34 36 20
34 37 33
34 38 26
34 39 23
34 40 54
34 41 93
34 42 10
34 43 34
34 44 46
34 45 94
34 46 67
34 47 87
34 48 68
34 49 28
34 50 79
34 51 82
34 52 73
34 53 75
34 54 31
34 55 2
34 56 87
34 57 66
34 58 46
34 59 48
34 60 55
34 61 38
34 62 14
34 63 78
34 64 11
34 65 16
34 66 54
34 67 92
34 68 72
34 69 45
34 70 47
34 71 16
34 72 23
34 73 5
34 74 70
34 75 68
34 76 69
34 77 24
34 78 6
34 79 81
34 80 18
34 81 95
34 82 4
34 83 17
34 84 52
34 85 98
34 86 21
34 87 67
34 88 45
34 89 84
34 90 54
34 91 30
34 92 58
34 93 18
34 94 92
34 95 27
34 96 43
34 97 94
35 36 21
35 37 84
35 38 20
35 39 82
35 40 59
35 41 75
35 42 7
35 43 70
35 44 69
35 45 20
35 46 65
35 47 87
35 48 4
35 49 44
35 50 50
35 51 18
35 52 66
35 53 60
35 54 81
35 55 92
35 56 53
35 57 70
35 58 82
35 59 3
35 60 95
35 61 100
35 62 43
35 63 30
35 64 61
35 65 96
35 66 78
35 67 86
35 68 34
35 69 79
35 70 0
35 71 72
35 72 38
35 73 75
35 74 43
35 75 36
35 76 11
35 77 5
35 78 10
35 79 93
35 80 35
35 81 15
35 82 19
35 83 19
35 84 41
35 85 26
35 86 26
35 87 3
35 88 34
35 89 82
35 90 24
35 91 44
35 92 51
35 93 72
35 94 66
35 95 10
35 96 31
35 97 8
36 37 92
36 38 8
36 39 48
36 40 2
36 41 24
36 42 41
36 43 57
36 44 64
36 45 56
36 46 72
36 47 60
36 48 53
36 49 24
36 50 13
36 51 11
36 52 69
36 53 67
36 54 52
36 55 50
36 56 87
36 57 6
36 58 43
36 59 50
36 60 78
36 61 25
36 62 58
36 63 5
36 64 29
36 65 35
36 66 62
36 67 50
36 68 0
36 69 32
36 70 38
36 71 68
36 72 97
36 73 55
36 74 94
36 75 11
36 76 96
36 77 82
36 78 86
36 79 39
36 80 24
36 81 71
36 82 54
36 83 7
36 84 92
36 85 99
36 86 19
36 87 45
36 88 15
36 89 64
36 90 94
36 91 67
36 92 66
36 93 12
36 94 44
36 95 51
36 96 51
36 97 85
37 38 26
37 39 50
37 40 76
37 41 99
37 42 87
37 43 5
37 44 62
37 45 24
37 46 5
37 47 40
37 48 37
37 49 98
37 50 35
37 51 60
37 52 31
37 53 80
37 54 89
37 55 24
37 56 61
37 57 87
37 58 48
37 59 33
37 60 100
37 61 47
37 62 0
37 63 83
37 64 40
37 65 25
37 66 25
37 67 48
37 68 83
37 69 33
37 70 94
37 71 57
37 72 39
37 73 8
37 74 47
37 75 30
37 76 21
37 77 3
37 78 70
37 79 57
37 80 11
37 81 86
37 82 88
37 83 71
37 84 27
37 85 44
37 86 3
37 87 85
37 88 4
37 89 6
37 90 47
37 91 29
37 92 14
37 93 52
37 94 85
37 95 43
37 96 77
37 97 31
38 39 64
38 40 82
38 41 11
38 42 24
38 43 78
38 44 15
38 45 52
38 46 82
38 47 14
38 48 33
38 49 71
38 50 66
38 51 71
38 52 82
38 53 42
38 54 14
38 55 52
38 56 41
38 57 28
38 58 2
38 59 24
38 60 21
38 61 51
38 62 43
38 63 48
38 64 32
38 65 58
38 66 10
38 67 80
38 68 57
38 69 28
38 70 47
38 71 65
38 72 50
38 73 31
38 74 63
38 75 29
38 76 73
38 77 30
38 78 11
38 79 89
38 80 7
38 81 31
38 82 2
38 83 75
38 84 25
38 85 33
38 86 72
38 87 35
38 88 50
38 89 63
38 90 14
38 91 80
38 92 25
38 93 69
38 94 54
38 95 61
38 96 0
38 97 67
39 40 31
39 41 19
39 42 31
39 43 34
39 44 51
39 45 3
39 46 81
39 47 71
39 48 49
39 49 33
39 50 3
39 51 41
39 52 31
39 53 8
39 54 51
39 55 67
39 56 96
39 57 28
39 58 45
39 59 80
39 60 20
39 61 82
39 62 50
39 63 74
39 64 54
39 65 84
39 66 92
39 67 26
39 68 19
39 69 10
39 70 41
39 71 14
39 72 1
39 73 33
39 74 5
39 75 79
39 76 46
39 77 12
39 78 37
39 79 24
39 80 60
39 81 72
39 82 15
39 83 81
39 84 80
39 85 85
39 86 20
39 87 2
39 88 56
39 89 87
39 90 42
39 91 82
39 92 82
39 93 6
39 94 98
39 95 6
39 96 72
39 97 19
40 41 44
40 42 7
40 43 92
40 44 5
40 45 98
40 46 60
40 47 48
40 48 6
40 49 38
40 50 25
40 51 74
40 52 49
40 53 17
40 54 34
40 55 32
40 56 22
40 57 99
40 58 90
40 59 66
40 60 98
40 61 84
40 62 74
40 63 87
40 64 40
40 65 55
40 66 95
40 67 39
40 68 78
40 69 66
40 70 69
40 71 62
40 72 14
40 73 44
40 74 22
40 75 49
40 76 19
40 77 27
40 78 63
40 79 67
40 80 74
40 81 52
40 82 74
40 83 92
40 84 69
40 85 95
40 86 77
40 87 9
40 88 39
40 89 6
40 90 71
40 91 86
40 92 82
40 93 46
40 94 94
40 95 60
40 96 98
40 97 10
41 42 14
41 43 70
41 44 9
41 45 11
41 46 90
41 47 3
41 48 41
41 49 0
41 50 87
41 51 0
41 52 23
41 53 50
41 54 98
41 55 91
41 56 46
41 57 70
41 58 25
41 59 17
41 60 72
41 61 2
41 62 19
41 63 4
41 64 29
41 65 10
41 66 94
41 67 29
41 68 63
41 69 94
41 70 49
41 71 62
41 72 26
41 73 56
41 74 49
41 75 86
41 76 81
41 77 27
41 78 94
41 79 59
41 80 45
41 81 88
41 82 1
41 83 61
41 84 23
41 85 49
41 86 93
41 87 64
41 88 47
41 89 37
41 90 79
41 91 45
41 92 50
41 93 0
41 94 84
41 95 48
41 96 67
41 97 8
42 43 40
42 44 86
42 45 5
42 46 31
42 47 84
42 48 85
42 49 77
42 50 85
42 51 68
42 52 50
42 53 52
42 54 4
42 55 47
42 56 4
42 57 55
42 58 28
42 59 36
42 60 44
42 61 4
42 62 12
42 63 90
42 64 58
42 65 6
42 66 23
42 67 16
42 68 93
42 69 15
42 70 35
42 71 23
42 72 13
42 73 66
42 74 23
42 75 72
42 76 93
42 77 59
42 78 65
42 79 15
42 80 36
42 81 13
42 82 41
42 83 70
42 84 82
42 85 65
42 86 88
42 87 58
42 88 51
42 89 63
42 90 24
42 91 67
42 92 64
42 93 6
42 94 0
42 95 90
42 96 46
42 97 33
43 44 17
43 45 87
43 46 30
43 47 86
43 48 99
43 49 2
43 50 17
43 51 92
43 52 26
43 53 80
43 54 40
43 55 26
43 56 46
43 57 93
43 58 74
43 59 80
43 60 72
43 61 27
43 62 57
43 63 89
43 64 59
43 65 57
43 66 67
43 67 33
43 68 85
43 69 90
43 70 12
43 71 76
43 72 31
43 73 75
43 74 15
43 75 53
43 76 61
43 77 8
43 78 32
43 79 100
43 80 97
43 81 43
43 82 44
43 83 9
43 84 84
43 85 65
43 86 3
43 87 95
43 88 13
43 89 43
43 90 38
43 91 21
43 92 21
43 93 33
43 94 57
43 95 59
43 96 26
43 97 12
44 45 73
44 46 58
44 47 52
44 48 26
44 49 52
44 50 45
44 51 12
44 52 0
44 53 66
44 54 91
44 55 44
44 56 20
44 57 97
44 58 5
44 59 82
44 60 29
44 61 84
44 62 73
44 63 8
44 64 21
44 65 82
44 66 37
44 67 84
44 68 77
44 69 6
44 70 65
44 71 100
44 72 81
44 73 64
44 74 69
44 75 78
44 76 82
44 77 71
44 78 37
44 79 47
44 80 82
44 81 66
44 82 41
44 83 67
44 84 86
44 85 87
44 86 92
44 87 69
44 88 26
44 89 69
44 90 44
44 91 74
44 92 19
44 93 52
44 94 48
44 95 74
44 96 76
44 97 10
45 46 55
45 47 40
45 48 57
45 49 78
45 50 53
45 51 32
45 52 29
45 53 30
45 54 74
45 55 25
45 56 23
45 57 77
45 58 81
45 59 98
45 60 94
45 61 89
45 62 13
45 63 50
45 64 63
45 65 93
45 66 83
45 67 49
45 68 58
45 69 70
45 70 7
45 71 50
45 72 16
45 73 0
45 74 95
45 75 72
45 76 47
45 77 96
45 78 35
45 79 87
45 80 50
45 81 93
45 82 64
45 83 74
45 84 29
45 85 41
45 86 84
45 87 96
45 88 27
45 89 41
45 90 16
45 91 19
45 92 79
45 93 43
45 94 16
45 95 21
45 96 18
45 97 44
46 47 43
46 48 95
46 49 39
46 50 86
46 51 96
46 52 6
46 53 90
46 54 32
46 55 2
46 56 17
46 57 98
46 58 42
46 59 88
46 60 100
46 61 64
46 62 35
46 63 0
46 64 17
46 65 1
46 66 96
46 67 52
46 68 63
46 69 36
46 70 69
46 71 39
46 72 1
46 73 79
46 74 40
46 75 23
46 76 32
46 77 68
46 78 35
46 79 95
46 80 20
46 81 25
46 82 3
46 83 36
46 84 53
46 85 58
46 86 26
46 87 36
46 88 75
46 89 66
46 90 78
46 91 87
46 92 31
46 93 10
46 94 42
46 95 31
46 96 39
46 97 73
47 48 76
47 49 38
47 50 74
47 51 79
47 52 58
47 53 65
47 54 40
47 55 9
47 56 90
47 57 36
47 58 44
47 59 71
47 60 49
47 61 62
47 62 71
47 63 86
47 64 67
47 65 43
47 66 18
47 67 24
47 68 26
47 69 78
47 70 83
47 71 54
47 72 23
47 73 98
47 74 97
47 75 61
47 76 55
47 77 82
47 78 47
47 79 32
47 80 2
47 81 62
47 82 29
47 83 95
47 84 33
47 85 90
47 86 94
47 87 25
47 88 36
47 89 68
47 90 69
47 91 9
47 92 38
47 93 78
47 94 10
47 95 63
47 96 25
47 97 35
48 49 90
48 50 61
48 51 56
48 52 1
48 53 64
48 54 39
48 55 37
48 56 3
48 57 25
48 58 64
48 59 43
48 60 73
48 61 26
48 62 50
48 63 65
48 64 83
48 65 80
48 66 69
48 67 74
48 68 100
48 69 48
48 70 84
48 71 48
48 72 83
48 73 49
48 74 98
48 75 7
48 76 16
48 77 60
48 78 43
48 79 50
48 80 98
48 81 3
48 82 76
48 83 17
48 84 22
48 85 42
48 86 72
48 87 44
48 88 72
48 89 39
48 90 6
48 91 73
48 92 67
48 93 11
48 94 77
48 95 25
48 96 62
48 97 43
49 50 23
49 51 11
49 52 97
49 53 17
49 54 93
49 55 71
49 56 7
49 57 63
49 58 78
49 59 69
49 60 52
49 61 58
49 62 61
49 63 99
49 64 32
49 65 14
49 66 13
49 67 31
49 68 78
49 69 94
49 70 87
49 71 97
49 72 33
49 73 91
49 74 62
49 75 54
49 76 91
49 77 18
49 78 98
49 79 6
49 80 36
49 81 66
49 82 79
49 83 13
49 84 65
49 85 74
49 86 3
49 87 0
49 88 95
49 89 1
49 90 69
49 91 61
49 92 27
49 93 31
49 94 23
49 95 100
49 96 55
49 97 10
50 51 86
50 52 58
50 53 45
50 54 96
50 55 20
50 56 22
50 57 55
50 58 85
50 59 74
50 60 65
50 61 51
50 62 53
50 63 74
50 64 38
50 65 49
50 66 5
50 67 90
50 68 17
50 69 31
50 70 30
50 71 72
50 72 100
50 73 100
50 74 51
50 75 66
50 76 53
50 77 47
50 78 27
50 79 59
50 80 31
50 81 56
50 82 30
50 83 70
50 84 36
50 85 45
50 86 73
50 87 95
50 88 16
50 89 48
50 90 82
50 91 84
50 92 76
50 93 37
50 94 57
50 95 36
50 96 47
50 97 5
51 52 2
51 53 66
51 54 85
51 55 16
51 56 58
51 57 44
51 58 39
51 59 56
51 60 36
51 61 28
51 62 73
51 63 37
51 64 97
51 65 65
51 66 63
51 67 75
51 68 79
51 69 98
51 70 65
51 71 79
51 72 66
51 73 8
51 74 0
51 75 64
51 76 82
51 77 51
51 78 0
51 79 88
51 80 95
51 81 74
51 82 63
51 83 99
51 84 39
51 85 0
51 86 38
51 87 26
51 88 82
51 89 44
51 90 33
51 91 88
51 92 92
51 93 80
51 94 91
51 95 93
51 96 95
51 97 47
52 53 29
52 54 41
52 55 9
52 56 12
52 57 73
52 58 21
52 59 31
52 60 19
52 61 31
52 62 74
52 63 42
52 64 87
52 65 99
52 66 54
52 67 85
52 68 33
52 69 4
52 70 44
52 71 30
52 72 40
52 73 88
52 74 40
52 75 37
52 76 0
52 77 21
52 78 71
52 79 29
52 80 30
52 81 19
52 82 75
52 83 49
52 84 36
52 85 15
52 86 33
52 87 74
52 88 19
52 89 55
52 90 58
52 91 55
52 92 59
52 93 51
52 94 82
52 95 56
52 96 82
52 97 59
53 54 2
53 55 99
53 56 19
53 57 15
53 58 9
53 59 45
53 60 42
53 61 1
53 62 9
53 63 58
53 64 0
53 65 8
53 66 51
53 67 48
53 68 69
53 69 84
53 70 2
53 71 20
53 72 57
53 73 38
53 74 74
53 75 32
53 76 41
53 77 12
53 78 12
53 79 4
53 80 94
53 81 3
53 82 58
53 83 4
53 84 61
53 85 72
53 86 3
53 87 69
53 88 87
53 89 84
53 90 25
53 91 33
53 92 27
53 93 100
53 94 35
53 95 48
53 96 50
53 97 30
54 55 64
54 56 72
54 57 88
54 58 5
54 59 90
54 60 99
54 61 47
54 62 35
54 63 0
54 64 65
54 65 55
54 66 92
54 67 38
54 68 13
54 69 30
54 70 3
54 71 91
54 72 7
54 73 30
54 74 30
54 75 38
54 76 23
54 77 1
54 78 96
54 79 36
54 80 56
54 81 72
54 82 31
54 83 64
54 84 99
54 85 72
54 86 33
54 87 92
54 88 20
54 89 20
54 90 84
54 91 47
54 92 94
54 93 70
54 94 26
54 95 27
54 96 97
54 97 58
55 56 79
55 57 77
55 58 0
55 59 27
55 60 42
55 61 58
55 62 34
55 63 60
55 64 44
55 65 36
55 66 2
55 67 62
55 68 70
55 69 71
55 70 94
55 71 85
55 72 82
55 73 32
55 74 14
55 75 5
55 76 86
55 77 53
55 78 29
55 79 82
55 80 33
55 81 37
55 82 8
55 83 49
55 84 50
55 85 43
55 86 99
55 87 64
55 88 48
55 89 90
55 90 0
55 91 0
55 92 1
55 93 31
55 94 40
55 95 58
55 96 16
55 97 29
56 57 33
56 58 3
56 59 52
56 60 30
56 61 54
56 62 20
56 63 23
56 64 99
56 65 10
56 66 22
56 67 63
56 68 6
56 69 99
56 70 4
56 71 3
56 72 67
56 73 0
56 74 9
56 75 94
56 76 89
56 77 20
56 78 44
56 79 79
56 80 50
56 81 37
56 82 45
56 83 60
56 84 60
56 85 30
56 86 57
56 87 73
56 88 48
56 89 25
56 90 42
56 91 91
56 92 95
56 93 18
56 94 9
56 95 56
56 96 39
56 97 80
57 58 71
57 59 49
57 60 80
57 61 79
57 62 55
57 63 93
57 64 29
57 65 73
57 66 100
57 67 40
57 68 59
57 69 13
57 70 36
57 71 34
57 72 1
57 73 50
57 74 47
57 75 20
57 76 74
57 77 53
57 78 12
57 79 49
57 80 54
57 81 18
57 82 28
57 83 38
57 84 87
57 85 66
57 86 5
57 87 35
57 88 69
57 89 51
57 90 64
57 91 35
57 92 55
57 93 16
57 94 9
57 95 99
57 96 84
57 97 36
58 59 96
58 60 18
58 61 98
58 62 66
58 63 54
58 64 90
58 65 90
58 66 81
58 67 10
58 68 95
58 69 16
58 70 55
58 71 21
58 72 39
58 73 52
58 74 12
58 75 92
58 76 22
58 77 21
58 78 75
58 79 94
58 80 38
58 81 40
58 82 73
58 83 94
58 84 0
58 85 15
58 86 48
58 87 44
58 88 16
58 89 58
58 90 44
58 91 12
58 92 27
58 93 68
58 94 48
58 95 50
58 96 61
58 97 12
59 60 17
59 61 92
59 62 44
59 63 90
59 64 69
59 65 63
59 66 69
59 67 42
59 68 86
59 69 12
59 70 23
59 71 29
59 72 37
59 73 20
59 74 33
59 75 0
59 76 11
59 77 88
59 78 63
59 79 8
59 80 43
59 81 39
59 82 66
59 83 96
59 84 96
59 85 70
59 86 12
59 87 32
59 88 9
59 89 66
59 90 52
59 91 93
59 92 20
59 93 69
59 94 17
59 95 16
59 96 91
59 97 91
60 61 37
60 62 20
60 63 47
60 64 39
60 65 26
60 66 24
60 67 45
60 68 21
60 69 32
60 70 0
60 71 0
60 72 48
60 73 55
60 74 60
60 75 29
60 76 1
60 77 40
60 78 86
60 79 65
60 80 96
60 81 23
60 82 15
60 83 38
60 84 54
60 85 47
60 86 46
60 87 42
60 88 98
60 89 43
60 90 43
60 91 23
60 92 81
60 93 32
60 94 84
60 95 82
60 96 23
60 97 73
61 62 25
61 63 62
61 64 94
61 65 36
61 66 17
61 67 61
61 68 44
61 69 59
61 70 23
61 71 78
61 72 59
61 73 62
61 74 4
61 75 84
61 76 31
61 77 40
61 78 92
61 79 39
61 80 79
61 81 40
61 82 59
61 83 22
61 84 63
61 85 48
61 86 49
61 87 65
61 88 53
61 89 94
61 90 75
61 91 19
61 92 83
61 93 5
61 94 14
61 95 28
61 96 70
61 97 21
62 63 96
62 64 18
62 65 66
62 66 0
62 67 36
62 68 59
62 69 48
62 70 23
62 71 15
62 72 81
62 73 27
62 74 63
62 75 38
62 76 70
62 77 47
62 78 79
62 79 12
62 80 99
62 81 35
62 82 68
62 83 29
62 84 22
62 85 8
62 86 64
62 87 33
62 88 88
62 89 27
62 90 98
62 91 65
62 92 0
62 93 25
62 94 53
62 95 53
62 96 10
62 97 24
63 64 99
63 65 35
63 66 100
63 67 91
63 68 84
63 69 46
63 70 67
63 71 54
63 72 26
63 73 60
63 74 82
63 75 73
63 76 57
63 77 74
63 78 8
63 79 100
63 80 29
63 81 10
63 82 64
63 83 25
63 84 72
63 85 42
63 86 9
63 87 36
63 88 26
63 89 29
63 90 19
63 91 11
63 92 9
63 93 73
63 94 18
63 95 22
63 96 14
63 97 17
64 65 53
64 66 11
64 67 35
64 68 8
64 69 32
64 70 56
64 71 14
64 72 97
64 73 28
64 74 28
64 75 27
64 76 93
64 77 49
64 78 98
64 79 68
64 80 28
64 81 41
64 82 37
64 83 56
64 84 94
64 85 79
64 86 68
64 87 22
64 88 31
64 89 26
64 90 49
64 91 54
64 92 90
64 93 23
64 94 25
64 95 6
64 96 13
64 97 3
65 66 81
65 67 51
65 68 72
65 69 10
65 70 79
65 71 16
65 72 2
65 73 25
65 74 12
65 75 24
65 76 39
65 77 18
65 78 79
65 79 13
65 80 82
65 81 49
65 82 24
65 83 38
65 84 36
65 85 99
65 86 91
65 87 23
65 88 13
65 89 50
65 90 95
65 91 97
65 92 85
65 93 55
65 94 76
65 95 81
65 96 16
65 97 89
66 67 88
66 68 85
66 69 0
66 70 4
66 71 24
66 72 27
66 73 52
66 74 43
66 75 54
66 76 4
66 77 59
66 78 44
66 79 62
66 80 21
66 81 70
66 82 45
66 83 67
66 84 80
66 85 45
66 86 3
66 87 26
66 88 18
66 89 7
66 90 42
66 91 20
66 92 69
66 93 32
66 94 87
66 95 97
66 96 92
66 97 44
67 68 14
67 69 65
67 70 46
67 71 86
67 72 89
67 73 15
67 74 68
67 75 31
67 76 88
67 77 1
67 78 1
67 79 94
67 80 7
67 81 53
67 82 57
67 83 6
67 84 17
67 85 26
67 86 74
67 87 14
67 88 9
67 89 5
67 90 24
67 91 28
67 92 52
67 93 71
67 94 7
67 95 94
67 96 20
67 97 38
68 69 8
68 70 63
68 71 22
68 72 77
68 73 15
68 74 82
68 75 88
68 76 77
68 77 62
68 78 12
68 79 68
68 80 41
68 81 10
68 82 34
68 83 99
68 84 99
68 85 51
68 86 70
68 87 6
68 88 13
68 89 96
68 90 69
68 91 33
68 92 69
68 93 70
68 94 75
68 95 6
68 96 51
68 97 48
69 70 66
69 71 90
69 72 49
69 73 27
69 74 78
69 75 55
69 76 93
69 77 69
69 78 75
69 79 52
69 80 29
69 81 37
69 82 97
69 83 33
69 84 12
69 85 69
69 86 89
69 87 38
69 88 23
69 89 37
69 90 28
69 91 90
69 92 13
69 93 58
69 94 100
69 95 30
69 96 81
69 97 47
70 71 39
70 72 7
70 73 36
70 74 64
70 75 57
70 76 74
70 77 58
70 78 100
70 79 50
70 80 75
70 81 45
70 82 29
70 83 66
70 84 32
70 85 30
70 86 13
70 87 14
70 88 2
70 89 65
70 90 25
70 91 41
70 92 58
70 93 64
70 94 95
70 95 96
70 96 58
70 97 39
71 72 42
71 73 71
71 74 14
71 75 13
71 76 8
71 77 12
71 78 86
71 79 0
71 80 34
71 81 68
71 82 93
71 83 69
71 84 27
71 85 84
71 86 30
71 87 38
71 88 14
71 89 59
71 90 34
71 91 33
71 92 71
71 93 69
71 94 30
71 95 10
71 96 37
71 97 45
72 73 29
72 74 49
72 75 10
72 76 77
72 77 100
72 78 40
72 79 43
72 80 4
72 81 84
72 82 31
72 83 40
72 84 10
72 85 48
72 86 18
72 87 0
72 88 39
72 89 75
72 90 61
72 91 16
72 92 64
72 93 22
72 94 39
72 95 100
72 96 34
72 97 57
73 74 46
73 75 29
73 76 40
73 77 63
73 78 68
73 79 14
73 80 99
73 81 36
73 82 44
73 83 16
73 84 14
73 85 54
73 86 80
73 87 6
73 88 11
73 89 95
73 90 39
73 91 9
73 92 58
73 93 88
73 94 86
73 95 46
73 96 62
73 97 65
74 75 56
74 76 82
74 77 59
74 78 62
74 79 27
74 80 38
74 81 15
74 82 25
74 83 28
74 84 74
74 85 74
74 86 85
74 87 66
74 88 91
74 89 65
74 90 6
74 91 52
74 92 59
74 93 59
74 94 98
74 95 75
74 96 13
74 97 14
75 76 39
75 77 42
75 78 79
75 79 53
75 80 43
75 81 46
75 82 20
75 83 84
75 84 73
75 85 90
75 86 87
75 87 75
75 88 26
75 89 50
75 90 45
75 91 27
75 92 72
75 93 96
75 94 75
75 95 76
75 96 36
75 97 51
76 77 61
76 78 14
76 79 45
76 80 66
76 81 81
76 82 84
76 83 38
76 84 11
76 85 65
76 86 50
76 87 23
76 88 20
76 89 45
76 90 16
76 91 85
76 92 50
76 93 1
76 94 20
76 95 16
76 96 11
76 97 99
77 78 84
77 79 22
77 80 89
77 81 55
77 82 72
77 83 59
77 84 56
77 85 84
77 86 71
77 87 55
77 88 63
77 89 90
77 90 74
77 91 44
77 92 21
77 93 42
77 94 22
77 95 82
77 96 63
77 97 14
78 79 36
78 80 92
78 81 88
78 82 84
78 83 75
78 84 57
78 85 29
78 86 7
78 87 97
78 88 42
78 89 40
78 90 64
78 91 87
78 92 38
78 93 78
78 94 37
78 95 84
78 96 14
78 97 8
79 80 24
79 81 18
79 82 9
79 83 37
79 84 47
79 85 45
79 86 45
79 87 46
79 88 53
79 89 66
79 90 13
79 91 62
79 92 72
79 93 91
79 94 75
79 95 95
79 96 77
79 97 56
80 81 50
80 82 80
80 83 17
80 84 67
80 85 84
80 86 20
80 87 3
80 88 33
80 89 22
80 90 50
80 91 47
80 92 91
80 93 61
80 94 88
80 95 74
80 96 90
80 97 83
81 82 31
81 83 92
81 84 15
81 85 49
81 86 44
81 87 8
81 88 80
81 89 96
81 90 23
81 91 87
81 92 60
81 93 35
81 94 19
81 95 77
81 96 40
81 97 80
82 83 7
82 84 25
82 85 60
82 86 18
82 87 74
82 88 36
82 89 83
82 90 99
82 91 35
82 92 22
82 93 59
82 94 23
82 95 7
82 96 70
82 97 51
83 84 66
83 85 70
83 86 41
83 87 83
83 88 52
83 89 21
83 90 26
83 91 42
83 92 39
83 93 91
83 94 52
83 95 54
83 96 38
83 97 45
84 85 45
84 86 16
84 87 88
84 88 58
84 89 45
84 90 29
84 91 88
84 92 77
84 93 23
84 94 19
84 95 62
84 96 59
84 97 99
85 86 44
85 87 7
85 88 2
85 89 78
85 90 86
85 91 28
85 92 77
85 93 19
85 94 90
85 95 48
85 96 40
85 97 47
86 87 2
86 88 75
86 89 94
86 90 97
86 91 77
86 92 79
86 93 42
86 94 83
86 95 12
86 96 99
86 97 43
87 88 100
87 89 11
87 90 35
87 91 1
87 92 11
87 93 15
87 94 46
87 95 35
87 96 67
87 97 52
88 89 4
88 90 11
88 91 30
88 92 75
88 93 90
88 94 14
88 95 20
88 96 66
88 97 64
89 90 81
89 91 55
89 92 16
89 93 58
89 94 55
89 95 34
89 96 78
89 97 29
90 91 46
90 92 96
90 93 28
90 94 8
90 95 35
90 96 63
90 97 59
91 92 74
91 93 52
91 94 15
91 95 1
91 96 67
91 97 2
92 93 51
92 94 36
92 95 62
92 96 100
92 97 84
93 94 24
93 95 70
93 96 32
93 97 12
94 95 99
94 96 1
94 97 45
95 96 92
95 97 71
96 97 86
