86 43
0 1 28
0 2 85
0 3 44
0 4 30
0 5 51
0 6 1
0 7 14
0 8 54
0 9 74
0 10 37
0 11 98
0 12 92
0 13 97
0 14 70
0 15 15
0 16 8
0 17 18
0 18 66
0 19 12
0 20 75
0 21 18
0 22 78
0 23 38
0 24 67
0 25 66
0 26 66
0 27 21
0 28 88
0 29 65
0 30 63
0 31 74
0 32 92
0 33 89
0 34 54
0 35 85
0 36 25
0 37 26
0 38 24
0 39 36
0 40 75
0 41 56
0 42 2
0 43 48
0 44 4
0 45 63
0 46 82
0 47 89
0 48 89
0 49 92
0 50 9
0 51 12
0 52 43
0 53 25
0 54 99
0 55 33
0 56 26
0 57 12
0 58 56
0 59 96
0 60 97
0 61 17
0 62 95
0 63 19
0 64 66
0 65 25
0 66 85
0 67 49
0 68 8
0 69 89
0 70 20
0 71 42
0 72 12
0 73 66
0 74 13
0 75 66
0 76 62
0 77 0
0 78 36
0 79 49
0 80 48
0 81 23
0 82 85
0 83 18
0 84 86
0 85 58
1 2 65
1 3 70
1 4 14
1 5 93
1 6 29
1 7 38
1 8 16
1 9 61
1 10 48
1 11 92
1 12 54
1 13 31
1 14 71
1 15 21
1 16 9
1 17 100
1 18 48
1 19 96
1 20 18
1 21 70
1 22 53
1 23 35
1 24 19
1 25 35
1 26 35
1 27 100
1 28 97
1 29 77
1 30 32
1 31 79
1 32 20
1 33 66
1 34 35
1 35 62
1 36 88
1 37 35
1 38 24
1 39 65
1 40 70
1 41 72
1 42 6
1 43 88
1 44 66
1 45 44
1 46 98
1 47 21
1 48 45
1 49 47
1 50 51
1 51 45
1 52 58
1 53 9
1 54 97
1 55 97
1 56 70
1 57 17
1 58 23
1 59 31
1 60 38
1 61 31
1 62 40
1 63 23
1 64 28
1 65 70
1 66 38
1 67 30
1 68 94
1 69 50
1 70 71
1 71 27
1 72 14
1 73 69
1 74 4
1 75 31
1 76 44
1 77 10
1 78 48
1 79 33
1 80 41
1 81 39
1 82 98
1 83 4
1 84 4
1 85 33
2 3 63
2 4 23
2 5 17
2 6 83
2 7 28
2 8 99
2 9 71
2 10 73
2 11 66
2 12 92
2 13 74
2 14 19
2 15 74
2 16 64
2 17 33
2 18 54
2 19 99
2 20 32
2 21 54
2 22 3
2 23 54
2 24 32
2 25 2
2 26 18
2 27 36
2 28 41
2 29 97
2 30 54
2 31 19
2 32 26
2 33 98
2 34 17
2 35 82
2 36 27
2 37 52
2 38 13
2 39 76
2 40 95
2 41 7
2 42 68
2 43 90
2 44 77
2 45 98
2 46 26
2 47 4
2 48 98
2 49 8
2 50 71
2 51 41
2 52 41
2 53 29
2 54 37
2 55 76
2 56 17
2 57 15
2 58 42
2 59 6
2 60 38
2 61 72
2 62 91
2 63 1
2 64 46
2 65 96
2 66 58
2 67 56
2 68 96
2 69 33
2 70 31
2 71 3
2 72 76
2 73 60
2 74 10
2 75 59
2 76 42
2 77 73
2 78 62
2 79 75
2 80 36
2 81 30
2 82 79
2 83 95
2 84 66
2 85 4
3 4 11
3 5 70
3 6 29
3 7 57
3 8 100
3 9 43
3 10 80
3 11 27
3 12 22
3 13 5
3 14 11
3 15 30
3 16 35
3 17 6
3 18 90
3 19 32
3 20 75
3 21 84
3 22 77
3 23 21
3 24 20
3 25 38
3 26 71
3 27 60
3 28 49
3 29 13
3 30 17
3 31 82
3 32 40
3 33 74
3 34 96
3 35 30
3 36 7
3 37 43
3 38 1
3 39 1
3 40 6
3 41 88
3 42 56
3 43 39
3 44 58
3 45 47
3 46 70
3 47 43
3 48 29
3 49 49
3 50 91
3 51 98
3 52 38
3 53 62
3 54 66
3 55 53
3 56 15
3 57 22
3 58 91
3 59 82
3 60 67
3 61 60
3 62 86
3 63 44
3 64 100
3 65 31
3 66 3
3 67 2
3 68 28
3 69 92
3 70 51
3 71 67
3 72 45
3 73 25
3 74 38
3 75 85
3 76 65
3 77 50
3 78 47
3 79 60
3 80 98
3 81 81
3 82 13
3 83 48
3 84 27
3 85 96
4 5 34
4 6 100
4 7 49
4 8 58
4 9 34
4 10 28
4 11 95
4 12 43
4 13 93
4 14 78
4 15 15
4 16 51
4 17 60
4 18 91
4 19 100
4 20 14
4 21 32
4 22 91
4 23 76
4 24 58
4 25 43
4 26 93
4 27 22
4 28 29
4 29 97
4 30 43
4 31 28
4 32 61
4 33 20
4 34 76
4 35 96
4 36 33
4 37 55
4 38 90
4 39 64
4 40 99
4 41 55
4 42 33
4 43 8
4 44 28
4 45 8
4 46 56
4 47 96
4 48 97
4 49 87
4 50 81
4 51 18
4 52 42
4 53 58
4 54 77
4 55 71
4 56 100
4 57 8
4 58 42
4 59 15
4 60 86
4 61 69
4 62 63
4 63 19
4 64 23
4 65 94
4 66 7
4 67 56
4 68 24
4 69 43
4 70 72
4 71 54
4 72 97
4 73 7
4 74 77
4 75 94
4 76 71
4 77 13
4 78 70
4 79 50
4 80 22
4 81 57
4 82 22
4 83 72
4 84 73
4 85 24
5 6 98
5 7 64
5 8 49
5 9 70
5 10 39
5 11 0
5 12 75
5 13 6
5 14 87
5 15 81
5 16 40
5 17 99
5 18 71
5 19 52
5 20 88
5 21 87
5 22 10
5 23 41
5 24 30
5 25 38
5 26 45
5 27 35
5 28 91
5 29 72
5 30 27
5 31 96
5 32 26
5 33 52
5 34 3
5 35 55
5 36 32
5 37 62
5 38 64
5 39 93
5 40 11
5 41 30
5 42 16
5 43 86
5 44 83
5 45 17
5 46 65
5 47 5
5 48 10
5 49 58
5 50 31
5 51 78
5 52 62
5 53 71
5 54 69
5 55 32
5 56 60
5 57 98
5 58 73
5 59 10
5 60 30
5 61 45
5 62 79
5 63 23
5 64 11
5 65 51
5 66 93
5 67 18
5 68 16
5 69 21
5 70 85
5 71 1
5 72 4
5 73 98
5 74 35
5 75 77
5 76 19
5 77 28
5 78 45
5 79 56
5 80 0
5 81 94
5 82 50
5 83 65
5 84 38
5 85 7
6 7 52
6 8 82
6 9 0
6 10 55
6 11 4
6 12 12
6 13 68
6 14 14
6 15 58
6 16 44
6 17 25
6 18 10
6 19 32
6 20 38
6 21 65
6 22 35
6 23 99
6 24 72
6 25 99
6 26 39
6 27 10
6 28 13
6 29 1
6 30 84
6 31 8
6 32 21
6 33 9
6 34 26
6 35 58
6 36 12
6 37 2
6 38 91
6 39 42
6 40 81
6 41 64
6 42 97
6 43 78
6 44 86
6 45 97
6 46 32
6 47 60
6 48 69
6 49 72
6 50 77
6 51 57
6 52 93
6 53 27
6 54 24
6 55 100
6 56 38
6 57 15
6 58 8
6 59 30
6 60 0
6 61 34
6 62 80
6 63 34
6 64 17
6 65 21
6 66 88
6 67 8
6 68 79
6 69 91
6 70 11
6 71 5
6 72 59
6 73 93
6 74 65
6 75 33
6 76 100
6 77 29
6 78 93
6 79 43
6 80 82
6 81 23
6 82 63
6 83 43
6 84 57
6 85 52
7 8 80
7 9 31
7 10 23
7 11 61
7 12 27
7 13 71
7 14 20
7 15 2
7 16 67
7 17 18
7 18 84
7 19 37
7 20 11
7 21 18
7 22 54
7 23 24
7 24 39
7 25 60
7 26 91
7 27 23
7 28 9
7 29 51
7 30 11
7 31 63
7 32 31
7 33 86
7 34 71
7 35 97
7 36 72
7 37 12
7 38 54
7 39 94
7 40 62
7 41 51
7 42 39
7 43 76
7 44 37
7 45 23
7 46 63
7 47 18
7 48 85
7 49 83
7 50 29
7 51 57
7 52 5
7 53 84
7 54 57
7 55 68
7 56 23
7 57 55
7 58 62
7 59 71
7 60 84
7 61 63
7 62 25
7 63 47
7 64 57
7 65 73
7 66 99
7 67 22
7 68 90
7 69 90
7 70 68
7 71 47
7 72 52
7 73 59
7 74 47
7 75 71
7 76 13
7 77 50
7 78 43
7 79 38
7 80 65
7 81 3
7 82 98
7 83 42
7 84 89
7 85 14
8 9 12
8 10 23
8 11 54
8 12 36
8 13 0
8 14 62
8 15 58
8 16 19
8 17 22
8 18 85
8 19 27
8 20 1
8 21 64
8 22 14
8 23 73
8 24 49
8 25 33
8 26 21
8 27 67
8 28 41
8 29 40
8 30 80
8 31 3
8 32 92
8 33 68
8 34 51
8 35 42
8 36 19
8 37 16
8 38 20
8 39 97
8 40 75
8 41 21
8 42 54
8 43 33
8 44 32
8 45 11
8 46 35
8 47 16
8 48 63
8 49 46
8 50 62
8 51 36
8 52 5
8 53 53
8 54 94
8 55 48
8 56 98
8 57 23
8 58 94
8 59 62
8 60 11
8 61 49
8 62 58
8 63 61
8 64 51
8 65 61
8 66 46
8 67 54
8 68 80
8 69 82
8 70 19
8 71 13
8 72 14
8 73 64
8 74 83
8 75 52
8 76 46
8 77 28
8 78 61
8 79 91
8 80 39
8 81 47
8 82 100
8 83 8
8 84 91
8 85 100
9 10 94
9 11 90
9 12 67
9 13 44
9 14 19
9 15 5
9 16 0
9 17 51
9 18 66
9 19 13
9 20 64
9 21 93
9 22 34
9 23 69
9 24 78
9 25 19
9 26 77
9 27 61
9 28 59
9 29 39
9 30 17
9 31 81
9 32 30
9 33 64
9 34 54
9 35 22
9 36 19
9 37 60
9 38 37
9 39 6
9 40 28
9 41 17
9 42 86
9 43 37
9 44 79
9 45 47
9 46 89
9 47 98
9 48 31
9 49 43
9 50 60
9 51 5
9 52 98
9 53 46
9 54 81
9 55 88
9 56 43
9 57 64
9 58 23
9 59 79
9 60 39
9 61 42
9 62 52
9 63 98
9 64 7
9 65 98
9 66 25
9 67 11
9 68 74
9 69 72
9 70 80
9 71 91
9 72 66
9 73 74
9 74 17
9 75 15
9 76 20
9 77 100
9 78 72
9 79 88
9 80 34
9 81 10
9 82 17
9 83 59
9 84 60
9 85 5
10 11 29
10 12 89
10 13 37
10 14 69
10 15 69
10 16 1
10 17 96
10 18 79
10 19 78
10 20 18
10 21 0
10 22 7
10 23 15
10 24 66
10 25 52
10 26 90
10 27 53
10 28 4
10 29 62
10 30 36
10 31 82
10 32 78
10 33 59
10 34 21
10 35 30
10 36 65
10 37 0
10 38 29
10 39 95
10 40 67
10 41 61
10 42 70
10 43 94
10 44 75
10 45 62
10 46 89
10 47 71
10 48 21
10 49 99
10 50 15
10 51 22
10 52 20
10 53 25
10 54 80
10 55 16
10 56 71
10 57 8
10 58 35
10 59 59
10 60 7
10 61 94
10 62 20
10 63 75
10 64 60
10 65 73
10 66 34
10 67 94
10 68 40
10 69 72
10 70 17
10 71 86
10 72 75
10 73 65
10 74 48
10 75 77
10 76 59
10 77 7
10 78 15
10 79 46
10 80 100
10 81 52
10 82 97
10 83 51
10 84 53
10 85 96
11 12 91
11 13 15
11 14 1
11 15 17
11 16 54
11 17 53
11 18 51
11 19 7
11 20 47
11 21 93
11 22 37
11 23 47
11 24 31
11 25 75
11 26 17
11 27 17
11 28 20
11 29 66
11 30 33
11 31 44
11 32 29
11 33 66
11 34 88
11 35 94
11 36 38
11 37 27
11 38 32
11 39 13
11 40 83
11 41 73
11 42 46
11 43 25
11 44 14
11 45 34
11 46 55
11 47 22
11 48 56
11 49 12
11 50 84
11 51 59
11 52 0
11 53 94
11 54 28
11 55 86
11 56 30
11 57 73
11 58 52
11 59 41
11 60 65
11 61 19
11 62 45
11 63 72
11 64 96
11 65 42
11 66 20
11 67 37
11 68 63
11 69 80
11 70 36
11 71 87
11 72 78
11 73 88
11 74 73
11 75 92
11 76 94
11 77 95
11 78 37
11 79 97
11 80 80
11 81 56
11 82 57
11 83 4
11 84 18
11 85 40
12 13 47
12 14 12
12 15 69
12 16 67
12 17 98
12 18 57
12 19 51
12 20 89
12 21 54
12 22 12
12 23 17
12 24 58
12 25 16
12 26 28
12 27 9
12 28 95
12 29 32
12 30 70
12 31 23
12 32 43
12 33 38
12 34 98
12 35 72
12 36 15
12 37 63
12 38 10
12 39 96
12 40 39
12 41 40
12 42 54
12 43 14
12 44 10
12 45 67
12 46 57
12 47 15
12 48 23
12 49 48
12 50 70
12 51 81
12 52 54
12 53 91
12 54 39
12 55 38
12 56 66
12 57 4
12 58 73
12 59 28
12 60 26
12 61 74
12 62 33
12 63 77
12 64 31
12 65 68
12 66 36
12 67 33
12 68 5
12 69 67
12 70 23
12 71 27
12 72 21
12 73 82
12 74 53
12 75 65
12 76 85
12 77 64
12 78 65
12 79 13
12 80 60
12 81 2
12 82 55
12 83 42
12 84 29
12 85 60
13 14 32
13 15 90
13 16 14
13 17 43
13 18 97
13 19 39
13 20 97
13 21 69
13 22 89
13 23 38
13 24 54
13 25 55
13 26 71
13 27 70
13 28 68
13 29 71
13 30 74
13 31 22
13 32 76
13 33 30
13 34 31
13 35 19
13 36 16
13 37 27
13 38 98
13 39 7
13 40 93
13 41 11
13 42 74
13 43 100
13 44 49
13 45 86
13 46 6
13 47 66
13 48 47
13 49 78
13 50 64
13 51 41
13 52 24
13 53 35
13 54 32
13 55 45
13 56 25
13 57 36
13 58 77
13 59 41
13 60 67
13 61 72
13 62 80
13 63 99
13 64 28
13 65 8
13 66 94
13 67 81
13 68 33
13 69 41
13 70 68
13 71 7
13 72 5
13 73 53
13 74 85
13 75 40
13 76 89
13 77 62
13 78 88
13 79 83
13 80 27
13 81 89
13 82 55
13 83 33
13 84 28
13 85 18
14 15 28
14 16 58
14 17 81
14 18 10
14 19 67
14 20 7
14 21 53
14 22 41
14 23 65
14 24 71
14 25 35
14 26 96
14 27 51
14 28 47
14 29 11
14 30 69
14 31 22
14 32 17
14 33 87
14 34 93
14 35 76
14 36 94
14 37 69
14 38 13
14 39 71
14 40 98
14 41 98
14 42 37
14 43 11
14 44 45
14 45 95
14 46 44
14 47 31
14 48 29
14 49 4
14 50 20
14 51 23
14 52 99
14 53 83
14 54 70
14 55 15
14 56 7
14 57 37
14 58 48
14 59 89
14 60 87
14 61 89
14 62 72
14 63 1
14 64 2
14 65 0
14 66 30
14 67 10
14 68 29
14 69 88
14 70 23
14 71 73
14 72 59
14 73 17
14 74 53
14 75 2
14 76 6
14 77 37
14 78 98
14 79 82
14 80 34
14 81 61
14 82 6
14 83 54
14 84 51
14 85 81
15 16 20
15 17 3
15 18 62
15 19 14
15 20 52
15 21 76
15 22 71
15 23 16
15 24 74
15 25 44
15 26 77
15 27 78
15 28 98
15 29 74
15 30 93
15 31 79
15 32 96
15 33 93
15 34 41
15 35 19
15 36 97
15 37 9
15 38 79
15 39 63
15 40 66
15 41 62
15 42 52
15 43 53
15 44 69
15 45 33
15 46 81
15 47 20
15 48 51
15 49 45
15 50 27
15 51 36
15 52 77
15 53 9
15 54 18
15 55 52
15 56 68
15 57 17
15 58 34
15 59 14
15 60 66
15 61 50
15 62 60
15 63 13
15 64 35
15 65 77
15 66 59
15 67 74
15 68 58
15 69 89
15 70 41
15 71 57
15 72 32
15 73 37
15 74 0
15 75 87
15 76 70
15 77 77
15 78 2
15 79 51
15 80 20
15 81 23
15 82 55
15 83 96
15 84 90
15 85 2
16 17 96
16 18 67
16 19 46
16 20 26
16 21 65
16 22 75
16 23 34
16 24 95
16 25 15
16 26 51
16 27 26
16 28 68
16 29 30
16 30 82
16 31 26
16 32 91
16 33 91
16 34 73
16 35 9
16 36 64
16 37 54
16 38 34
16 39 51
16 40 56
16 41 33
16 42 69
16 43 68
16 44 100
16 45 50
16 46 79
16 47 82
16 48 36
16 49 38
16 50 34
16 51 4
16 52 50
16 53 23
16 54 58
16 55 0
16 56 98
16 57 67
16 58 38
16 59 23
16 60 85
16 61 30
16 62 60
16 63 48
16 64 68
16 65 68
16 66 8
16 67 27
16 68 97
16 69 74
16 70 6
16 71 72
16 72 41
16 73 61
16 74 34
16 75 87
16 76 53
16 77 89
16 78 75
16 79 78
16 80 11
16 81 6
16 82 56
16 83 72
16 84 71
16 85 9
17 18 27
17 19 45
17 20 61
17 21 3
17 22 40
17 23 49
17 24 83
17 25 100
17 26 35
17 27 4
17 28 54
17 29 68
17 30 60
17 31 71
17 32 54
17 33 56
17 34 14
17 35 95
17 36 69
17 37 41
17 38 34
17 39 60
17 40 26
17 41 87
17 42 95
17 43 45
17 44 49
17 45 0
17 46 22
17 47 45
17 48 66
17 49 1
17 50 3
17 51 16
17 52 70
17 53 72
17 54 73
17 55 85
17 56 36
17 57 74
17 58 48
17 59 42
17 60 47
17 61 64
17 62 23
17 63 42
17 64 74
17 65 99
17 66 75
17 67 98
17 68 61
17 69 38
17 70 30
17 71 44
17 72 51
17 73 12
17 74 36
17 75 95
17 76 22
17 77 52
17 78 10
17 79 57
17 80 92
17 81 78
17 82 64
17 83 30
17 84 69
17 85 95
18 19 1
18 20 24
18 21 31
18 22 73
18 23 12
18 24 89
18 25 56
18 26 33
18 27 69
18 28 24
18 29 80
18 30 19
18 31 77
18 32 70
18 33 22
18 34 8
18 35 82
18 36 14
18 37 29
18 38 46
18 39 38
18 40 39
18 41 91
18 42 64
18 43 94
18 44 94
18 45 79
18 46 97
18 47 87
18 48 26
18 49 53
18 50 49
18 51 20
18 52 8
18 53 5
18 54 88
18 55 51
18 56 66
18 57 4
18 58 4
18 59 9
18 60 54
18 61 37
18 62 9
18 63 43
18 64 25
18 65 56
18 66 58
18 67 88
18 68 33
18 69 99
18 70 88
18 71 40
18 72 39
18 73 16
18 74 5
18 75 16
18 76 80
18 77 86
18 78 16
18 79 35
18 80 43
18 81 26
18 82 85
18 83 5
18 84 80
18 85 86
19 20 81
19 21 43
19 22 84
19 23 27
19 24 97
19 25 72
19 26 89
19 27 30
19 28 35
19 29 75
19 30 46
19 31 82
19 32 0
19 33 54
19 34 70
19 35 13
19 36 87
19 37 11
19 38 34
19 39 9
19 40 2
19 41 51
19 42 32
19 43 95
19 44 69
19 45 99
19 46 27
19 47 62
19 48 35
19 49 91
19 50 15
19 51 86
19 52 99
19 53 13
19 54 31
19 55 4
19 56 70
19 57 71
19 58 56
19 59 56
19 60 8
19 61 55
19 62 18
19 63 50
19 64 37
19 65 64
19 66 21
19 67 21
19 68 75
19 69 42
19 70 66
19 71 38
19 72 25
19 73 100
19 74 71
19 75 97
19 76 85
19 77 23
19 78 7
19 79 19
19 80 81
19 81 29
19 82 14
19 83 87
19 84 12
19 85 66
20 21 90
20 22 54
20 23 31
20 24 85
20 25 16
20 26 20
20 27 65
20 28 82
20 29 99
20 30 45
20 31 18
20 32 38
20 33 62
20 34 78
20 35 36
20 36 4
20 37 60
20 38 36
20 39 7
20 40 94
20 41 44
20 42 22
20 43 93
20 44 36
20 45 58
20 46 84
20 47 57
20 48 63
20 49 40
20 50 19
20 51 52
20 52 15
20 53 79
20 54 27
20 55 15
20 56 58
20 57 3
20 58 45
20 59 86
20 60 75
20 61 29
20 62 4
20 63 4
20 64 8
20 65 66
20 66 12
20 67 53
20 68 80
20 69 11
20 70 97
20 71 48
20 72 47
20 73 99
20 74 44
20 75 96
20 76 76
20 77 8
20 78 15
20 79 51
20 80 19
20 81 2
20 82 21
20 83 53
20 84 80
20 85 70
21 22 35
21 23 55
21 24 14
21 25 99
21 26 66
21 27 34
21 28 22
21 29 9
21 30 8
21 31 89
21 32 28
21 33 45
21 34 48
21 35 34
21 36 77
21 37 46
21 38 86
21 39 17
21 40 45
21 41 53
21 42 7
21 43 71
21 44 99
21 45 17
21 46 63
21 47 40
21 48 41
21 49 59
21 50 60
21 51 8
21 52 0
21 53 79
21 54 55
21 55 52
21 56 7
21 57 80
21 58 43
21 59 78
21 60 25
21 61 56
21 62 96
21 63 47
21 64 46
21 65 79
21 66 53
21 67 62
21 68 80
21 69 32
21 70 40
21 71 56
21 72 74
21 73 19
21 74 47
21 75 96
21 76 55
21 77 74
21 78 61
21 79 3
21 80 20
21 81 0
21 82 99
21 83 58
21 84 10
21 85 44
22 23 89
22 24 4
22 25 75
22 26 53
22 27 27
22 28 49
22 29 91
22 30 100
22 31 42
22 32 17
22 33 5
22 34 74
22 35 46
22 36 27
22 37 72
22 38 97
22 39 90
22 40 65
22 41 50
22 42 44
22 43 46
22 44 91
22 45 91
22 46 64
22 47 82
22 48 56
22 49 80
22 50 6
22 51 14
22 52 58
22 53 61
22 54 14
22 55 50
22 56 65
22 57 56
22 58 14
22 59 36
22 60 56
22 61 44
22 62 69
22 63 3
22 64 92
22 65 30
22 66 30
22 67 79
22 68 63
22 69 8
22 70 34
22 71 64
22 72 6
22 73 35
22 74 32
22 75 19
22 76 83
22 77 17
22 78 70
22 79 58
22 80 12
22 81 88
22 82 60
22 83 51
22 84 100
22 85 8
23 24 72
23 25 48
23 26 44
23 27 78
23 28 64
23 29 99
23 30 43
23 31 82
23 32 93
23 33 60
23 34 65
23 35 23
23 36 92
23 37 8
23 38 39
23 39 78
23 40 88
23 41 81
23 42 99
23 43 9
23 44 97
23 45 88
23 46 24
23 47 51
23 48 4
23 49 94
23 50 86
23 51 6
23 52 28
23 53 4
23 54 53
23 55 25
23 56 79
23 57 69
23 58 19
23 59 77
23 60 71
23 61 100
23 62 95
23 63 50
23 64 28
23 65 82
23 66 50
23 67 58
23 68 99
23 69 62
23 70 16
23 71 25
23 72 15
23 73 48
23 74 23
23 75 54
23 76 76
23 77 39
23 78 15
23 79 21
23 80 39
23 81 40
23 82 91
23 83 32
23 84 74
23 85 7
24 25 87
24 26 13
24 27 2
24 28 84
24 29 54
24 30 63
24 31 79
24 32 44
24 33 72
24 34 92
24 35 70
24 36 90
24 37 72
24 38 40
24 39 56
24 40 95
24 41 79
24 42 84
24 43 71
24 44 33
24 45 75
24 46 87
24 47 22
24 48 19
24 49 27
24 50 40
24 51 34
24 52 60
24 53 29
24 54 2
24 55 70
24 56 72
24 57 79
24 58 41
24 59 0
24 60 86
24 61 36
24 62 98
24 63 94
24 64 56
24 65 0
24 66 51
24 67 54
24 68 39
24 69 80
24 70 64
24 71 2
24 72 25
24 73 26
24 74 80
24 75 68
24 76 54
24 77 55
24 78 99
24 79 43
24 80 50
24 81 26
24 82 97
24 83 27
24 84 10
24 85 38
25 26 1
25 27 97
25 28 96
25 29 43
25 30 36
25 31 82
25 32 88
25 33 17
25 34 58
25 35 28
25 36 84
25 37 82
25 38 50
25 39 76
25 40 46
25 41 91
25 42 10
25 43 73
25 44 69
25 45 69
25 46 91
25 47 76
25 48 93
25 49 27
25 50 36
25 51 46
25 52 63
25 53 97
25 54 77
25 55 12
25 56 57
25 57 91
25 58 7
25 59 76
25 60 84
25 61 29
25 62 71
25 63 18
25 64 41
25 65 69
25 66 71
25 67 51
25 68 82
25 69 62
25 70 98
25 71 87
25 72 75
25 73 66
25 74 9
25 75 9
25 76 0
25 77 2
25 78 70
25 79 43
25 80 11
25 81 5
25 82 52
25 83 84
25 84 100
25 85 15
26 27 3
26 28 96
26 29 8
26 30 67
26 31 67
26 32 46
26 33 0
26 34 91
26 35 59
26 36 100
26 37 39
26 38 100
26 39 69
26 40 90
26 41 14
26 42 2
26 43 62
26 44 97
26 45 23
26 46 7
26 47 87
26 48 39
26 49 34
26 50 66
26 51 38
26 52 48
26 53 55
26 54 41
26 55 57
26 56 91
26 57 42
26 58 4
26 59 3
26 60 71
26 61 41
26 62 74
26 63 53
26 64 56
26 65 22
26 66 95
26 67 55
26 68 82
26 69 40
26 70 45
26 71 10
26 72 81
26 73 77
26 74 38
26 75 11
26 76 69
26 77 93
26 78 100
26 79 94
26 80 22
26 81 54
26 82 83
26 83 2
26 84 58
26 85 100
27 28 3
27 29 28
27 30 33
27 31 56
27 32 53
27 33 37
27 34 28
27 35 77
27 36 76
27 37 90
27 38 45
27 39 58
27 40 60
27 41 97
27 42 58
27 43 29
27 44 83
27 45 16
27 46 60
27 47 24
27 48 89
27 49 82
27 50 61
27 51 67
27 52 45
27 53 74
27 54 56
27 55 86
27 56 59
27 57 37
27 58 87
27 59 73
27 60 91
27 61 70
27 62 48
27 63 42
27 64 28
27 65 38
27 66 15
27 67 100
27 68 70
27 69 24
27 70 62
27 71 70
27 72 34
27 73 44
27 74 65
27 75 28
27 76 80
27 77 79
27 78 23
27 79 29
27 80 90
27 81 93
27 82 62
27 83 12
27 84 58
27 85 45
28 29 59
28 30 13
28 31 83
28 32 99
28 33 9
28 34 79
28 35 90
28 36 2
28 37 90
28 38 92
28 39 62
28 40 99
28 41 21
28 42 77
28 43 86
28 44 89
28 45 65
28 46 37
28 47 16
28 48 93
28 49 80
28 50 94
28 51 80
28 52 7
28 53 27
28 54 33
28 55 9
28 56 45
28 57 98
28 58 37
28 59 65
28 60 31
28 61 74
28 62 18
28 63 64
28 64 92
28 65 48
28 66 80
28 67 56
28 68 74
28 69 31
28 70 41
28 71 34
28 72 92
28 73 0
28 74 40
28 75 8
28 76 53
28 77 95
28 78 94
28 79 19
28 80 45
28 81 68
28 82 18
28 83 55
28 84 37
28 85 52
29 30 9
29 31 75
29 32 69
29 33 59
29 34 29
29 35 19
29 36 36
29 37 68
29 38 100
29 39 90
29 40 2
29 41 32
29 42 77
29 43 58
29 44 81
29 45 51
29 46 7
29 47 54
29 48 2
29 49 7
29 50 26
29 51 57
29 52 28
29 53 19
29 54 88
29 55 27
29 56 77
29 57 27
29 58 32
29 59 52
29 60 31
29 61 72
29 62 47
29 63 79
29 64 0
29 65 77
29 66 35
29 67 46
29 68 31
29 69 33
29 70 92
29 71 70
29 72 62
29 73 59
29 74 83
29 75 0
29 76 53
29 77 72
29 78 57
29 79 83
29 80 52
29 81 13
29 82 66
29 83 7
29 84 89
29 85 83
30 31 20
30 32 80
30 33 3
30 34 22
30 35 92
30 36 46
30 37 9
30 38 43
30 39 59
30 40 63
30 41 13
30 42 28
30 43 85
30 44 83
30 45 56
30 46 39
30 47 30
30 48 70
30 49 93
30 50 57
30 51 12
30 52 19
30 53 40
30 54 92
30 55 82
30 56 47
30 57 89
30 58 23
30 59 75
30 60 75
30 61 51
30 62 31
30 63 2
30 64 81
30 65 37
30 66 75
30 67 43
30 68 30
30 69 75
30 70 56
30 71 48
30 72 67
30 73 21
30 74 53
30 75 7
30 76 51
30 77 62
30 78 27
30 79 3
30 80 29
30 81 63
30 82 55
30 83 12
30 84 74
30 85 81
31 32 23
31 33 12
31 34 2
31 35 62
31 36 55
31 37 50
31 38 44
31 39 29
31 40 95
31 41 41
31 42 42
31 43 48
31 44 74
31 45 65
31 46 46
31 47 14
31 48 3
31 49 55
31 50 69
31 51 96
31 52 92
31 53 80
31 54 53
31 55 77
31 56 50
31 57 43
31 58 8
31 59 65
31 60 95
31 61 81
31 62 21
31 63 64
31 64 75
31 65 39
31 66 53
31 67 88
31 68 56
31 69 16
31 70 53
31 71 68
31 72 30
31 73 3
31 74 69
31 75 29
31 76 17
31 77 40
31 78 85
31 79 84
31 80 85
31 81 86
31 82 11
31 83 42
31 84 15
31 85 48
32 33 19
32 34 81
32 35 57
32 36 73
32 37 4
32 38 69
32 39 92
32 40 14
32 41 41
32 42 10
32 43 50
32 44 72
32 45 22
32 46 75
32 47 84
32 48 18
32 49 92
32 50 100
32 51 32
32 52 65
32 53 18
32 54 40
32 55 87
32 56 55
32 57 20
32 58 89
32 59 60
32 60 65
32 61 9
32 62 58
32 63 87
32 64 9
32 65 30
32 66 72
32 67 56
32 68 3
32 69 2
32 70 56
32 71 26
32 72 82
32 73 30
32 74 91
32 75 8
32 76 93
32 77 23
32 78 62
32 79 71
32 80 24
32 81 52
32 82 52
32 83 82
32 84 30
32 85 68
33 34 34
33 35 15
33 36 77
33 37 57
33 38 37
33 39 53
33 40 32
33 41 86
33 42 79
33 43 58
33 44 37
33 45 42
33 46 75
33 47 92
33 48 61
33 49 79
33 50 36
33 51 48
33 52 41
33 53 87
33 54 8
33 55 44
33 56 47
33 57 59
33 58 99
33 59 57
33 60 52
33 61 35
33 62 26
33 63 84
33 64 13
33 65 36
33 66 33
33 67 69
33 68 4
33 69 30
33 70 23
33 71 77
33 72 5
33 73 3
33 74 8
33 75 85
33 76 5
33 77 97
33 78 42
33 79 46
33 80 10
33 81 19
33 82 30
33 83 33
33 84 23
33 85 21
34 35 8
34 36 77
34 37 72
34 38 59
34 39 45
34 40 33
34 41 35
34 42 91
34 43 31
34 44 17
34 45 94
34 46 32
34 47 63
34 48 11
34 49 43
34 50 7
34 51 31
34 52 79
34 53 44
34 54 15
34 55 23
34 56 53
34 57 90
34 58 48
34 59 0
34 60 15
34 61 57
34 62 21
34 63 64
34 64 74
34 65 47
34 66 97
34 67 31
34 68 46
34 69 19
34 70 75
34 71 27
34 72 81
34 73 3
34 74 71
34 75 35
34 76 32
34 77 67
34 78 66
34 79 96
34 80 86
34 81 93
34 82 48
34 83 4
34 84 41
34 85 36
35 36 32
35 37 67
35 38 85
35 39 32
35 40 81
35 41 56
35 42 17
35 43 44
35 44 83
35 45 1
35 46 96
35 47 77
35 48 22
35 49 40
35 50 77
35 51 55
35 52 79
35 53 11
35 54 83
35 55 62
35 56 70
35 57 63
35 58 96
35 59 20
35 60 57
35 61 2
35 62 96
35 63 79
35 64 8
35 65 43
35 66 4
35 67 76
35 68 73
35 69 50
35 70 50
35 71 77
35 72 19
35 73 26
35 74 37
35 75 29
35 76 26
35 77 87
35 78 89
35 79 33
35 80 88
35 81 23
35 82 90
35 83 88
35 84 85
35 85 61
36 37 21
36 38 17
36 39 33
36 40 21
36 41 75
36 42 59
36 43 7
36 44 90
36 45 97
36 46 99
36 47 52
36 48 51
36 49 50
36 50 19
36 51 14
36 52 63
36 53 56
36 54 35
36 55 10
36 56 59
36 57 4
36 58 31
36 59 60
36 60 41
36 61 53
36 62 22
36 63 39
36 64 0
36 65 25
36 66 48
36 67 72
36 68 91
36 69 82
36 70 22
36 71 83
36 72 62
36 73 26
36 74 76
36 75 85
36 76 65
36 77 24
36 78 67
36 79 16
36 80 45
36 81 88
36 82 39
36 83 79
36 84 16
36 85 23
37 38 13
37 39 97
37 40 51
37 41 81
37 42 25
37 43 69
37 44 45
37 45 69
37 46 63
37 47 39
37 48 21
37 49 75
37 50 76
37 51 27
37 52 0
37 53 24
37 54 24
37 55 86
37 56 9
37 57 4
37 58 82
37 59 77
37 60 78
37 61 50
37 62 36
37 63 44
37 64 93
37 65 49
37 66 57
37 67 12
37 68 49
37 69 86
37 70 45
37 71 33
37 72 68
37 73 95
37 74 14
37 75 18
37 76 64
37 77 25
37 78 26
37 79 14
37 80 34
37 81 14
37 82 89
37 83 1
37 84 49
37 85 92
38 39 45
38 40 56
38 41 67
38 42 71
38 43 75
38 44 66
38 45 6
38 46 88
38 47 49
38 48 4
38 49 75
38 50 50
38 51 50
38 52 68
38 53 46
38 54 60
38 55 38
38 56 48
38 57 40
38 58 72
38 59 93
38 60 24
38 61 25
38 62 2
38 63 90
38 64 93
38 65 76
38 66 13
38 67 52
38 68 30
38 69 97
38 70 88
38 71 35
38 72 97
38 73 40
38 74 45
38 75 58
38 76 55
38 77 69
38 78 0
38 79 56
38 80 30
38 81 96
38 82 100
38 83 60
38 84 16
38 85 48
39 40 86
39 41 98
39 42 6
39 43 2
39 44 83
39 45 81
39 46 61
39 47 72
39 48 88
39 49 85
39 50 71
39 51 61
39 52 45
39 53 56
39 54 50
39 55 37
39 56 48
39 57 6
39 58 39
39 59 46
39 60 61
39 61 38
39 62 78
39 63 81
39 64 98
39 65 81
39 66 35
39 67 40
39 68 45
39 69 91
39 70 40
39 71 73
39 72 92
39 73 68
39 74 85
39 75 75
39 76 71
39 77 56
39 78 1
39 79 56
39 80 55
39 81 16
39 82 78
39 83 97
39 84 81
39 85 75
40 41 23
40 42 92
40 43 12
40 44 89
40 45 100
40 46 70
40 47 72
40 48 100
40 49 98
40 50 94
40 51 10
40 52 8
40 53 81
40 54 14
40 55 34
40 56 73
40 57 18
40 58 12
40 59 82
40 60 6
40 61 58
40 62 55
40 63 45
40 64 92
40 65 93
40 66 85
40 67 9
40 68 14
40 69 24
40 70 1
40 71 66
40 72 71
40 73 1
40 74 91
40 75 42
40 76 52
40 77 51
40 78 66
40 79 7
40 80 6
40 81 83
40 82 97
40 83 98
40 84 32
40 85 29
41 42 13
41 43 53
41 44 23
41 45 96
41 46 65
41 47 40
41 48 19
41 49 50
41 50 91
41 51 56
41 52 92
41 53 88
41 54 84
41 55 21
41 56 74
41 57 34
41 58 91
41 59 9
41 60 3
41 61 51
41 62 70
41 63 84
41 64 21
41 65 15
41 66 98
41 67 48
41 68 60
41 69 22
41 70 7
41 71 57
41 72 38
41 73 76
41 74 84
41 75 16
41 76 85
41 77 47
41 78 75
41 79 69
41 80 53
41 81 50
41 82 3
41 83 24
41 84 30
41 85 81
42 43 87
42 44 96
42 45 22
42 46 69
42 47 58
42 48 32
42 49 70
42 50 1
42 51 91
42 52 44
42 53 48
42 54 32
42 55 85
42 56 20
42 57 0
42 58 41
42 59 2
42 60 45
42 61 24
42 62 91
42 63 55
42 64 24
42 65 72
42 66 94
42 67 83
42 68 71
42 69 86
42 70 92
42 71 26
42 72 51
42 73 14
42 74 28
42 75 62
42 76 32
42 77 92
42 78 72
42 79 93
42 80 74
42 81 20
42 82 45
42 83 97
42 84 65
42 85 61
43 44 50
43 45 36
43 46 63
43 47 3
43 48 33
43 49 2
43 50 57
43 51 37
43 52 11
43 53 97
43 54 46
43 55 71
43 56 18
43 57 12
43 58 61
43 59 27
43 60 76
43 61 42
43 62 70
43 63 18
43 64 53
43 65 68
43 66 77
43 67 67
43 68 6
43 69 94
43 70 36
43 71 57
43 72 67
43 73 86
43 74 87
43 75 50
43 76 66
43 77 13
43 78 85
43 79 74
43 80 54
43 81 14
43 82 43
43 83 16
43 84 40
43 85 9
44 45 83
44 46 64
44 47 48
44 48 77
44 49 10
44 50 73
44 51 31
44 52 9
44 53 37
44 54 97
44 55 99
44 56 58
44 57 44
44 58 100
44 59 2
44 60 97
44 61 74
44 62 54
44 63 46
44 64 69
44 65 22
44 66 16
44 67 57
44 68 66
44 69 40
44 70 1
44 71 0
44 72 75
44 73 70
44 74 73
44 75 5
44 76 67
44 77 63
44 78 43
44 79 62
44 80 83
44 81 71
44 82 88
44 83 68
44 84 93
44 85 90
45 46 97
45 47 35
45 48 67
45 49 32
45 50 41
45 51 92
45 52 53
45 53 31
45 54 61
45 55 33
45 56 77
45 57 92
45 58 65
45 59 72
45 60 1
45 61 21
45 62 12
45 63 12
45 64 55
45 65 11
45 66 94
45 67 56
45 68 80
45 69 83
45 70 13
45 71 78
45 72 84
45 73 74
45 74 44
45 75 40
45 76 97
45 77 63
45 78 56
45 79 34
45 80 75
45 81 35
45 82 27
45 83 83
45 84 41
45 85 85
46 47 71
46 48 22
46 49 66
46 50 66
46 51 99
46 52 19
46 53 68
46 54 10
46 55 12
46 56 2
46 57 79
46 58 67
46 59 52
46 60 71
46 61 74
46 62 59
46 63 94
46 64 13
46 65 20
46 66 7
46 67 28
46 68 34
46 69 9
46 70 3
46 71 11
46 72 32
46 73 6
46 74 1
46 75 20
46 76 51
46 77 34
46 78 65
46 79 24
46 80 49
46 81 96
46 82 60
46 83 11
46 84 36
46 85 82
47 48 58
47 49 60
47 50 29
47 51 9
47 52 65
47 53 0
47 54 77
47 55 83
47 56 33
47 57 22
47 58 12
47 59 39
47 60 60
47 61 87
47 62 4
47 63 42
47 64 72
47 65 81
47 66 34
47 67 87
47 68 1
47 69 81
47 70 59
47 71 60
47 72 70
47 73 13
47 74 18
47 75 81
47 76 12
47 77 23
47 78 61
47 79 33
47 80 21
47 81 96
47 82 53
47 83 28
47 84 39
47 85 45
48 49 92
48 50 27
48 51 100
48 52 3
48 53 41
48 54 86
48 55 13
48 56 69
48 57 61
48 58 7
48 59 63
48 60 87
48 61 43
48 62 52
48 63 70
48 64 53
48 65 32
48 66 99
48 67 60
48 68 5
48 69 29
48 70 63
48 71 16
48 72 92
48 73 99
48 74 73
48 75 57
48 76 93
48 77 32
48 78 51
48 79 64
48 80 2
48 81 89
48 82 41
48 83 27
48 84 54
48 85 82
49 50 31
49 51 74
49 52 43
49 53 94
49 54 4
49 55 29
49 56 72
49 57 79
49 58 92
49 59 95
49 60 81
49 61 55
49 62 21
49 63 57
49 64 38
49 65 41
49 66 62
49 67 77
49 68 18
49 69 76
49 70 75
49 71 92
49 72 71
49 73 78
49 74 64
49 75 18
49 76 31
49 77 10
49 78 28
49 79 37
49 80 26
49 81 92
49 82 79
49 83 57
49 84 75
49 85 22
50 51 22
50 52 68
50 53 94
50 54 99
50 55 60
50 56 37
50 57 65
50 58 97
50 59 73
50 60 44
50 61 70
50 62 87
50 63 80
50 64 49
50 65 76
50 66 75
50 67 23
50 68 37
50 69 54
50 70 3
50 71 9
50 72 87
50 73 40
50 74 5
50 75 28
50 76 42
50 77 70
50 78 99
50 79 6
50 80 36
50 81 92
50 82 34
50 83 6
50 84 28
50 85 47
51 52 51
51 53 23
51 54 55
51 55 4
51 56 10
51 57 53
51 58 29
51 59 36
51 60 18
51 61 26
51 62 82
51 63 92
51 64 57
51 65 36
51 66 4
51 67 73
51 68 72
51 69 82
51 70 4
51 71 67
51 72 57
51 73 24
51 74 85
51 75 95
51 76 18
51 77 75
51 78 23
51 79 54
51 80 92
51 81 75
51 82 83
51 83 8
51 84 19
51 85 3
52 53 53
52 54 40
52 55 84
52 56 52
52 57 20
52 58 89
52 59 21
52 60 2
52 61 34
52 62 48
52 63 61
52 64 88
52 65 50
52 66 39
52 67 91
52 68 33
52 69 12
52 70 30
52 71 38
52 72 10
52 73 59
52 74 78
52 75 1
52 76 37
52 77 14
52 78 36
52 79 33
52 80 54
52 81 86
52 82 48
52 83 47
52 84 69
52 85 1
53 54 27
53 55 55
53 56 66
53 57 100
53 58 8
53 59 95
53 60 59
53 61 16
53 62 39
53 63 79
53 64 79
53 65 11
53 66 16
53 67 70
53 68 35
53 69 91
53 70 44
53 71 64
53 72 57
53 73 22
53 74 20
53 75 13
53 76 16
53 77 56
53 78 68
53 79 17
53 80 33
53 81 92
53 82 25
53 83 76
53 84 50
53 85 13
54 55 88
54 56 69
54 57 56
54 58 92
54 59 29
54 60 90
54 61 6
54 62 91
54 63 27
54 64 11
54 65 2
54 66 66
54 67 82
54 68 78
54 69 6
54 70 4
54 71 63
54 72 82
54 73 81
54 74 83
54 75 55
54 76 1
54 77 30
54 78 27
54 79 7
54 80 5
54 81 76
54 82 66
54 83 24
54 84 88
54 85 67
55 56 62
55 57 37
55 58 68
55 59 88
55 60 7
55 61 33
55 62 70
55 63 57
55 64 66
55 65 28
55 66 98
55 67 95
55 68 74
55 69 36
55 70 89
55 71 29
55 72 50
55 73 55
55 74 4
55 75 4
55 76 50
55 77 60
55 78 87
55 79 73
55 80 28
55 81 68
55 82 46
55 83 85
55 84 93
55 85 85
56 57 86
56 58 14
56 59 100
56 60 50
56 61 5
56 62 10
56 63 13
56 64 67
56 65 21
56 66 62
56 67 2
56 68 7
56 69 90
56 70 49
56 71 38
56 72 93
56 73 87
56 74 19
56 75 98
56 76 89
56 77 68
56 78 1
56 79 0
56 80 61
56 81 45
56 82 35
56 83 15
56 84 46
56 85 55
57 58 10
57 59 73
57 60 49
57 61 88
57 62 19
57 63 58
57 64 69
57 65 64
57 66 44
57 67 50
57 68 64
57 69 39
57 70 97
57 71 38
57 72 70
57 73 29
57 74 51
57 75 10
57 76 91
57 77 74
57 78 59
57 79 40
57 80 11
57 81 67
57 82 94
57 83 74
57 84 90
57 85 95
58 59 1
58 60 0
58 61 10
58 62 74
58 63 95
58 64 79
58 65 72
58 66 72
58 67 2
58 68 69
58 69 29
58 70 82
58 71 2
58 72 3
58 73 37
58 74 24
58 75 39
58 76 14
58 77 66
58 78 80
58 79 57
58 80 85
58 81 19
58 82 54
58 83 91
58 84 5
58 85 16
59 60 23
59 61 91
59 62 6
59 63 61
59 64 3
59 65 52
59 66 79
59 67 38
59 68 7
59 69 96
59 70 93
59 71 73
59 72 46
59 73 26
59 74 25
59 75 64
59 76 86
59 77 58
59 78 99
59 79 12
59 80 18
59 81 60
59 82 22
59 83 99
59 84 64
59 85 14
60 61 39
60 62 65
60 63 60
60 64 29
60 65 80
60 66 55
60 67 71
60 68 98
60 69 70
60 70 94
60 71 48
60 72 70
60 73 17
60 74 44
60 75 56
60 76 52
60 77 99
60 78 84
60 79 66
60 80 63
60 81 18
60 82 43
60 83 80
60 84 39
60 85 34
61 62 99
61 63 27
61 64 37
61 65 83
61 66 88
61 67 15
61 68 69
61 69 34
61 70 45
61 71 23
61 72 98
61 73 5
61 74 92
61 75 45
61 76 31
61 77 73
61 78 27
61 79 24
61 80 62
61 81 52
61 82 92
61 83 46
61 84 97
61 85 38
62 63 56
62 64 66
62 65 9
62 66 10
62 67 83
62 68 18
62 69 49
62 70 100
62 71 28
62 72 16
62 73 87
62 74 86
62 75 54
62 76 39
62 77 67
62 78 79
62 79 73
62 80 57
62 81 46
62 82 71
62 83 5
62 84 63
62 85 87
63 64 65
63 65 67
63 66 94
63 67 89
63 68 51
63 69 87
63 70 76
63 71 41
63 72 44
63 73 3
63 74 25
63 75 15
63 76 35
63 77 69
63 78 40
63 79 92
63 80 46
63 81 84
63 82 30
63 83 26
63 84 15
63 85 28
64 65 18
64 66 71
64 67 17
64 68 42
64 69 40
64 70 13
64 71 41
64 72 59
64 73 99
64 74 48
64 75 18
64 76 16
64 77 16
64 78 96
64 79 74
64 80 77
64 81 99
64 82 61
64 83 58
64 84 85
64 85 10
65 66 87
65 67 48
65 68 39
65 69 20
65 70 28
65 71 22
65 72 56
65 73 80
65 74 18
65 75 98
65 76 35
65 77 47
65 78 15
65 79 55
65 80 4
65 81 19
65 82 78
65 83 28
65 84 63
65 85 100
66 67 65
66 68 82
66 69 72
66 70 59
66 71 94
66 72 17
66 73 90
66 74 35
66 75 88
66 76 81
66 77 40
66 78 70
66 79 56
66 80 52
66 81 39
66 82 17
66 83 64
66 84 85
66 85 86
67 68 28
67 69 45
67 70 43
67 71 36
67 72 9
67 73 97
67 74 69
67 75 17
67 76 3
67 77 64
67 78 45
67 79 13
67 80 23
67 81 31
67 82 81
67 83 26
67 84 92
67 85 22
68 69 58
68 70 49
68 71 24
68 72 54
68 73 50
68 74 94
68 75 42
68 76 14
68 77 59
68 78 11
68 79 64
68 80 40
68 81 98
68 82 37
68 83 4
68 84 42
68 85 96
69 70 18
69 71 19
69 72 78
69 73 97
69 74 70
69 75 37
69 76 39
69 77 31
69 78 10
69 79 19
69 80 16
69 81 39
69 82 32
69 83 26
69 84 93
69 85 41
70 71 68
70 72 84
70 73 73
70 74 86
70 75 33
70 76 29
70 77 94
70 78 13
70 79 32
70 80 100
70 81 15
70 82 58
70 83 25
70 84 78
70 85 62
71 72 41
71 73 72
71 74 51
71 75 10
71 76 24
71 77 72
71 78 1
71 79 79
71 80 19
71 81 99
71 82 25
71 83 93
71 84 54
71 85 79
72 73 69
72 74 97
72 75 81
72 76 31
72 77 29
72 78 79
72 79 12
72 80 12
72 81 27
72 82 93
72 83 11
72 84 92
72 85 25
73 74 96
73 75 55
73 76 21
73 77 26
73 78 26
73 79 80
73 80 33
73 81 84
73 82 86
73 83 4
73 84 91
73 85 31
74 75 46
74 76 57
74 77 81
74 78 98
74 79 4
74 80 28
74 81 1
74 82 0
74 83 65
74 84 90
74 85 25
75 76 37
75 77 17
75 78 84
75 79 54
75 80 9
75 81 47
75 82 53
75 83 37
75 84 69
75 85 96
76 77 87
76 78 68
76 79 88
76 80 39
76 81 49
76 82 42
76 83 12
76 84 5
76 85 24
77 78 70
77 79 19
77 80 45
77 81 46
77 82 20
77 83 97
77 84 26
77 85 40
78 79 6
78 80 37
78 81 81
78 82 93
78 83 57
78 84 24
78 85 37
79 80 1
79 81 36
79 82 21
79 83 20
79 84 91
79 85 50
80 81 45
80 82 89
80 83 71
80 84 55
80 85 52
81 82 12
81 83 12
81 84 22
81 85 25
82 83 57
82 84 57
82 85 33
83 84 47
83 85 7
84 85 15
