50 25
0 1 68
0 2 3
0 3 83
0 4 53
0 5 58
0 6 68
0 7 46
0 8 53
0 9 67
0 10 83
0 11 84
0 12 99
0 13 49
0 14 49
0 15 66
0 16 21
0 17 28
0 18 4
0 19 2
0 20 74
0 21 84
0 22 16
0 23 77
0 24 43
0 25 41
0 26 66
0 27 8
0 28 29
0 29 65
0 30 33
0 31 91
0 32 77
0 33 38
0 34 56
0 35 30
0 36 77
0 37 57
0 38 22
0 39 55
0 40 27
0 41 15
0 42 76
0 43 21
0 44 91
0 45 23
0 46 65
0 47 86
0 48 1
0 49 76
1 2 36
1 3 60
1 4 38
1 5 34
1 6 90
1 7 100
1 8 49
1 9 61
1 10 20
1 11 23
1 12 72
1 13 83
1 14 72
1 15 25
1 16 68
1 17 36
1 18 48
1 19 24
1 20 7
1 21 8
1 22 39
1 23 61
1 24 63
1 25 28
1 26 45
1 27 25
1 28 34
1 29 68
1 30 37
1 31 14
1 32 26
1 33 87
1 34 51
1 35 100
1 36 73
1 37 48
1 38 28
1 39 42
1 40 58
1 41 37
1 42 50
1 43 14
1 44 69
1 45 28
1 46 92
1 47 10
1 48 46
1 49 90
2 3 56
2 4 91
2 5 44
2 6 100
2 7 74
2 8 38
2 9 77
2 10 39
2 11 61
2 12 9
2 13 20
2 14 52
2 15 31
2 16 67
2 17 1
2 18 30
2 19 14
2 20 72
2 21 60
2 22 56
2 23 93
2 24 47
2 25 96
2 26 98
2 27 51
2 28 64
2 29 87
2 30 60
2 31 68
2 32 29
2 33 28
2 34 72
2 35 72
2 36 0
2 37 77
2 38 14
2 39 3
2 40 58
2 41 89
2 42 81
2 43 82
2 44 16
2 45 46
2 46 36
2 47 33
2 48 24
2 49 89
3 4 19
3 5 84
3 6 54
3 7 24
3 8 17
3 9 66
3 10 21
3 11 73
3 12 60
3 13 25
3 14 100
3 15 96
3 16 13
3 17 98
3 18 56
3 19 55
3 20 4
3 21 72
3 22 100
3 23 42
3 24 92
3 25 84
3 26 57
3 27 90
3 28 63
3 29 54
3 30 32
3 31 68
3 32 99
3 33 34
3 34 83
3 35 100
3 36 7
3 37 89
3 38 71
3 39 82
3 40 55
3 41 85
3 42 60
3 43 24
3 44 90
3 45 33
3 46 90
3 47 29
3 48 94
3 49 54
4 5 56
4 6 83
4 7 39
4 8 14
4 9 53
4 10 16
4 11 78
4 12 26
4 13 39
4 14 24
4 15 51
4 16 22
4 17 84
4 18 10
4 19 93
4 20 67
4 21 56
4 22 98
4 23 26
4 24 17
4 25 87
4 26 82
4 27 34
4 28 28
4 29 16
4 30 11
4 31 11
4 32 67
4 33 64
4 34 38
4 35 100
4 36 89
4 37 27
4 38 53
4 39 34
4 40 91
4 41 53
4 42 82
4 43 57
4 44 29
4 45 67
4 46 63
4 47 24
4 48 72
4 49 79
5 6 90
5 7 0
5 8 47
5 9 11
5 10 72
5 11 36
5 12 3
5 13 34
5 14 23
5 15 77
5 16 5
5 17 63
5 18 43
5 19 65
5 20 35
5 21 18
5 22 90
5 23 6
5 24 40
5 25 34
5 26 23
5 27 99
5 28 59
5 29 37
5 30 1
5 31 14
5 32 83
5 33 6
5 34 65
5 35 62
5 36 100
5 37 89
5 38 26
5 39 17
5 40 64
5 41 33
5 42 91
5 43 100
5 44 3
5 45 29
5 46 60
5 47 14
5 48 83
5 49 63
6 7 50
6 8 65
6 9 66
6 10 3
6 11 66
6 12 46
6 13 93
6 14 32
6 15 82
6 16 91
6 17 96
6 18 67
6 19 73
6 20 12
6 21 64
6 22 57
6 23 50
6 24 92
6 25 97
6 26 68
6 27 7
6 28 80
6 29 58
6 30 17
6 31 80
6 32 92
6 33 82
6 34 41
6 35 62
6 36 2
6 37 54
6 38 91
6 39 20
6 40 9
6 41 99
6 42 49
6 43 90
6 44 81
6 45 86
6 46 33
6 47 47
6 48 60
6 49 73
7 8 76
7 9 87
7 10 88
7 11 1
7 12 7
7 13 95
7 14 58
7 15 85
7 16 99
7 17 63
7 18 14
7 19 90
7 20 7
7 21 53
7 22 96
7 23 83
7 24 72
7 25 14
7 26 10
7 27 48
7 28 84
7 29 81
7 30 29
7 31 62
7 32 65
7 33 23
7 34 41
7 35 70
7 36 27
7 37 94
7 38 68
7 39 68
7 40 64
7 41 42
7 42 82
7 43 57
7 44 96
7 45 44
7 46 40
7 47 47
7 48 98
7 49 17
8 9 78
8 10 21
8 11 95
8 12 26
8 13 40
8 14 97
8 15 39
8 16 12
8 17 9
8 18 76
8 19 4
8 20 49
8 21 70
8 22 4
8 23 57
8 24 6
8 25 35
8 26 35
8 27 36
8 28 60
8 29 66
8 30 15
8 31 84
8 32 81
8 33 24
8 34 9
8 35 35
8 36 45
8 37 30
8 38 90
8 39 8
8 40 48
8 41 13
8 42 14
8 43 45
8 44 42
8 45 92
8 46 89
8 47 17
8 48 43
8 49 1
9 10 94
9 11 38
9 12 74
9 13 39
9 14 97
9 15 14
9 16 5
9 17 52
9 18 54
9 19 12
9 20 51
9 21 20
9 22 56
9 23 62
9 24 13
9 25 52
9 26 42
9 27 38
9 28 37
9 29 39
9 30 2
9 31 33
9 32 25
9 33 27
9 34 60
9 35 85
9 36 99
9 37 0
9 38 94
9 39 76
9 40 100
9 41 3
9 42 57
9 43 68
9 44 66
9 45 29
9 46 74
9 47 60
9 48 96
9 49 42
10 11 3
10 12 72
10 13 38
10 14 6
10 15 21
10 16 85
10 17 96
10 18 37
10 19 6
10 20 98
10 21 76
10 22 3
10 23 92
10 24 30
10 25 77
10 26 62
10 27 34
10 28 68
10 29 80
10 30 27
10 31 5
10 32 11
10 33 72
10 34 68
10 35 7
10 36 84
10 37 97
10 38 49
10 39 47
10 40 25
10 41 72
10 42 9
10 43 92
10 44 91
10 45 32
10 46 3
10 47 9
10 48 95
10 49 1
11 12 68
11 13 90
11 14 16
11 15 3
11 16 10
11 17 71
11 18 27
11 19 61
11 20 58
11 21 70
11 22 41
11 23 72
11 24 73
11 25 54
11 26 80
11 27 95
11 28 0
11 29 57
11 30 2
11 31 93
11 32 67
11 33 72
11 34 21
11 35 10
11 36 100
11 37 40
11 38 35
11 39 80
11 40 29
11 41 37
11 42 8
11 43 26
11 44 92
11 45 85
11 46 64
11 47 15
11 48 100
11 49 55
12 13 89
12 14 62
12 15 66
12 16 84
12 17 84
12 18 46
12 19 72
12 20 61
12 21 35
12 22 77
12 23 86
12 24 64
12 25 48
12 26 14
12 27 94
12 28 92
12 29 49
12 30 19
12 31 73
12 32 63
12 33 72
12 34 28
12 35 84
12 36 50
12 37 60
12 38 12
12 39 56
12 40 40
12 41 40
12 42 49
12 43 43
12 44 32
12 45 34
12 46 51
12 47 90
12 48 49
12 49 39
13 14 13
13 15 21
13 16 39
13 17 6
13 18 2
13 19 34
13 20 81
13 21 13
13 22 25
13 23 32
13 24 93
13 25 79
13 26 81
13 27 11
13 28 9
13 29 42
13 30 79
13 31 33
13 32 50
13 33 66
13 34 92
13 35 12
13 36 86
13 37 90
13 38 18
13 39 15
13 40 24
13 41 8
13 42 76
13 43 4
13 44 26
13 45 53
13 46 62
13 47 61
13 48 31
13 49 33
14 15 12
14 16 13
14 17 95
14 18 43
14 19 38
14 20 60
14 21 31
14 22 92
14 23 46
14 24 63
14 25 22
14 26 75
14 27 55
14 28 3
14 29 98
14 30 86
14 31 32
14 32 5
14 33 80
14 34 9
14 35 59
14 36 30
14 37 84
14 38 39
14 39 1
14 40 4
14 41 7
14 42 69
14 43 95
14 44 29
14 45 80
14 46 24
14 47 88
14 48 2
14 49 82
15 16 53
15 17 44
15 18 14
15 19 83
15 20 59
15 21 74
15 22 29
15 23 81
15 24 8
15 25 28
15 26 46
15 27 79
15 28 34
15 29 24
15 30 71
15 31 26
15 32 43
15 33 65
15 34 66
15 35 55
15 36 43
15 37 89
15 38 2
15 39 15
15 40 16
15 41 39
15 42 74
15 43 39
15 44 6
15 45 41
15 46 48
15 47 14
15 48 32
15 49 12
16 17 82
16 18 81
16 19 37
16 20 93
16 21 97
16 22 33
16 23 65
16 24 44
16 25 9
16 26 26
16 27 40
16 28 0
16 29 13
16 30 19
16 31 68
16 32 13
16 33 44
16 34 41
16 35 22
16 36 42
16 37 75
16 38 85
16 39 39
16 40 86
16 41 11
16 42 75
16 43 50
16 44 88
16 45 9
16 46 19
16 47 100
16 48 66
16 49 16
17 18 15
17 19 33
17 20 12
17 21 88
17 22 25
17 23 1
17 24 16
17 25 84
17 26 57
17 27 87
17 28 39
17 29 80
17 30 80
17 31 28
17 32 11
17 33 20
17 34 85
17 35 33
17 36 18
17 37 97
17 38 8
17 39 9
17 40 72
17 41 82
17 42 83
17 43 95
17 44 37
17 45 46
17 46 4
17 47 24
17 48 50
17 49 2
18 19 80
18 20 41
18 21 60
18 22 59
18 23 29
18 24 38
18 25 86
18 26 39
18 27 76
18 28 13
18 29 12
18 30 56
18 31 15
18 32 62
18 33 19
18 34 82
18 35 31
18 36 100
18 37 41
18 38 68
18 39 62
18 40 85
18 41 20
18 42 71
18 43 31
18 44 10
18 45 74
18 46 15
18 47 94
18 48 31
18 49 29
19 20 2
19 21 95
19 22 61
19 23 16
19 24 89
19 25 64
19 26 29
19 27 80
19 28 50
19 29 9
19 30 62
19 31 50
19 32 37
19 33 93
19 34 13
19 35 33
19 36 73
19 37 35
19 38 84
19 39 52
19 40 11
19 41 50
19 42 57
19 43 22
19 44 91
19 45 62
19 46 44
19 47 5
19 48 67
19 49 63
20 21 6
20 22 51
20 23 40
20 24 9
20 25 4
20 26 16
20 27 44
20 28 14
20 29 2
20 30 87
20 31 43
20 32 12
20 33 21
20 34 36
20 35 36
20 36 79
20 37 28
20 38 66
20 39 76
20 40 80
20 41 94
20 42 65
20 43 6
20 44 69
20 45 30
20 46 60
20 47 86
20 48 85
20 49 90
21 22 8
21 23 83
21 24 31
21 25 60
21 26 35
21 27 62
21 28 49
21 29 71
21 30 18
21 31 95
21 32 95
21 33 94
21 34 62
21 35 0
21 36 7
21 37 76
21 38 31
21 39 2
21 40 11
21 41 21
21 42 87
21 43 63
21 44 45
21 45 86
21 46 81
21 47 60
21 48 29
21 49 5
22 23 62
22 24 50
22 25 16
22 26 15
22 27 30
22 28 37
22 29 64
22 30 91
22 31 57
22 32 75
22 33 94
22 34 40
22 35 27
22 36 50
22 37 44
22 38 14
22 39 75
22 40 88
22 41 4
22 42 68
22 43 99
22 44 25
22 45 43
22 46 16
22 47 45
22 48 45
22 49 89
23 24 42
23 25 73
23 26 13
23 27 79
23 28 56
23 29 76
23 30 3
23 31 33
23 32 80
23 33 81
23 34 89
23 35 96
23 36 41
23 37 29
23 38 83
23 39 34
23 40 99
23 41 78
23 42 21
23 43 23
23 44 38
23 45 21
23 46 30
23 47 40
23 48 51
23 49 42
24 25 42
24 26 37
24 27 100
24 28 13
24 29 51
24 30 91
24 31 71
24 32 73
24 33 77
24 34 7
24 35 37
24 36 58
24 37 30
24 38 42
24 39 47
24 40 33
24 41 18
24 42 20
24 43 89
24 44 56
24 45 78
24 46 10
24 47 30
24 48 72
24 49 96
25 26 77
25 27 87
25 28 77
25 29 21
25 30 26
25 31 18
25 32 19
25 33 24
25 34 70
25 35 68
25 36 10
25 37 64
25 38 61
25 39 31
25 40 8
25 41 55
25 42 9
25 43 14
25 44 27
25 45 10
25 46 81
25 47 9
25 48 32
25 49 56
26 27 27
26 28 37
26 29 84
26 30 31
26 31 55
26 32 42
26 33 74
26 34 50
26 35 12
26 36 94
26 37 96
26 38 75
26 39 96
26 40 36
26 41 93
26 42 32
26 43 70
26 44 30
26 45 58
26 46 86
26 47 17
26 48 9
26 49 18
27 28 20
27 29 4
27 30 16
27 31 97
27 32 46
27 33 55
27 34 43
27 35 66
27 36 71
27 37 51
27 38 63
27 39 21
27 40 54
27 41 27
27 42 35
27 43 66
27 44 71
27 45 41
27 46 35
27 47 77
27 48 87
27 49 85
28 29 47
28 30 18
28 31 81
28 32 22
28 33 42
28 34 78
28 35 100
28 36 74
28 37 39
28 38 53
28 39 68
28 40 30
28 41 48
28 42 57
28 43 24
28 44 83
28 45 74
28 46 21
28 47 94
28 48 97
28 49 29
29 30 2
29 31 60
29 32 97
29 33 84
29 34 5
29 35 92
29 36 39
29 37 22
29 38 87
29 39 84
29 40 15
29 41 4
29 42 63
29 43 79
29 44 65
29 45 63
29 46 14
29 47 56
29 48 94
29 49 29
30 31 61
30 32 100
30 33 35
30 34 42
30 35 1
30 36 86
30 37 74
30 38 28
30 39 36
30 40 78
30 41 55
30 42 1
30 43 78
30 44 28
30 45 3
30 46 1
30 47 52
30 48 90
30 49 25
31 32 20
31 33 73
31 34 16
31 35 39
31 36 93
31 37 66
31 38 71
31 39 45
31 40 53
31 41 59
31 42 1
31 43 43
31 44 85
31 45 57
31 46 65
31 47 94
31 48 4
31 49 21
32 33 45
32 34 56
32 35 76
32 36 47
32 37 37
32 38 75
32 39 65
32 40 12
32 41 51
32 42 95
32 43 8
32 44 79
32 45 86
32 46 86
32 47 83
32 48 9
32 49 60
33 34 46
33 35 57
33 36 81
33 37 39
33 38 65
33 39 91
33 40 1
33 41 36
33 42 9
33 43 78
33 44 10
33 45 61
33 46 49
33 47 54
33 48 63
33 49 99
34 35 31
34 36 48
34 37 13
34 38 83
34 39 1
34 40 2
34 41 9
34 42 50
34 43 33
34 44 22
34 45 69
34 46 7
34 47 13
34 48 97
34 49 14
35 36 62
35 37 41
35 38 59
35 39 27
35 40 91
35 41 25
35 42 63
35 43 77
35 44 86
35 45 7
35 46 75
35 47 51
35 48 18
35 49 64
36 37 40
36 38 71
36 39 46
36 40 14
36 41 36
36 42 14
36 43 81
36 44 47
36 45 0
36 46 12
36 47 10
36 48 96
36 49 67
37 38 86
37 39 35
37 40 68
37 41 61
37 42 97
37 43 10
37 44 17
37 45 57
37 46 51
37 47 61
37 48 93
37 49 39
38 39 66
38 40 1
38 41 49
38 42 11
38 43 96
38 44 97
38 45 22
38 46 14
38 47 47
38 48 67
38 49 69
39 40 81
39 41 8
39 42 78
39 43 29
39 44 37
39 45 67
39 46 89
39 47 83
39 48 42
39 49 65
40 41 55
40 42 32
40 43 99
40 44 63
40 45 99
40 46 9
40 47 82
40 48 58
40 49 60
41 42 85
41 43 16
41 44 87
41 45 95
41 46 91
41 47 37
41 48 0
41 49 22
42 43 2
42 44 35
42 45 30
42 46 51
42 47 8
42 48 19
42 49 6
43 44 42
43 45 78
43 46 90
43 47 17
43 48 87
43 49 16
44 45 44
44 46 30
44 47 25
44 48 4
44 49 48
45 46 69
45 47 6
45 48 73
45 49 57
46 47 22
46 48 91
46 49 95
47 48 33
47 49 3
48 49 20
